0 0.136979 0.200463 0.027083 0.039815
0 0.010417 0.127778 0.012500 0.037037
0 0.046354 0.256944 0.012500 0.039815
0 0.608073 0.971296 0.035937 0.051852
0 0.442969 0.593981 0.011979 0.052778
0 0.424479 0.848148 0.013542 0.057407
0 0.737760 0.573148 0.025521 0.020370
0 0.466927 0.127315 0.010937 0.052778
0 0.469271 0.054630 0.010417 0.053704
0 0.057552 0.106944 0.014063 0.052778
0 0.742969 0.500926 0.026562 0.022222
0 0.869010 0.474074 0.025521 0.018519
0 0.851042 0.440278 0.026042 0.019444
0 0.741927 0.468056 0.025521 0.023148
0 0.809896 0.438426 0.023958 0.019444
0 0.781510 0.468519 0.024479 0.022222
0 0.916406 0.473148 0.029687 0.018519
0 0.895052 0.438889 0.027604 0.018519
0 0.821615 0.469907 0.026562 0.019444
0 0.782031 0.503241 0.022396 0.023148
0 0.266927 0.643519 0.023438 0.020370
0 0.833073 0.502778 0.027604 0.020370
0 0.941927 0.438889 0.026562 0.020370
0 0.876563 0.509722 0.030208 0.021296
0 0.221615 0.642593 0.027604 0.024074
0 0.732292 0.535185 0.025000 0.020370
0 0.014844 0.244907 0.019271 0.056481
0 0.255990 0.607407 0.025521 0.024074
0 0.984375 0.438426 0.027083 0.019444
0 0.180990 0.639815 0.019271 0.024074
0 0.217969 0.603241 0.027604 0.023148
0 0.042708 0.110185 0.010417 0.048148
0 0.917448 0.510185 0.027604 0.022222
0 0.957552 0.475000 0.026562 0.018519
0 0.142969 0.637963 0.024479 0.024074
0 0.769271 0.537037 0.023958 0.020370
0 0.257292 0.676852 0.023958 0.020370
0 0.219010 0.672222 0.027604 0.022222
0 0.097917 0.635648 0.027083 0.021296
0 0.956250 0.511574 0.028125 0.021296
0 0.056510 0.635648 0.027604 0.021296
0 0.127865 0.602778 0.028646 0.022222
0 0.159115 0.672222 0.027604 0.022222
0 0.989062 0.475926 0.018750 0.025926
0 0.081250 0.602778 0.028125 0.022222
0 0.807552 0.543056 0.025521 0.023148
0 0.990885 0.513889 0.017188 0.022222
0 0.012240 0.631481 0.024479 0.022222
0 0.116927 0.671296 0.028646 0.024074
0 0.776563 0.575926 0.022917 0.020370
0 0.003646 0.598611 0.007292 0.021296
0 0.842969 0.541667 0.023438 0.018519
0 0.817969 0.577315 0.025521 0.023148
0 0.522396 0.114352 0.011458 0.043519
0 0.259115 0.572685 0.023438 0.019444
0 0.265625 0.532870 0.023958 0.019444
0 0.533594 0.256944 0.022396 0.058333
0 0.426563 0.663889 0.011458 0.055556
0 0.224479 0.569907 0.023958 0.021296
0 0.447135 0.023611 0.010937 0.047222
0 0.854427 0.578704 0.026562 0.022222
0 0.741146 0.431481 0.045833 0.022222
0 0.501302 0.149074 0.010937 0.050000
0 0.892708 0.581019 0.028125 0.021296
0 0.013021 0.408333 0.026042 0.024074
0 0.507031 0.364352 0.011979 0.050926
0 0.444531 0.440741 0.011979 0.051852
0 0.481250 0.366667 0.012500 0.055556
0 0.171354 0.603704 0.030208 0.025926
0 0.277083 0.712037 0.025000 0.018519
0 0.184635 0.569444 0.026562 0.022222
0 0.482031 0.563889 0.013021 0.053704
0 0.038802 0.601852 0.025521 0.018519
0 0.503125 0.526852 0.014583 0.061111
0 0.518490 0.925926 0.020313 0.066667
0 0.093229 0.525463 0.029167 0.026852
0 0.427083 0.404167 0.011458 0.054630
0 0.528646 0.693519 0.012500 0.053704
0 0.483073 0.704167 0.010937 0.047222
0 0.941927 0.581944 0.027604 0.021296
0 0.446094 0.230556 0.010937 0.051852
0 0.869792 0.393981 0.028125 0.019444
0 0.188542 0.226389 0.012500 0.054630
0 0.111979 0.463889 0.014583 0.051852
0 0.052083 0.707870 0.027083 0.023148
0 0.484896 0.922222 0.015625 0.051852
0 0.973437 0.400463 0.022917 0.019444
0 0.509896 0.750463 0.016667 0.025000
