0 0.183854 0.238426 0.011458 0.050926
0 0.105990 0.271296 0.011979 0.053704
0 0.730729 0.570833 0.025000 0.021296
0 0.715104 0.463426 0.023958 0.021296
0 0.714844 0.430556 0.025521 0.020370
0 0.763281 0.426389 0.026562 0.023148
0 0.770312 0.463426 0.026042 0.023148
0 0.820052 0.429167 0.025521 0.021296
0 0.808594 0.462500 0.026562 0.023148
0 0.848698 0.462963 0.028646 0.022222
0 0.722396 0.497222 0.025000 0.020370
0 0.863802 0.427315 0.025521 0.021296
0 0.775000 0.499537 0.029167 0.023148
0 0.909635 0.430556 0.027604 0.024074
0 0.892969 0.466204 0.028646 0.021296
0 0.708333 0.532407 0.028125 0.022222
0 0.282813 0.652778 0.027083 0.020370
0 0.932292 0.463426 0.026042 0.023148
0 0.951042 0.432870 0.023958 0.021296
0 0.270573 0.618056 0.027604 0.021296
0 0.225521 0.650926 0.027083 0.020370
0 0.286198 0.685185 0.026562 0.020370
0 0.207552 0.618056 0.029687 0.021296
0 0.244010 0.684722 0.026562 0.019444
0 0.976042 0.463889 0.029167 0.024074
0 0.818490 0.498148 0.026562 0.024074
0 0.774479 0.533333 0.026042 0.022222
0 0.119531 0.651389 0.025521 0.021296
0 0.168229 0.653704 0.027083 0.022222
0 0.116927 0.618519 0.031771 0.022222
0 0.156771 0.618056 0.031250 0.021296
0 0.195833 0.689815 0.028125 0.022222
0 0.081510 0.615741 0.025521 0.022222
0 0.986979 0.431944 0.021875 0.019444
0 0.858854 0.500000 0.036458 0.025926
0 0.082552 0.650926 0.028646 0.020370
0 0.150260 0.686574 0.027604 0.021296
0 0.903646 0.499537 0.030208 0.025000
0 0.045573 0.616204 0.024479 0.023148
0 0.108594 0.687037 0.027604 0.022222
0 0.036719 0.654167 0.027604 0.025000
0 0.820052 0.533796 0.027604 0.021296
0 0.948958 0.500000 0.033333 0.025926
0 0.768229 0.570833 0.026042 0.021296
0 0.068750 0.686111 0.026042 0.020370
0 0.002344 0.650926 0.004687 0.022222
0 0.984375 0.500926 0.027083 0.024074
0 0.027865 0.686574 0.027604 0.021296
0 0.258073 0.583796 0.027604 0.021296
0 0.807292 0.568056 0.027083 0.023148
0 0.209635 0.581019 0.026562 0.021296
0 0.846875 0.568056 0.025000 0.019444
0 0.238542 0.547222 0.025000 0.018519
0 0.869792 0.534259 0.031250 0.024074
0 0.890104 0.574537 0.028125 0.021296
0 0.927865 0.571759 0.027604 0.025000
0 0.014063 0.616204 0.023958 0.021296
0 0.164062 0.581481 0.027083 0.020370
0 0.915885 0.537037 0.028646 0.024074
0 0.200260 0.548148 0.024479 0.020370
0 0.969010 0.532870 0.028646 0.023148
0 0.996615 0.533796 0.006771 0.021296
0 0.442969 0.068056 0.011979 0.050926
0 0.966667 0.574074 0.022917 0.022222
0 0.426823 0.152315 0.010937 0.049074
0 0.442188 0.145370 0.013542 0.050000
0 0.424219 0.080556 0.011979 0.048148
0 0.162240 0.550000 0.026562 0.022222
0 0.122656 0.581944 0.027604 0.021296
0 0.117448 0.546296 0.025521 0.020370
0 0.159896 0.395833 0.025000 0.019444
0 0.858073 0.653241 0.028646 0.021296
0 0.078906 0.549074 0.024479 0.020370
0 0.087240 0.394907 0.026562 0.019444
0 0.196354 0.471759 0.028125 0.023148
0 0.686719 0.626389 0.022396 0.028704
0 0.345573 0.539815 0.026562 0.040741
0 0.025521 0.543981 0.028125 0.021296
0 0.080469 0.583796 0.026562 0.021296
1 0.871094 0.389815 0.068229 0.029630
0 0.406771 0.027315 0.016667 0.052778
