0 0.133594 0.184259 0.016146 0.053704
0 0.010156 0.123148 0.013021 0.038889
0 0.045573 0.250463 0.013021 0.041667
0 0.735417 0.569907 0.028125 0.023148
0 0.919271 0.663426 0.027083 0.021296
0 0.864844 0.623611 0.028646 0.021296
0 0.741667 0.498611 0.029167 0.025000
0 0.892708 0.436574 0.033333 0.026852
0 0.846875 0.438426 0.028125 0.021296
0 0.740625 0.464815 0.028125 0.024074
0 0.807813 0.436111 0.025000 0.020370
0 0.780208 0.466667 0.026042 0.025926
0 0.915104 0.471296 0.032292 0.025926
0 0.819792 0.468981 0.028125 0.023148
0 0.780469 0.500463 0.026562 0.028704
0 0.265625 0.637963 0.025000 0.020370
0 0.830729 0.501389 0.031250 0.026852
0 0.939583 0.437037 0.030208 0.025926
0 0.866146 0.473611 0.034375 0.026852
0 0.221354 0.635648 0.027083 0.023148
0 0.730208 0.531481 0.026042 0.020370
0 0.014063 0.238426 0.018750 0.054630
0 0.255469 0.602315 0.024479 0.023148
0 0.981771 0.437500 0.035417 0.026852
0 0.181250 0.632870 0.019792 0.023148
0 0.217448 0.597222 0.028646 0.022222
0 0.915365 0.507870 0.027604 0.025000
0 0.953906 0.473148 0.030729 0.025926
0 0.142708 0.632407 0.026042 0.022222
0 0.767188 0.534722 0.027083 0.023148
0 0.256771 0.671296 0.025000 0.018519
0 0.219271 0.667593 0.027083 0.020370
0 0.098698 0.629167 0.025521 0.021296
0 0.953385 0.509259 0.028646 0.024074
0 0.055990 0.627315 0.026562 0.021296
0 0.127604 0.597685 0.028125 0.023148
0 0.159115 0.668519 0.027604 0.022222
0 0.081771 0.595833 0.028125 0.021296
0 0.805208 0.538889 0.027083 0.024074
0 0.880729 0.541667 0.028125 0.024074
0 0.012500 0.625000 0.025000 0.020370
0 0.117448 0.665741 0.026562 0.024074
0 0.774479 0.574074 0.023958 0.022222
0 0.840625 0.539815 0.027083 0.020370
0 0.815625 0.575463 0.031250 0.025000
0 0.258854 0.568056 0.026042 0.019444
0 0.265365 0.527778 0.027604 0.022222
0 0.224219 0.563889 0.024479 0.020370
0 0.852083 0.576389 0.026042 0.021296
0 0.145573 0.559259 0.024479 0.020370
0 0.890885 0.577778 0.026562 0.022222
0 0.170052 0.598611 0.027604 0.025000
0 0.184635 0.564352 0.025521 0.023148
0 0.038021 0.594444 0.029167 0.018519
0 0.927344 0.579167 0.028646 0.023148
0 0.965885 0.580093 0.024479 0.021296
0 0.873698 0.507407 0.034896 0.025926
0 0.227344 0.526852 0.027604 0.024074
0 0.925260 0.540278 0.026562 0.025000
0 0.968490 0.543519 0.030729 0.025926
0 0.996094 0.545370 0.006771 0.020370
0 0.606771 0.968981 0.034375 0.054630
0 0.509375 0.744907 0.013542 0.026852
0 0.058333 0.099537 0.013542 0.054630
0 0.430208 0.141204 0.011458 0.049074
0 0.447135 0.137963 0.009896 0.046296
0 0.430208 0.053241 0.012500 0.047222
0 0.449479 0.069444 0.011458 0.057407
0 0.419531 0.968056 0.013021 0.054630
0 0.183073 0.526852 0.033854 0.024074
0 0.417708 0.826852 0.017708 0.046296
0 0.207552 0.422685 0.023438 0.023148
0 0.133594 0.243519 0.013021 0.042593
0 0.105990 0.558796 0.025521 0.021296
0 0.273958 0.465741 0.026042 0.027778
0 0.345573 0.529167 0.025521 0.047222
0 0.537240 0.468519 0.024479 0.050000
0 0.688542 0.390741 0.025000 0.020370
0 0.738542 0.394444 0.025000 0.022222
0 0.491146 0.406944 0.018750 0.052778
0 0.163281 0.704630 0.029687 0.024074
0 0.412240 0.195370 0.010937 0.055556
0 0.473958 0.319444 0.012500 0.050000
0 0.452865 0.922685 0.013021 0.050926
0 0.696354 0.637963 0.029167 0.024074
