0 0.110937 0.253704 0.012500 0.050000
0 0.010937 0.127315 0.013542 0.036111
0 0.045312 0.256944 0.012500 0.043519
0 0.147135 0.253241 0.027604 0.034259
0 0.264583 0.538426 0.025000 0.021296
0 0.774479 0.580556 0.026042 0.020370
0 0.739844 0.578241 0.026562 0.021296
0 0.255729 0.571759 0.023958 0.021296
0 0.810937 0.580093 0.028125 0.021296
0 0.220312 0.574537 0.027083 0.023148
0 0.849219 0.584722 0.027604 0.021296
0 0.885938 0.582870 0.028125 0.023148
0 0.923698 0.584722 0.025521 0.019444
0 0.218229 0.536111 0.022917 0.018519
0 0.961458 0.586574 0.028125 0.023148
0 0.168229 0.569907 0.027083 0.025000
0 0.448177 0.146296 0.016146 0.057407
0 0.429427 0.145370 0.010937 0.053704
0 0.449479 0.075000 0.011458 0.057407
0 0.432292 0.066204 0.012500 0.052778
0 0.993229 0.585648 0.013542 0.023148
0 0.179167 0.531481 0.025000 0.018519
0 0.467448 0.128241 0.010937 0.050926
0 0.470573 0.057407 0.011979 0.050000
0 0.357031 0.490278 0.025521 0.021296
0 0.995833 0.665278 0.006250 0.019444
0 0.003125 0.410648 0.006250 0.021296
0 0.054427 0.478241 0.027604 0.021296
0 0.015365 0.381019 0.025521 0.021296
0 0.921875 0.638426 0.027083 0.017593
0 0.114583 0.409259 0.027083 0.020370
0 0.101302 0.527778 0.029687 0.024074
0 0.129167 0.565741 0.023958 0.022222
0 0.016667 0.530556 0.026042 0.022222
0 0.211198 0.409722 0.024479 0.019444
0 0.165365 0.483796 0.025521 0.023148
0 0.984896 0.631481 0.025000 0.020370
0 0.082552 0.562037 0.024479 0.020370
0 0.233854 0.439352 0.027083 0.021296
0 0.058333 0.533796 0.025000 0.019444
0 0.014323 0.243519 0.018229 0.053704
0 0.236458 0.481481 0.026042 0.018519
0 0.080990 0.444444 0.029687 0.024074
0 0.230469 0.380556 0.024479 0.020370
0 0.340885 0.456019 0.022396 0.021296
0 0.470052 0.419444 0.024479 0.022222
0 0.380208 0.418519 0.026042 0.020370
0 0.872656 0.624537 0.027604 0.019444
0 0.549479 0.423148 0.025000 0.022222
0 0.415104 0.462963 0.026042 0.024074
0 0.188021 0.226389 0.011458 0.049074
0 0.288802 0.471759 0.027604 0.021296
0 0.810156 0.674074 0.027604 0.022222
0 0.807552 0.641667 0.025521 0.020370
0 0.755208 0.699537 0.027083 0.021296
0 0.690885 0.663889 0.027604 0.020370
0 0.730729 0.632407 0.026042 0.022222
0 0.586198 0.451852 0.024479 0.020370
0 0.511719 0.137500 0.017188 0.050926
0 0.474479 0.462500 0.025000 0.023148
0 0.427344 0.501852 0.026562 0.020370
0 0.589844 0.665278 0.023438 0.021296
0 0.643229 0.624074 0.023958 0.022222
0 0.357292 0.679630 0.026042 0.022222
0 0.540625 0.235648 0.026042 0.054630
0 0.507292 0.490278 0.027083 0.023148
0 0.378385 0.752315 0.030729 0.037963
0 0.532031 0.462037 0.025521 0.020370
0 0.514583 0.525926 0.028125 0.022222
0 0.504427 0.648611 0.025521 0.021296
0 0.472396 0.615741 0.028125 0.020370
0 0.627344 0.373611 0.026562 0.028704
0 0.743229 0.505093 0.027083 0.021296
0 0.954167 0.479630 0.028125 0.020370
0 0.391406 0.616204 0.023438 0.021296
0 0.877344 0.443981 0.026562 0.019444
0 0.303125 0.718056 0.023958 0.021296
0 0.746875 0.471759 0.025000 0.019444
0 0.832031 0.442593 0.025521 0.020370
0 0.812760 0.473611 0.025521 0.025000
0 0.279687 0.676852 0.026042 0.022222
0 0.317708 0.611111 0.025000 0.020370
0 0.333333 0.644907 0.027083 0.023148
0 0.709635 0.393056 0.025521 0.017593
0 0.920312 0.443056 0.027083 0.021296
0 0.880729 0.475463 0.028125 0.021296
0 0.189323 0.675926 0.026562 0.022222
0 0.523177 0.703704 0.078646 0.038889
0 0.767969 0.435648 0.074479 0.026852
0 0.066406 0.599074 0.031771 0.024074
0 0.203646 0.642593 0.022917 0.020370
0 0.193750 0.606944 0.023958 0.023148
0 0.890104 0.511111 0.022917 0.022222
0 0.861198 0.394907 0.028646 0.021296
0 0.148438 0.710185 0.028125 0.024074
0 0.128125 0.673611 0.028125 0.023148
0 0.413542 0.110648 0.011458 0.054630
1 0.523177 0.703704 0.083854 0.037037
0 0.071354 0.636111 0.027083 0.022222
0 0.983333 0.509259 0.019792 0.020370
0 0.991146 0.443981 0.011458 0.019444
