0 0.132812 0.181019 0.015625 0.056481
0 0.498698 0.561111 0.025521 0.022222
0 0.154167 0.404630 0.027083 0.024074
0 0.200781 0.433796 0.029687 0.023148
0 0.275000 0.405093 0.025000 0.021296
0 0.009896 0.434259 0.019792 0.016667
0 0.456771 0.642130 0.027083 0.021296
0 0.382292 0.412500 0.028125 0.023148
0 0.089063 0.437963 0.027083 0.020370
0 0.315104 0.452315 0.026042 0.019444
0 0.988281 0.634259 0.023438 0.020370
0 0.251823 0.444907 0.025521 0.021296
0 0.879167 0.654167 0.027083 0.021296
0 0.064062 0.468519 0.026042 0.022222
0 0.775521 0.644907 0.027083 0.019444
0 0.583073 0.564352 0.025521 0.021296
0 0.630469 0.563426 0.026562 0.021296
0 0.259896 0.565278 0.025000 0.019444
0 0.265104 0.526389 0.027083 0.021296
0 0.225521 0.561574 0.022917 0.021296
0 0.686979 0.566667 0.025000 0.020370
0 0.145833 0.557407 0.023958 0.018519
0 0.794792 0.573611 0.026042 0.021296
0 0.184896 0.562037 0.025000 0.022222
0 0.877865 0.619907 0.028646 0.021296
0 0.900000 0.578241 0.033333 0.025000
0 0.971354 0.579630 0.028125 0.024074
0 0.227865 0.525463 0.025521 0.021296
0 0.996615 0.581481 0.006771 0.020370
0 0.230729 0.476389 0.026042 0.021296
0 0.387240 0.496759 0.027604 0.023148
0 0.453385 0.503704 0.025521 0.022222
0 0.608073 0.970370 0.033854 0.050000
0 0.431510 0.137037 0.011979 0.046296
0 0.448437 0.136574 0.010417 0.050926
0 0.432292 0.049537 0.014583 0.060185
0 0.451562 0.065741 0.016667 0.061111
0 0.183073 0.524537 0.033854 0.023148
0 0.106250 0.556944 0.026042 0.023148
0 0.329948 0.483333 0.023438 0.018519
0 0.466927 0.143056 0.013021 0.058333
0 0.959375 0.682407 0.020833 0.020370
0 0.469531 0.061574 0.013021 0.056481
0 0.414062 0.100463 0.011458 0.054630
0 0.295573 0.353704 0.027604 0.025926
0 0.506771 0.208796 0.021875 0.058333
0 0.451042 0.418519 0.027083 0.024074
0 0.352604 0.333796 0.027083 0.041667
0 0.392448 0.458796 0.027604 0.021296
0 0.507552 0.695370 0.027604 0.022222
0 0.603385 0.642130 0.026562 0.023148
0 0.676302 0.622685 0.025521 0.021296
0 0.544271 0.513889 0.026042 0.022222
0 0.580469 0.418056 0.028646 0.023148
0 0.475521 0.468981 0.028125 0.023148
0 0.480990 0.608333 0.026562 0.022222
0 0.602083 0.524074 0.027083 0.020370
0 0.353125 0.635185 0.027083 0.022222
0 0.672396 0.425000 0.029167 0.022222
0 0.676042 0.461574 0.026042 0.023148
0 0.995573 0.681019 0.008854 0.021296
0 0.639844 0.493981 0.026562 0.021296
0 0.407292 0.218981 0.013542 0.054630
0 0.733073 0.422685 0.026562 0.023148
0 0.266927 0.668981 0.023438 0.021296
0 0.342448 0.602778 0.022396 0.020370
0 0.695312 0.534259 0.022917 0.020370
0 0.814063 0.429167 0.029167 0.023148
0 0.241927 0.701389 0.025521 0.019444
0 0.722396 0.500463 0.022917 0.021296
0 0.237760 0.598611 0.025521 0.021296
0 0.760677 0.464352 0.026562 0.023148
0 0.851562 0.469907 0.028125 0.025000
0 0.410677 0.679167 0.080729 0.036111
0 0.902604 0.506481 0.028125 0.022222
0 0.807552 0.501852 0.029687 0.027778
0 0.193229 0.631944 0.031250 0.023148
0 0.184896 0.665278 0.026042 0.021296
0 0.162500 0.593981 0.023958 0.023148
0 0.876042 0.433796 0.026042 0.021296
0 0.842708 0.395370 0.025000 0.016667
0 0.138021 0.662037 0.028125 0.022222
0 0.082031 0.521296 0.026562 0.022222
0 0.119531 0.625463 0.027604 0.019444
0 0.933333 0.436574 0.030208 0.025000
0 0.936979 0.469907 0.027083 0.025000
0 0.045573 0.589352 0.027604 0.023148
0 0.020573 0.621296 0.023438 0.022222
0 0.021094 0.659722 0.024479 0.025000
