0 0.182292 0.244444 0.012500 0.053704
0 0.009115 0.272222 0.014063 0.050000
0 0.104167 0.279167 0.013542 0.052778
0 0.441146 0.524537 0.013542 0.060185
0 0.466146 0.384722 0.010417 0.050926
0 0.879948 0.487037 0.026562 0.022222
0 0.094531 0.698611 0.026562 0.023148
0 0.733073 0.526389 0.024479 0.021296
0 0.075781 0.626852 0.029687 0.020370
0 0.740625 0.455556 0.027083 0.024074
0 0.724479 0.423611 0.028125 0.023148
0 0.786719 0.452778 0.026562 0.024074
0 0.765885 0.420370 0.025521 0.024074
0 0.732552 0.492593 0.027604 0.024074
0 0.786979 0.492130 0.026042 0.021296
0 0.829427 0.450926 0.026562 0.022222
0 0.835156 0.489352 0.030729 0.025000
0 0.811458 0.419444 0.026042 0.022222
0 0.004948 0.154630 0.008854 0.037037
0 0.871615 0.451852 0.024479 0.020370
0 0.262240 0.692130 0.025521 0.021296
0 0.916406 0.452778 0.027604 0.024074
0 0.867708 0.417593 0.027083 0.020370
0 0.211979 0.626389 0.028125 0.025000
0 0.221875 0.694907 0.029167 0.025000
0 0.254167 0.620370 0.028125 0.022222
0 0.257552 0.658333 0.028646 0.022222
0 0.170573 0.627315 0.027604 0.025000
0 0.214583 0.658796 0.027083 0.023148
0 0.972656 0.449074 0.034896 0.024074
0 0.771354 0.524537 0.028125 0.023148
0 0.912240 0.417593 0.022396 0.022222
0 0.924479 0.489815 0.028125 0.022222
0 0.173177 0.659259 0.035937 0.027778
0 0.183594 0.692130 0.024479 0.023148
0 0.946354 0.419444 0.026042 0.022222
0 0.127604 0.624074 0.026042 0.022222
0 0.128646 0.661574 0.027083 0.023148
0 0.140885 0.695833 0.027604 0.023148
0 0.030990 0.665741 0.025521 0.020370
0 0.073438 0.661574 0.029167 0.023148
0 0.812240 0.525463 0.025521 0.021296
0 0.985938 0.418519 0.026042 0.020370
0 0.972135 0.487963 0.026562 0.020370
0 0.845833 0.522222 0.023958 0.020370
0 0.733594 0.562500 0.026562 0.019444
0 0.263281 0.548611 0.024479 0.021296
0 0.032552 0.625000 0.026562 0.022222
0 0.253125 0.587963 0.026042 0.024074
0 0.779427 0.562963 0.026562 0.022222
0 0.001563 0.664352 0.003125 0.019444
0 0.040104 0.699074 0.035417 0.024074
0 0.891667 0.520833 0.026042 0.017593
0 0.001823 0.628241 0.003646 0.021296
0 0.221875 0.552778 0.027083 0.022222
0 0.519271 0.141667 0.016667 0.055556
0 0.929688 0.524537 0.028125 0.021296
0 0.213021 0.587963 0.026042 0.024074
0 0.404948 0.837037 0.024479 0.062963
0 0.005208 0.695370 0.010417 0.022222
0 0.534635 0.255556 0.014063 0.038889
0 0.351562 0.739815 0.028125 0.025926
0 0.557552 0.340278 0.027604 0.036111
0 0.173437 0.587963 0.025000 0.022222
0 0.287760 0.728241 0.024479 0.019444
0 0.424479 0.150463 0.010417 0.049074
0 0.593490 0.354167 0.023438 0.028704
0 0.823698 0.711111 0.026562 0.022222
0 0.219010 0.731944 0.026562 0.023148
0 0.972656 0.521296 0.026562 0.018519
0 0.827865 0.564352 0.026562 0.023148
0 0.485677 0.162500 0.014063 0.056481
0 0.158854 0.731944 0.029167 0.023148
0 0.022656 0.402315 0.021354 0.019444
0 0.039844 0.283796 0.011979 0.041667
0 0.449219 0.696296 0.013021 0.059259
0 0.460938 0.108796 0.011458 0.050926
0 0.426302 0.677315 0.009896 0.045370
0 0.129427 0.591204 0.029687 0.025000
0 0.498177 0.399537 0.013021 0.058333
0 0.874479 0.561574 0.028125 0.023148
0 0.484635 0.501852 0.013021 0.055556
0 0.101042 0.733333 0.027083 0.022222
0 0.757031 0.384722 0.025521 0.023148
0 0.464062 0.278241 0.013542 0.058333
0 0.421354 0.410185 0.011458 0.059259
0 0.084115 0.590278 0.026562 0.021296
0 0.487760 0.619907 0.011979 0.052778
0 0.440104 0.351389 0.011458 0.056481
0 0.505208 0.616204 0.011458 0.049074
0 0.811458 0.385185 0.026042 0.022222
0 0.933594 0.560648 0.028646 0.023148
0 0.144271 0.554630 0.025000 0.020370
0 0.422396 0.282870 0.013542 0.058333
0 0.037500 0.594444 0.027083 0.022222
0 0.509375 0.810648 0.013542 0.052778
0 0.492448 0.871759 0.011979 0.056481
0 0.896094 0.381019 0.028646 0.021296
0 0.987240 0.559722 0.019271 0.019444
0 0.441146 0.086574 0.014583 0.058333
0 0.493750 0.976389 0.019792 0.047222
0 0.013021 0.556019 0.018750 0.019444
