0 0.185417 0.234259 0.011458 0.053704
0 0.107552 0.266204 0.011979 0.054630
0 0.007031 0.141204 0.011979 0.037963
0 0.735156 0.570370 0.025521 0.022222
0 0.053906 0.115741 0.018229 0.057407
0 0.036719 0.456944 0.027604 0.023148
0 0.135677 0.412963 0.026562 0.020370
0 0.009896 0.257870 0.013542 0.047222
0 0.200521 0.419907 0.027083 0.021296
0 0.114844 0.459259 0.027604 0.022222
0 0.006771 0.493056 0.013542 0.025000
0 0.215885 0.457870 0.026562 0.019444
0 0.324219 0.428241 0.021354 0.019444
0 0.339062 0.458796 0.027083 0.023148
0 0.932813 0.653704 0.027083 0.020370
0 0.929167 0.619444 0.029167 0.020370
0 0.994010 0.623148 0.011979 0.020370
0 0.834375 0.615278 0.028125 0.019444
0 0.473958 0.434259 0.027083 0.018519
0 0.143490 0.492130 0.031771 0.023148
0 0.836458 0.651852 0.029167 0.022222
0 0.227865 0.496296 0.026562 0.022222
0 0.752604 0.618056 0.023958 0.021296
0 0.747656 0.657870 0.028646 0.023148
0 0.298177 0.500000 0.028646 0.024074
0 0.771875 0.569444 0.023958 0.018519
0 0.957031 0.698148 0.025521 0.018519
0 0.686198 0.630093 0.027604 0.023148
0 0.401302 0.484259 0.025521 0.020370
0 0.776563 0.698148 0.027083 0.022222
0 0.259896 0.579167 0.028125 0.021296
0 0.811719 0.568056 0.028646 0.023148
0 0.212760 0.576389 0.025521 0.023148
0 0.852344 0.568519 0.026562 0.020370
0 0.322917 0.550000 0.028125 0.022222
0 0.895312 0.574537 0.028125 0.023148
0 0.933333 0.572222 0.027083 0.022222
0 0.567187 0.624537 0.026042 0.019444
0 0.173698 0.578704 0.025521 0.022222
0 0.669271 0.569444 0.026042 0.020370
0 0.258594 0.544907 0.024479 0.017593
0 0.415104 0.515741 0.028125 0.024074
0 0.446094 0.063889 0.011979 0.053704
0 0.971354 0.573148 0.022917 0.020370
0 0.428646 0.149074 0.010417 0.046296
0 0.445312 0.140278 0.012500 0.052778
0 0.427083 0.075463 0.011458 0.052778
0 0.187760 0.544907 0.026562 0.021296
0 0.472396 0.513426 0.027083 0.017593
0 0.130729 0.577315 0.027083 0.021296
0 0.126302 0.540278 0.026562 0.021296
0 0.080469 0.543981 0.024479 0.021296
0 0.034115 0.539352 0.027604 0.023148
0 0.090625 0.579167 0.028125 0.023148
0 0.004427 0.545370 0.008854 0.024074
0 0.497135 0.042593 0.011979 0.048148
0 0.579427 0.691667 0.026562 0.020370
0 0.372917 0.305556 0.027083 0.048148
0 0.465625 0.123148 0.011458 0.051852
0 0.478125 0.486574 0.029167 0.023148
0 0.439063 0.463889 0.026042 0.022222
0 0.573698 0.330093 0.030729 0.041667
0 0.669792 0.691667 0.026042 0.020370
0 0.680208 0.393519 0.027083 0.022222
0 0.590104 0.431019 0.027083 0.023148
0 0.569531 0.491204 0.028646 0.021296
0 0.521875 0.458333 0.026042 0.022222
0 0.586198 0.524537 0.028646 0.021296
0 0.994271 0.568519 0.010417 0.016667
0 0.403646 0.616204 0.028125 0.021296
0 0.501823 0.653704 0.028646 0.024074
0 0.738542 0.392130 0.025000 0.019444
0 0.629167 0.462500 0.025000 0.019444
0 0.668750 0.435648 0.028125 0.023148
1 0.452083 0.397222 0.068750 0.029630
0 0.372656 0.787963 0.025521 0.037037
0 0.297135 0.616667 0.024479 0.024074
0 0.421615 0.646759 0.025521 0.021296
0 0.703646 0.497222 0.023958 0.022222
0 0.658854 0.529630 0.023958 0.018519
0 0.463021 0.051389 0.010417 0.037963
1 0.454167 0.693981 0.088542 0.041667
0 0.784896 0.391204 0.026042 0.021296
0 0.808854 0.428241 0.028125 0.023148
0 0.718229 0.527778 0.026042 0.020370
0 0.717187 0.461574 0.026042 0.021296
0 0.835938 0.389352 0.025000 0.017593
0 0.199219 0.614352 0.025521 0.025000
0 0.789583 0.498611 0.027083 0.023148
0 0.234115 0.720833 0.027604 0.021296
0 0.004948 0.488889 0.008854 0.024074
0 0.173958 0.684259 0.026042 0.022222
0 0.929427 0.463426 0.028646 0.025000
0 0.870573 0.431481 0.027604 0.022222
0 0.410938 0.144907 0.012500 0.054630
0 0.845052 0.462037 0.029687 0.024074
0 0.108333 0.648148 0.029167 0.024074
0 0.859896 0.534259 0.026042 0.020370
0 0.880469 0.499537 0.030729 0.023148
1 0.026302 0.408333 0.051562 0.029630
0 0.093229 0.616204 0.028125 0.021296
0 0.902344 0.382407 0.028646 0.018519
0 0.020313 0.647222 0.020833 0.020370
0 0.042969 0.268056 0.013021 0.045370
0 0.075260 0.684722 0.031771 0.025000
0 0.942708 0.499074 0.031250 0.024074
0 0.952083 0.430556 0.030208 0.024074
0 0.079167 0.721296 0.027083 0.020370
0 0.950521 0.532870 0.028125 0.023148
0 0.975521 0.400926 0.025000 0.020370
0 0.006771 0.611574 0.006250 0.023148
