0 0.109375 0.258796 0.011458 0.050926
0 0.008333 0.132407 0.013542 0.037037
0 0.466146 0.123611 0.011458 0.052778
0 0.463802 0.053704 0.011979 0.038889
0 0.056510 0.109722 0.014063 0.054630
0 0.044792 0.260185 0.012500 0.038889
0 0.721354 0.431944 0.029167 0.023148
0 0.761979 0.435185 0.027083 0.024074
0 0.258854 0.644444 0.026042 0.020370
0 0.871094 0.471296 0.025521 0.020370
0 0.733073 0.466204 0.026562 0.021296
0 0.729427 0.532870 0.026562 0.021296
0 0.777865 0.468981 0.025521 0.021296
0 0.800521 0.434259 0.025000 0.022222
0 0.806250 0.537037 0.027083 0.020370
0 0.835938 0.433796 0.027083 0.021296
0 0.767708 0.535185 0.026042 0.020370
0 0.738542 0.501389 0.027083 0.019444
0 0.827604 0.469907 0.028125 0.021296
0 0.777604 0.501852 0.026042 0.018519
0 0.251563 0.606944 0.026042 0.021296
0 0.848698 0.538889 0.027604 0.020370
0 0.817187 0.503704 0.025000 0.020370
0 0.209375 0.608333 0.034375 0.025926
0 0.256771 0.679167 0.027083 0.019444
0 0.889844 0.538426 0.027604 0.017593
0 0.215365 0.641204 0.026562 0.021296
0 0.910937 0.474074 0.025000 0.020370
0 0.164844 0.609259 0.027604 0.024074
0 0.174219 0.639352 0.025521 0.023148
0 0.120313 0.605093 0.028125 0.021296
0 0.861719 0.504630 0.028646 0.022222
0 0.205469 0.675000 0.029687 0.024074
0 0.949479 0.471296 0.026042 0.020370
0 0.957292 0.441667 0.026042 0.018519
0 0.127604 0.643056 0.032292 0.023148
0 0.928906 0.539352 0.028646 0.021296
0 0.899740 0.505093 0.022396 0.021296
0 0.068229 0.606944 0.027083 0.023148
0 0.080469 0.638426 0.026562 0.019444
0 0.967448 0.541667 0.026562 0.022222
0 0.033073 0.637500 0.028646 0.021296
0 0.255469 0.537963 0.024479 0.024074
0 0.935677 0.506019 0.024479 0.019444
0 0.024740 0.602778 0.025521 0.020370
0 0.978646 0.506944 0.026042 0.019444
0 0.005208 0.634722 0.010417 0.021296
0 0.009375 0.253241 0.014583 0.049074
0 0.772917 0.575000 0.023958 0.020370
0 0.738802 0.574074 0.026562 0.022222
0 0.255208 0.572685 0.022917 0.019444
0 0.421094 0.536574 0.013021 0.060185
0 0.810156 0.574537 0.027604 0.021296
0 0.508854 0.076389 0.011458 0.049074
0 0.059896 0.368519 0.027083 0.018519
0 0.213281 0.574537 0.025521 0.023148
0 0.848437 0.578704 0.028125 0.020370
0 0.884635 0.575926 0.026562 0.022222
0 0.532813 0.348611 0.025000 0.045370
0 0.996875 0.543056 0.005208 0.021296
0 0.923438 0.577315 0.025000 0.021296
0 0.401562 0.966204 0.011458 0.052778
0 0.108594 0.435185 0.027604 0.022222
0 0.187240 0.229167 0.011979 0.052778
0 0.359635 0.756944 0.028646 0.039815
0 0.127344 0.380093 0.025521 0.019444
0 0.210677 0.424074 0.027604 0.024074
0 0.217969 0.537963 0.022396 0.018519
0 0.441146 0.879630 0.011458 0.050000
0 0.977344 0.725463 0.026562 0.021296
0 0.489583 0.118519 0.012500 0.053704
0 0.506771 0.179630 0.011458 0.051852
0 0.959115 0.578704 0.034896 0.022222
0 0.487500 0.376852 0.012500 0.057407
0 0.037240 0.440278 0.026562 0.021296
0 0.441667 0.716667 0.012500 0.046296
0 0.444010 0.571759 0.011979 0.050926
0 0.263281 0.422685 0.027604 0.025000
0 0.726042 0.725926 0.022917 0.020370
0 0.426302 0.642130 0.015104 0.062037
0 0.426563 0.403241 0.011458 0.049074
0 0.115104 0.497685 0.026042 0.056481
0 0.186458 0.711111 0.026042 0.020370
0 0.664323 0.720370 0.024479 0.029630
0 0.489844 0.586111 0.014063 0.055556
0 0.367969 0.325463 0.024479 0.047222
0 0.444531 0.291667 0.011979 0.051852
0 0.500781 0.654167 0.015104 0.056481
0 0.078385 0.535185 0.025521 0.020370
0 0.090365 0.717130 0.031771 0.025000
0 0.427865 0.264815 0.013021 0.050000
0 0.546615 0.820370 0.021354 0.050000
0 0.125000 0.679630 0.067708 0.025926
0 0.887240 0.434259 0.045312 0.025926
0 0.487500 0.868981 0.011458 0.054630
0 0.992708 0.635648 0.014583 0.045370
0 0.428385 0.052315 0.015104 0.043519
0 0.509115 0.750926 0.015104 0.024074
