0 0.105990 0.265278 0.011979 0.054630
0 0.006510 0.140278 0.011979 0.039815
0 0.732812 0.569444 0.026042 0.022222
0 0.035156 0.121296 0.011979 0.046296
0 0.005990 0.457870 0.011979 0.023148
0 0.175521 0.424537 0.026042 0.021296
0 0.275000 0.422222 0.027083 0.022222
0 0.337760 0.453704 0.025521 0.020370
0 0.407292 0.448148 0.028125 0.022222
0 0.485938 0.457870 0.025000 0.019444
0 0.542188 0.456481 0.026042 0.020370
0 0.179427 0.463426 0.027604 0.021296
0 0.546094 0.425926 0.025521 0.018519
0 0.040365 0.268519 0.013021 0.044444
0 0.267448 0.466204 0.025521 0.021296
0 0.629948 0.427778 0.025521 0.020370
0 0.608333 0.461111 0.026042 0.020370
0 0.219531 0.493981 0.029687 0.023148
0 0.669271 0.457407 0.022917 0.020370
0 0.752083 0.431019 0.022917 0.017593
0 0.925260 0.620833 0.026562 0.021296
0 0.818229 0.649537 0.028125 0.019444
0 0.862760 0.682407 0.026562 0.020370
0 0.700000 0.618519 0.028125 0.022222
0 0.798698 0.686574 0.027604 0.019444
0 0.806771 0.460185 0.028125 0.022222
0 0.378646 0.476389 0.026042 0.019444
0 0.344531 0.502778 0.025521 0.022222
0 0.456510 0.644907 0.027604 0.021296
0 0.682292 0.655093 0.025000 0.019444
0 0.394271 0.612500 0.026042 0.019444
0 0.468229 0.612037 0.028125 0.022222
0 0.629948 0.686111 0.024479 0.020370
0 0.245052 0.612963 0.025521 0.020370
0 0.871875 0.431019 0.026042 0.021296
0 0.536458 0.496759 0.029167 0.021296
0 0.377083 0.648148 0.028125 0.022222
0 0.508594 0.675926 0.027604 0.022222
0 0.596354 0.504167 0.026042 0.021296
0 0.153906 0.611111 0.024479 0.022222
0 0.423698 0.685648 0.027604 0.023148
0 0.313021 0.650000 0.026042 0.022222
0 0.424479 0.512037 0.029167 0.022222
0 0.664844 0.501389 0.028646 0.023148
0 0.769792 0.568981 0.026042 0.019444
0 0.336198 0.686574 0.025521 0.019444
0 0.211198 0.647685 0.028646 0.025000
0 0.837500 0.495370 0.028125 0.022222
0 0.212500 0.684259 0.028125 0.022222
0 0.257812 0.579630 0.030208 0.024074
0 0.808854 0.566667 0.027083 0.022222
0 0.210938 0.577778 0.025000 0.022222
0 0.849740 0.567593 0.025521 0.018519
0 0.239583 0.542593 0.027083 0.020370
0 0.487240 0.526852 0.030729 0.024074
0 0.891927 0.572222 0.028646 0.020370
0 0.930469 0.568981 0.027604 0.021296
0 0.073958 0.612963 0.028125 0.022222
0 0.167969 0.578704 0.027604 0.020370
0 0.698958 0.556944 0.029167 0.032407
0 0.200000 0.544907 0.025000 0.019444
0 0.765885 0.527778 0.026562 0.022222
0 0.444531 0.063426 0.011979 0.052778
0 0.968490 0.571759 0.023438 0.019444
0 0.426823 0.148611 0.010937 0.049074
0 0.442969 0.139815 0.013021 0.055556
0 0.162240 0.544907 0.027604 0.021296
0 0.825260 0.530556 0.024479 0.018519
0 0.128906 0.577778 0.028646 0.024074
0 0.117188 0.541204 0.028125 0.023148
0 0.078125 0.545370 0.028125 0.024074
0 0.032292 0.539815 0.029167 0.024074
0 0.088542 0.579630 0.030208 0.025926
0 0.003906 0.544907 0.007812 0.025000
0 0.333854 0.369444 0.028125 0.031481
0 0.629948 0.390741 0.027604 0.024074
0 0.009896 0.256944 0.015625 0.050926
0 0.846615 0.751389 0.016146 0.013889
0 0.268490 0.721759 0.026562 0.023148
0 0.132552 0.682870 0.028646 0.023148
0 0.402604 0.232407 0.016667 0.057407
0 0.463542 0.121296 0.012500 0.053704
1 0.453906 0.400926 0.069271 0.027778
0 0.895573 0.500926 0.027604 0.020370
0 0.902865 0.463889 0.028646 0.022222
1 0.747135 0.394907 0.095312 0.036111
0 0.823958 0.384259 0.028125 0.022222
0 0.083594 0.651389 0.028646 0.023148
0 0.925521 0.390741 0.026042 0.020370
0 0.988802 0.428704 0.015104 0.020370
0 0.971354 0.496759 0.027083 0.021296
0 0.985677 0.461574 0.019271 0.023148
0 0.985938 0.533796 0.022917 0.019444
