0 0.182812 0.240278 0.012500 0.052778
0 0.105729 0.272685 0.015625 0.058333
0 0.006510 0.145833 0.011979 0.039815
0 0.732292 0.571296 0.027083 0.022222
0 0.035417 0.129167 0.010417 0.043519
0 0.735677 0.461574 0.024479 0.025000
0 0.733333 0.431481 0.027083 0.022222
0 0.783333 0.425000 0.027083 0.024074
0 0.772396 0.462963 0.026042 0.022222
0 0.821354 0.427778 0.027083 0.022222
0 0.810156 0.462500 0.026562 0.023148
0 0.850260 0.462037 0.027604 0.022222
0 0.734896 0.497222 0.027083 0.024074
0 0.865625 0.425463 0.026042 0.021296
0 0.040365 0.275000 0.013021 0.040741
0 0.777865 0.498148 0.025521 0.024074
0 0.915104 0.428704 0.027083 0.020370
0 0.894271 0.464815 0.026042 0.022222
0 0.730729 0.531019 0.028125 0.025000
0 0.261719 0.654167 0.027604 0.019444
0 0.933073 0.462500 0.025521 0.023148
0 0.952865 0.431481 0.024479 0.020370
0 0.258594 0.618056 0.029687 0.021296
0 0.220833 0.652778 0.028125 0.022222
0 0.274479 0.687037 0.028125 0.022222
0 0.207552 0.618056 0.029687 0.023148
0 0.240365 0.685648 0.026562 0.021296
0 0.977865 0.462037 0.029687 0.024074
0 0.820312 0.497685 0.027083 0.023148
0 0.778646 0.531944 0.026042 0.021296
0 0.119271 0.651852 0.026042 0.020370
0 0.166406 0.654630 0.028646 0.022222
0 0.117188 0.617593 0.029167 0.022222
0 0.156771 0.618056 0.031250 0.023148
0 0.196354 0.692130 0.026042 0.021296
0 0.080208 0.615741 0.026042 0.020370
0 0.988021 0.430556 0.021875 0.020370
0 0.862240 0.497685 0.031771 0.023148
0 0.082552 0.652315 0.028646 0.023148
0 0.150260 0.687500 0.028646 0.023148
0 0.904687 0.497685 0.028125 0.025000
0 0.044792 0.617593 0.026042 0.022222
0 0.108594 0.688426 0.028646 0.023148
0 0.036719 0.654630 0.028646 0.024074
0 0.821354 0.531944 0.028125 0.023148
0 0.951562 0.498148 0.029167 0.022222
0 0.768490 0.569444 0.025521 0.022222
0 0.068750 0.686574 0.026042 0.021296
0 0.002083 0.652778 0.004167 0.022222
0 0.985938 0.498611 0.025000 0.021296
0 0.027344 0.687963 0.026562 0.022222
0 0.258073 0.583333 0.027604 0.022222
0 0.808854 0.568519 0.028125 0.024074
0 0.210417 0.581481 0.025000 0.022222
0 0.848698 0.566667 0.025521 0.020370
0 0.238542 0.547685 0.027083 0.021296
0 0.871354 0.532407 0.031250 0.024074
0 0.891406 0.572222 0.028646 0.022222
0 0.929688 0.569444 0.028125 0.024074
0 0.752083 0.631944 0.026042 0.023148
0 0.013542 0.618056 0.025000 0.021296
0 0.164062 0.582870 0.026042 0.021296
0 0.870573 0.650463 0.025521 0.021296
0 0.917448 0.535648 0.028646 0.021296
0 0.199740 0.548611 0.025521 0.019444
0 0.970573 0.531019 0.028646 0.023148
0 0.650781 0.593981 0.028646 0.028704
0 0.996875 0.531481 0.005208 0.020370
0 0.483333 0.361111 0.019792 0.055556
0 0.561198 0.546759 0.028646 0.043519
0 0.009896 0.265741 0.015625 0.051852
0 0.505990 0.459259 0.022396 0.051852
0 0.443229 0.067130 0.014583 0.058333
0 0.183073 0.310648 0.028646 0.026852
0 0.968229 0.571296 0.025000 0.022222
0 0.426563 0.152315 0.011458 0.052778
0 0.442188 0.143981 0.015625 0.058333
0 0.050521 0.124074 0.018750 0.053704
0 0.498698 0.076389 0.017188 0.063889
0 0.426302 0.014352 0.015104 0.028704
0 0.162240 0.550000 0.026562 0.022222
0 0.992188 0.566204 0.014583 0.021296
0 0.176563 0.431481 0.029167 0.024074
0 0.274740 0.450000 0.030729 0.033333
0 0.183333 0.489815 0.028125 0.022222
0 0.443490 0.009722 0.014063 0.019444
0 0.422917 0.668056 0.019792 0.052778
0 0.389323 0.581944 0.024479 0.050926
0 0.389583 0.317593 0.017708 0.050000
0 0.196615 0.724537 0.024479 0.023148
0 0.404687 0.231019 0.011458 0.049074
0 0.463542 0.184259 0.011458 0.050000
0 0.063021 0.583333 0.028125 0.022222
0 0.466667 0.980093 0.026042 0.039815
0 0.430208 0.956019 0.009375 0.047222
