0 0.182292 0.243519 0.012500 0.053704
0 0.008854 0.271759 0.014583 0.050926
0 0.103906 0.279167 0.013021 0.052778
0 0.439323 0.436111 0.011979 0.057407
0 0.465885 0.350926 0.010937 0.055556
0 0.879948 0.487500 0.026562 0.021296
0 0.094531 0.698611 0.026562 0.023148
0 0.432812 0.975926 0.011458 0.046296
0 0.733073 0.526852 0.025521 0.022222
0 0.075260 0.628241 0.029687 0.021296
0 0.740365 0.455556 0.026562 0.024074
0 0.723958 0.423148 0.031250 0.024074
0 0.786458 0.452315 0.026042 0.025000
0 0.766146 0.420370 0.025000 0.024074
0 0.732552 0.492130 0.027604 0.025000
0 0.786979 0.491667 0.027083 0.020370
0 0.828125 0.452315 0.027083 0.023148
0 0.834635 0.489352 0.030729 0.025000
0 0.811458 0.419444 0.026042 0.022222
0 0.003906 0.154630 0.007812 0.037037
0 0.871094 0.451389 0.025521 0.021296
0 0.261719 0.692593 0.025521 0.020370
0 0.915885 0.452778 0.026562 0.024074
0 0.867969 0.417593 0.028646 0.024074
0 0.211719 0.626389 0.027604 0.025000
0 0.222135 0.695370 0.029687 0.024074
0 0.253646 0.621296 0.026042 0.020370
0 0.256771 0.657407 0.028125 0.022222
0 0.170052 0.627315 0.027604 0.025000
0 0.214583 0.658333 0.026042 0.022222
0 0.972135 0.448148 0.034896 0.024074
0 0.771094 0.524074 0.028646 0.022222
0 0.911979 0.417130 0.020833 0.021296
0 0.924219 0.490278 0.027604 0.021296
0 0.172656 0.659722 0.035937 0.026852
0 0.183333 0.693056 0.023958 0.021296
0 0.946354 0.418519 0.026042 0.022222
0 0.127344 0.625000 0.026562 0.022222
0 0.128125 0.662037 0.027083 0.024074
0 0.140885 0.695833 0.027604 0.023148
0 0.030729 0.666204 0.026042 0.021296
0 0.073177 0.662500 0.029687 0.023148
0 0.812240 0.525463 0.026562 0.021296
0 0.985677 0.417130 0.024479 0.019444
0 0.972135 0.487500 0.026562 0.019444
0 0.845833 0.522685 0.023958 0.019444
0 0.732812 0.562037 0.026042 0.020370
0 0.262500 0.549074 0.023958 0.020370
0 0.032292 0.625926 0.027083 0.022222
0 0.253125 0.587500 0.025000 0.025000
0 0.779167 0.563426 0.026042 0.023148
0 0.001563 0.663889 0.003125 0.018519
0 0.040365 0.699074 0.035937 0.024074
0 0.891406 0.521296 0.026562 0.018519
0 0.001563 0.628241 0.003125 0.019444
0 0.221615 0.551852 0.026562 0.022222
0 0.522656 0.180093 0.017188 0.056481
0 0.929167 0.524537 0.028125 0.021296
0 0.212500 0.587037 0.025000 0.024074
0 0.394792 0.791204 0.030208 0.056481
0 0.005469 0.695833 0.009896 0.021296
0 0.541927 0.280556 0.018229 0.044444
0 0.328906 0.733333 0.028646 0.024074
0 0.569271 0.355556 0.031250 0.035185
0 0.172917 0.587500 0.026042 0.023148
0 0.266667 0.730093 0.025000 0.019444
0 0.423438 0.071759 0.011458 0.050926
0 0.613802 0.367593 0.025521 0.025926
0 0.487240 0.027778 0.011979 0.051852
0 0.771615 0.713426 0.025521 0.021296
0 0.204427 0.732870 0.026562 0.023148
0 0.972917 0.520833 0.027083 0.017593
0 0.830208 0.563889 0.025000 0.022222
0 0.487760 0.259259 0.010937 0.051852
0 0.148177 0.732407 0.029687 0.024074
0 0.060937 0.403241 0.020833 0.019444
0 0.511979 0.262037 0.008333 0.035185
0 0.039583 0.283333 0.011458 0.040741
0 0.447135 0.611574 0.013021 0.056481
0 0.460156 0.068519 0.011979 0.050000
0 0.425260 0.598611 0.010937 0.045370
0 0.129427 0.590741 0.027604 0.024074
0 0.502083 0.493056 0.013542 0.062037
0 0.885156 0.561111 0.028646 0.022222
0 0.484896 0.571759 0.012500 0.054630
0 0.087240 0.734259 0.026562 0.024074
0 0.778125 0.384259 0.026042 0.024074
0 0.463281 0.243981 0.013021 0.056481
0 0.422656 0.340278 0.011979 0.060185
0 0.078125 0.591667 0.026042 0.020370
0 0.488802 0.694907 0.013021 0.056481
0 0.440104 0.280093 0.010417 0.050926
0 0.506250 0.697685 0.012500 0.050926
0 0.837760 0.384722 0.027604 0.021296
0 0.950781 0.560185 0.028646 0.022222
0 0.117708 0.554630 0.025000 0.020370
0 0.422396 0.212500 0.011458 0.054630
0 0.032031 0.594907 0.026562 0.023148
0 0.509896 0.885648 0.013542 0.050926
0 0.492448 0.942130 0.014063 0.047222
0 0.931771 0.379630 0.027083 0.018519
0 0.994792 0.559722 0.007292 0.025000
