0 0.182031 0.240741 0.014063 0.055556
0 0.102604 0.274537 0.017708 0.063889
0 0.884896 0.490741 0.023958 0.022222
0 0.092969 0.698611 0.029687 0.025000
0 0.735677 0.528704 0.023438 0.022222
0 0.073958 0.627778 0.029167 0.024074
0 0.744010 0.456944 0.025521 0.026852
0 0.727083 0.425000 0.028125 0.024074
0 0.790104 0.455093 0.026042 0.025000
0 0.769010 0.422222 0.027604 0.025926
0 0.735156 0.494907 0.030729 0.025000
0 0.790104 0.495370 0.026042 0.024074
0 0.833073 0.455556 0.025521 0.024074
0 0.838021 0.493519 0.033333 0.027778
0 0.814323 0.421296 0.026562 0.024074
0 0.875781 0.456481 0.025521 0.024074
0 0.261458 0.693056 0.025000 0.023148
0 0.919792 0.456944 0.034375 0.026852
0 0.871875 0.421296 0.028125 0.024074
0 0.211198 0.626852 0.031771 0.027778
0 0.220573 0.695833 0.032813 0.026852
0 0.253906 0.621759 0.027604 0.025000
0 0.257031 0.659259 0.030729 0.024074
0 0.169271 0.628241 0.031250 0.025000
0 0.213542 0.659722 0.028125 0.025000
0 0.977604 0.452778 0.032292 0.025926
0 0.774479 0.528704 0.028125 0.025926
0 0.908073 0.421759 0.022396 0.025000
0 0.927604 0.493981 0.026042 0.023148
0 0.171615 0.660185 0.032813 0.025926
0 0.184896 0.692593 0.022917 0.024074
0 0.951042 0.422222 0.028125 0.024074
0 0.125521 0.624537 0.026042 0.025000
0 0.126823 0.661574 0.028646 0.025000
0 0.139583 0.695833 0.028125 0.023148
0 0.028125 0.666204 0.026042 0.023148
0 0.071615 0.662037 0.030729 0.025926
0 0.814844 0.528704 0.025521 0.024074
0 0.977604 0.491667 0.025000 0.022222
0 0.848958 0.526852 0.022917 0.020370
0 0.735677 0.565278 0.029687 0.021296
0 0.262240 0.550000 0.028646 0.025926
0 0.031510 0.625926 0.027604 0.025926
0 0.252604 0.587500 0.026042 0.026852
0 0.782552 0.566667 0.027604 0.024074
0 0.037500 0.698611 0.039583 0.025000
0 0.895052 0.524074 0.025521 0.018519
0 0.001823 0.627778 0.003646 0.022222
0 0.221354 0.553241 0.031250 0.026852
0 0.933333 0.527315 0.031250 0.025000
0 0.212240 0.587500 0.028646 0.026852
0 0.004687 0.694907 0.008333 0.021296
0 0.171875 0.587037 0.027083 0.025926
0 0.978125 0.524537 0.027083 0.021296
0 0.828125 0.567593 0.027083 0.025926
0 0.822135 0.649537 0.033854 0.026852
0 0.988802 0.645833 0.022396 0.023148
0 0.127344 0.592593 0.032813 0.027778
0 0.870052 0.564815 0.027604 0.024074
0 0.088281 0.591204 0.029687 0.025000
0 0.906510 0.564352 0.030729 0.023148
0 0.175781 0.555093 0.024479 0.025000
0 0.043229 0.595833 0.035417 0.030556
0 0.944531 0.564352 0.027604 0.023148
0 0.132552 0.553241 0.029687 0.025000
0 0.953125 0.684722 0.028125 0.023148
0 0.978125 0.563426 0.025000 0.021296
0 0.727865 0.642130 0.023438 0.021296
0 0.008333 0.594444 0.015625 0.025926
0 0.651563 0.581944 0.029167 0.036111
0 0.426823 0.138426 0.014063 0.056481
0 0.080990 0.556019 0.031771 0.026852
0 0.506250 0.414815 0.025000 0.059259
0 0.039583 0.559259 0.032292 0.027778
0 0.443229 0.139352 0.012500 0.052778
0 0.442448 0.067593 0.011979 0.050000
0 0.426563 0.054630 0.012500 0.051852
0 0.007031 0.559259 0.013021 0.027778
0 0.958073 0.749537 0.023438 0.019444
0 0.009375 0.268519 0.018750 0.061111
0 0.510677 0.120833 0.011979 0.050926
0 0.734375 0.789352 0.016667 0.030556
0 0.147656 0.396759 0.025521 0.023148
0 0.278646 0.482870 0.030208 0.032407
0 0.561198 0.538426 0.027604 0.047222
0 0.352865 0.370370 0.030729 0.046296
0 0.380208 0.606944 0.025000 0.054630
0 0.347135 0.525000 0.025521 0.042593
0 0.427344 0.742593 0.020313 0.051852
0 0.386458 0.314352 0.020833 0.050926
0 0.471354 0.274537 0.011458 0.045370
0 0.408333 0.181019 0.013542 0.054630
0 0.055208 0.736574 0.033333 0.026852
0 0.462240 0.058333 0.017188 0.061111
0 0.468750 0.975463 0.020833 0.045370
