0 0.109635 0.256944 0.013021 0.054630
0 0.008333 0.130093 0.012500 0.037963
0 0.043229 0.258796 0.013542 0.039815
0 0.125521 0.230556 0.029167 0.042593
0 0.266146 0.458333 0.026042 0.018519
0 0.254688 0.539815 0.027083 0.024074
0 0.773177 0.579630 0.024479 0.020370
0 0.738021 0.578704 0.026042 0.020370
0 0.254427 0.574074 0.024479 0.024074
0 0.809115 0.579630 0.027604 0.022222
0 0.219010 0.576389 0.026562 0.023148
0 0.848177 0.585185 0.025521 0.020370
0 0.884635 0.583333 0.026562 0.022222
0 0.920312 0.584259 0.025000 0.020370
0 0.216406 0.539352 0.024479 0.017593
0 0.959375 0.585185 0.032292 0.024074
0 0.166927 0.574074 0.029687 0.024074
0 0.447135 0.147685 0.015104 0.050926
0 0.428125 0.147222 0.011458 0.059259
0 0.447396 0.077315 0.012500 0.054630
0 0.429688 0.068981 0.011458 0.052778
0 0.991667 0.584722 0.015625 0.021296
0 0.178385 0.533796 0.025521 0.019444
0 0.465885 0.129630 0.010937 0.050000
0 0.468229 0.061574 0.011458 0.052778
0 0.691667 0.506481 0.026042 0.022222
0 0.210938 0.422685 0.027083 0.023148
0 0.120833 0.414815 0.028125 0.024074
0 0.036719 0.377778 0.026562 0.020370
0 0.097396 0.483333 0.027083 0.022222
0 0.991667 0.672222 0.016667 0.016667
0 0.278906 0.423148 0.025521 0.022222
0 0.116667 0.452778 0.027083 0.020370
0 0.980208 0.637963 0.027083 0.020370
0 0.219010 0.492593 0.027604 0.022222
0 0.341667 0.430093 0.027083 0.021296
0 0.960938 0.701389 0.023958 0.023148
0 0.825000 0.634722 0.026042 0.023148
0 0.192448 0.457407 0.026562 0.020370
0 0.909375 0.631481 0.029167 0.024074
0 0.401823 0.436574 0.029687 0.023148
0 0.423698 0.512500 0.026562 0.025000
0 0.336719 0.462037 0.025521 0.022222
0 0.338281 0.506019 0.025521 0.019444
0 0.455469 0.426389 0.024479 0.023148
0 0.460156 0.649074 0.027604 0.022222
0 0.503906 0.434259 0.026562 0.022222
0 0.098958 0.530556 0.029167 0.022222
0 0.128125 0.568981 0.023958 0.025000
0 0.869792 0.700926 0.030208 0.025926
0 0.764844 0.625926 0.025521 0.020370
0 0.752604 0.656944 0.027083 0.023148
0 0.015365 0.533796 0.024479 0.021296
0 0.411719 0.471296 0.027604 0.024074
0 0.678906 0.658796 0.025521 0.019444
0 0.696094 0.623611 0.025521 0.021296
0 0.553646 0.429630 0.023958 0.018519
0 0.493750 0.513889 0.025000 0.022222
0 0.524479 0.618519 0.025000 0.022222
0 0.080729 0.565278 0.026042 0.019444
0 0.577865 0.656944 0.026562 0.023148
0 0.608333 0.623148 0.027083 0.022222
0 0.592708 0.437963 0.025000 0.020370
0 0.056250 0.536574 0.023958 0.019444
0 0.055208 0.108333 0.012500 0.055556
0 0.542708 0.506944 0.026042 0.023148
0 0.548438 0.697222 0.031250 0.024074
0 0.490625 0.468519 0.028125 0.024074
0 0.642969 0.428241 0.025521 0.021296
0 0.638802 0.468056 0.023438 0.021296
0 0.809635 0.435648 0.025521 0.023148
0 0.626042 0.383796 0.025000 0.026852
0 0.338802 0.343981 0.024479 0.032407
0 0.717969 0.437500 0.026562 0.021296
1 0.009635 0.436574 0.019271 0.023148
0 0.417448 0.614815 0.025521 0.022222
0 0.870573 0.443056 0.025521 0.021296
0 0.719792 0.472685 0.025000 0.021296
0 0.186198 0.229167 0.011979 0.052778
0 0.591406 0.496759 0.024479 0.021296
0 0.305990 0.648611 0.024479 0.021296
0 0.286198 0.612500 0.024479 0.021296
0 0.258854 0.684722 0.028125 0.021296
0 0.251823 0.718056 0.027604 0.021296
0 0.204167 0.642130 0.025000 0.021296
0 0.187500 0.605093 0.029167 0.023148
0 0.913802 0.441667 0.024479 0.020370
0 0.804948 0.397685 0.027604 0.023148
0 0.871354 0.477315 0.028125 0.023148
0 0.879427 0.512963 0.026562 0.020370
0 0.975000 0.444907 0.042708 0.030556
0 0.094271 0.641667 0.026042 0.022222
0 0.063281 0.604167 0.025521 0.023148
0 0.929427 0.401389 0.036979 0.023148
0 0.969271 0.481944 0.021875 0.017593
0 0.986458 0.548148 0.018750 0.020370
0 0.026823 0.675000 0.031771 0.027778
0 0.003125 0.632407 0.004167 0.022222
