0 0.184375 0.243981 0.012500 0.056481
0 0.010156 0.274074 0.013021 0.051852
0 0.106510 0.279167 0.013021 0.056481
0 0.469531 0.455093 0.011979 0.049074
0 0.882031 0.488426 0.024479 0.019444
0 0.095833 0.698148 0.028125 0.022222
0 0.734375 0.528241 0.026042 0.023148
0 0.077344 0.626389 0.028646 0.021296
0 0.741667 0.456019 0.026042 0.023148
0 0.725781 0.424074 0.026562 0.022222
0 0.788021 0.455093 0.025000 0.023148
0 0.767448 0.421759 0.025521 0.023148
0 0.733333 0.494444 0.027083 0.024074
0 0.788281 0.493519 0.025521 0.020370
0 0.830469 0.454167 0.025521 0.021296
0 0.835938 0.491204 0.030208 0.023148
0 0.812500 0.421296 0.027083 0.022222
0 0.005990 0.154167 0.010937 0.039815
0 0.872917 0.454630 0.023958 0.022222
0 0.262500 0.691667 0.025000 0.020370
0 0.917448 0.455556 0.026562 0.022222
0 0.869531 0.419444 0.026562 0.020370
0 0.213281 0.625463 0.027604 0.023148
0 0.224219 0.693056 0.027604 0.023148
0 0.255208 0.621296 0.028125 0.022222
0 0.258073 0.657870 0.029687 0.021296
0 0.171875 0.626389 0.027083 0.025000
0 0.215625 0.657870 0.027083 0.021296
0 0.974479 0.450926 0.030208 0.022222
0 0.772656 0.526852 0.027604 0.022222
0 0.913281 0.420370 0.021354 0.020370
0 0.925521 0.491667 0.027083 0.020370
0 0.173698 0.658796 0.034896 0.026852
0 0.186719 0.691204 0.024479 0.021296
0 0.948177 0.421296 0.025521 0.020370
0 0.129167 0.623148 0.026042 0.022222
0 0.129948 0.660648 0.027604 0.023148
0 0.141927 0.694907 0.026562 0.023148
0 0.032292 0.663889 0.027083 0.020370
0 0.075000 0.660648 0.029167 0.025000
0 0.813281 0.526389 0.026562 0.021296
0 0.975000 0.490278 0.027083 0.021296
0 0.847135 0.524074 0.023438 0.016667
0 0.733854 0.563426 0.028125 0.021296
0 0.264583 0.548148 0.023958 0.020370
0 0.033594 0.624074 0.027604 0.020370
0 0.254688 0.587037 0.025000 0.024074
0 0.780469 0.565278 0.027604 0.023148
0 0.002083 0.662037 0.004167 0.020370
0 0.041927 0.697685 0.032813 0.025000
0 0.892448 0.522685 0.025521 0.017593
0 0.002604 0.627778 0.005208 0.022222
0 0.222917 0.551852 0.028125 0.022222
0 0.930469 0.526389 0.027604 0.021296
0 0.214062 0.587500 0.026042 0.023148
0 0.006250 0.694907 0.011458 0.021296
0 0.511719 0.084722 0.015104 0.050926
0 0.174479 0.586111 0.026042 0.022222
0 0.411719 0.930556 0.010937 0.048148
0 0.431250 0.781481 0.009375 0.046296
0 0.530729 0.250463 0.016667 0.045370
0 0.294010 0.724074 0.026562 0.022222
0 0.975260 0.523148 0.026562 0.020370
0 0.829427 0.565278 0.026562 0.023148
0 0.462500 0.131481 0.017708 0.057407
0 0.246354 0.727315 0.030208 0.025000
0 0.041406 0.282870 0.011979 0.043519
0 0.465104 0.286111 0.011458 0.053704
0 0.130729 0.590741 0.030208 0.024074
0 0.867708 0.562963 0.029167 0.022222
0 0.197656 0.730093 0.024479 0.021296
0 0.620573 0.387500 0.025521 0.025000
0 0.469792 0.367130 0.016667 0.062037
0 0.091667 0.590741 0.025000 0.022222
0 0.483073 0.059259 0.011979 0.051852
0 0.667448 0.387500 0.027604 0.023148
0 0.904427 0.562500 0.026562 0.021296
0 0.178385 0.554167 0.024479 0.021296
0 0.445573 0.912037 0.011979 0.053704
0 0.046354 0.593981 0.028125 0.026852
0 0.496615 0.156019 0.013021 0.050926
0 0.488281 0.254630 0.011979 0.053704
0 0.731771 0.384259 0.025000 0.022222
0 0.941406 0.563426 0.027604 0.021296
0 0.685156 0.706481 0.022396 0.022222
0 0.451562 0.751389 0.015625 0.058333
0 0.510677 0.876852 0.010937 0.046296
0 0.491146 0.365741 0.012500 0.051852
0 0.135156 0.553241 0.026562 0.021296
0 0.415625 0.668981 0.011458 0.050926
0 0.440625 0.477778 0.013542 0.061111
0 0.462500 0.221759 0.015625 0.049074
0 0.974479 0.561574 0.025000 0.021296
0 0.364844 0.328704 0.023438 0.050000
0 0.562760 0.848148 0.025521 0.050000
0 0.492708 0.958796 0.011458 0.050926
0 0.495312 0.760648 0.011458 0.049074
0 0.426042 0.266667 0.011458 0.051852
0 0.442188 0.221759 0.010417 0.047222
0 0.102604 0.733796 0.028125 0.023148
0 0.431510 0.991667 0.013021 0.016667
0 0.424740 0.105556 0.013021 0.050000
0 0.406771 0.110185 0.013542 0.050000
0 0.996615 0.624537 0.006771 0.041667
