0 0.108333 0.250926 0.011458 0.051852
0 0.008854 0.125000 0.012500 0.033333
0 0.720833 0.429167 0.029167 0.021296
0 0.761458 0.433796 0.026042 0.019444
0 0.258333 0.638889 0.026042 0.020370
0 0.870573 0.470370 0.026562 0.020370
0 0.733073 0.464352 0.027604 0.021296
0 0.728906 0.530093 0.026562 0.021296
0 0.776823 0.466667 0.025521 0.020370
0 0.799740 0.433333 0.023438 0.018519
0 0.806510 0.536574 0.026562 0.019444
0 0.836458 0.431944 0.023958 0.017593
0 0.766927 0.533333 0.026562 0.020370
0 0.738802 0.498148 0.025521 0.018519
0 0.827083 0.467593 0.027083 0.020370
0 0.775260 0.500000 0.028646 0.022222
0 0.250260 0.601389 0.023438 0.021296
0 0.848177 0.537963 0.025521 0.018519
0 0.816667 0.502315 0.025000 0.019444
0 0.208594 0.602778 0.028646 0.022222
0 0.255469 0.673148 0.027604 0.020370
0 0.889583 0.537037 0.028125 0.018519
0 0.213802 0.635648 0.025521 0.019444
0 0.910937 0.472685 0.026042 0.019444
0 0.163802 0.602778 0.025521 0.022222
0 0.173437 0.634259 0.026042 0.022222
0 0.119531 0.598148 0.026562 0.020370
0 0.861719 0.502778 0.029687 0.022222
0 0.204687 0.669444 0.031250 0.022222
0 0.948958 0.470833 0.026042 0.019444
0 0.126042 0.637037 0.029167 0.024074
0 0.928646 0.537963 0.028125 0.020370
0 0.899479 0.503704 0.021875 0.020370
0 0.966927 0.542130 0.027604 0.021296
0 0.032552 0.629630 0.028646 0.020370
0 0.254688 0.532407 0.025000 0.022222
0 0.935417 0.505556 0.025000 0.018519
0 0.022917 0.595833 0.027083 0.021296
0 0.978125 0.506481 0.026042 0.018519
0 0.772656 0.573148 0.024479 0.018519
0 0.737760 0.571759 0.025521 0.019444
0 0.254427 0.566204 0.025521 0.021296
0 0.809115 0.572685 0.027604 0.021296
0 0.215625 0.568981 0.028125 0.023148
0 0.848177 0.577315 0.026562 0.021296
0 0.884115 0.575463 0.025521 0.021296
0 0.996875 0.543056 0.006250 0.021296
0 0.922917 0.577778 0.025000 0.022222
0 0.216667 0.532407 0.022917 0.020370
0 0.958594 0.578704 0.035937 0.024074
0 0.166667 0.566204 0.027083 0.023148
0 0.606771 0.968981 0.035417 0.054630
0 0.446094 0.141204 0.015104 0.052778
0 0.427865 0.140278 0.010937 0.058333
0 0.447396 0.070370 0.010417 0.053704
0 0.429688 0.062963 0.011458 0.050000
0 0.066667 0.599537 0.026042 0.021296
0 0.990625 0.579167 0.016667 0.025000
0 0.186719 0.223611 0.013021 0.047222
0 0.040365 0.108796 0.010937 0.047222
0 0.989323 0.660648 0.021354 0.021296
0 0.905990 0.653704 0.026562 0.018519
0 0.397396 0.810185 0.023958 0.053704
0 0.004167 0.628241 0.008333 0.023148
0 0.794010 0.663889 0.030729 0.025926
0 0.894010 0.700000 0.026562 0.020370
0 0.098958 0.401852 0.027083 0.022222
0 0.561198 0.566204 0.026562 0.045370
0 0.988802 0.365278 0.019271 0.019444
0 0.302083 0.710185 0.027083 0.022222
0 0.114323 0.736111 0.029687 0.016667
0 0.552604 0.503241 0.022917 0.041667
0 0.957552 0.441204 0.026562 0.015741
0 0.077865 0.629167 0.028646 0.019444
0 0.365104 0.326389 0.025000 0.041667
0 0.490104 0.408796 0.019792 0.056481
0 0.235156 0.707870 0.025521 0.017593
0 0.017448 0.443519 0.027604 0.020370
0 0.142969 0.526852 0.024479 0.018519
0 0.425781 0.930556 0.024479 0.020370
0 0.470573 0.274537 0.010937 0.041667
0 0.457552 0.955093 0.016146 0.058333
0 0.510417 0.747222 0.016667 0.031481
0 0.095052 0.704630 0.025521 0.020370
0 0.040625 0.671759 0.021875 0.021296
