0 0.109635 0.255556 0.011979 0.053704
0 0.008333 0.129167 0.012500 0.037963
0 0.043750 0.258796 0.014583 0.039815
0 0.129427 0.232407 0.026562 0.040741
0 0.178125 0.455093 0.026042 0.021296
0 0.254688 0.540278 0.025000 0.025000
0 0.773698 0.580556 0.026562 0.022222
0 0.738021 0.578704 0.028125 0.024074
0 0.255208 0.573611 0.025000 0.023148
0 0.809635 0.580556 0.028646 0.024074
0 0.219271 0.576389 0.027083 0.023148
0 0.847917 0.586111 0.027083 0.022222
0 0.884635 0.582870 0.027604 0.021296
0 0.921875 0.585185 0.025000 0.020370
0 0.216406 0.539352 0.025521 0.019444
0 0.959635 0.586111 0.036979 0.025926
0 0.167187 0.573611 0.027083 0.023148
0 0.607031 0.975000 0.034896 0.050000
0 0.447135 0.147222 0.011979 0.051852
0 0.428385 0.145833 0.010937 0.056481
0 0.447917 0.076852 0.013542 0.057407
0 0.429688 0.068056 0.011458 0.054630
0 0.992188 0.585648 0.015625 0.023148
0 0.178906 0.533333 0.025521 0.020370
0 0.465885 0.129167 0.010937 0.052778
0 0.469010 0.062037 0.011979 0.051852
0 0.615365 0.503241 0.026562 0.023148
0 0.120573 0.419907 0.028646 0.021296
0 0.025000 0.409259 0.029167 0.022222
0 0.990885 0.705556 0.017188 0.024074
0 0.195573 0.418981 0.026562 0.021296
0 0.006771 0.450000 0.013542 0.020370
0 0.991927 0.637037 0.015104 0.020370
0 0.129688 0.486574 0.028125 0.023148
0 0.261719 0.424074 0.027604 0.022222
0 0.925781 0.642130 0.026562 0.023148
0 0.094531 0.454630 0.026562 0.020370
0 0.990365 0.635648 0.019271 0.021296
0 0.343490 0.435185 0.028646 0.024074
0 0.362500 0.506944 0.023958 0.021296
0 0.265104 0.457870 0.025000 0.023148
0 0.255729 0.497222 0.026042 0.018519
0 0.397917 0.413426 0.023958 0.025000
0 0.558073 0.653241 0.028646 0.023148
0 0.508333 0.756019 0.013542 0.023148
0 0.461979 0.433333 0.027083 0.022222
0 0.099479 0.530093 0.029167 0.023148
0 0.127865 0.568519 0.023438 0.022222
0 0.871875 0.629630 0.027083 0.022222
0 0.842708 0.660648 0.027083 0.023148
0 0.015365 0.533333 0.026562 0.022222
0 0.345833 0.468519 0.027083 0.022222
0 0.763542 0.661574 0.028125 0.021296
0 0.799740 0.625926 0.025521 0.022222
0 0.524479 0.428704 0.026042 0.022222
0 0.440104 0.510185 0.025000 0.024074
0 0.611458 0.622222 0.026042 0.022222
0 0.081250 0.565278 0.025000 0.021296
0 0.655729 0.658796 0.027083 0.023148
0 0.705469 0.625926 0.027604 0.022222
0 0.570312 0.438426 0.026042 0.021296
0 0.056771 0.536574 0.025000 0.019444
0 0.055990 0.108333 0.013021 0.053704
0 0.497135 0.504167 0.028646 0.025000
0 0.647656 0.701852 0.029687 0.025926
0 0.432552 0.467593 0.029687 0.024074
0 0.588021 0.410648 0.026042 0.025000
0 0.576042 0.468056 0.022917 0.021296
0 0.735417 0.433333 0.026042 0.024074
0 0.582031 0.348611 0.025521 0.034259
0 0.274740 0.375000 0.024479 0.024074
0 0.646875 0.437963 0.026042 0.020370
0 0.519271 0.618056 0.026042 0.023148
0 0.808073 0.439815 0.026562 0.020370
0 0.642448 0.471296 0.025521 0.020370
0 0.554167 0.494907 0.026042 0.021296
0 0.416146 0.655556 0.025000 0.024074
0 0.400781 0.616204 0.025521 0.023148
0 0.362760 0.687037 0.026562 0.024074
0 0.326042 0.725463 0.027083 0.023148
0 0.303906 0.648611 0.025521 0.023148
0 0.303125 0.610648 0.027083 0.021296
0 0.868490 0.443056 0.025521 0.023148
0 0.707552 0.398611 0.025521 0.023148
0 0.754427 0.474074 0.027604 0.024074
0 0.755208 0.512037 0.025000 0.020370
0 0.203385 0.645370 0.026562 0.024074
0 0.173958 0.606944 0.025000 0.023148
0 0.808854 0.397222 0.033333 0.024074
0 0.931771 0.508796 0.028125 0.023148
0 0.031250 0.710648 0.028125 0.019444
0 0.846875 0.476389 0.028125 0.021296
0 0.853646 0.545833 0.029167 0.021296
0 0.096094 0.636574 0.027604 0.021296
0 0.040104 0.112037 0.011458 0.050000
0 0.041406 0.602315 0.027604 0.025000
0 0.940625 0.445833 0.070833 0.032407
0 0.968750 0.406481 0.028125 0.024074
