0 0.447396 0.943056 0.015625 0.052778
0 0.530208 0.654630 0.028125 0.042593
0 0.182552 0.243056 0.011979 0.052778
0 0.443490 0.181481 0.011979 0.038889
0 0.492969 0.725000 0.025521 0.051852
0 0.426302 0.181944 0.013021 0.052778
0 0.039844 0.282870 0.011979 0.043519
0 0.104167 0.278704 0.011458 0.053704
0 0.442448 0.106019 0.013021 0.054630
0 0.460677 0.074537 0.010937 0.049074
0 0.461198 0.139352 0.010937 0.050926
0 0.882552 0.487037 0.024479 0.020370
0 0.095052 0.699537 0.027604 0.023148
0 0.501042 0.219907 0.011458 0.050926
0 0.735156 0.526389 0.025521 0.021296
0 0.500521 0.131481 0.011458 0.053704
0 0.075781 0.627778 0.028646 0.020370
0 0.742448 0.455556 0.027604 0.024074
0 0.726302 0.423148 0.028646 0.024074
0 0.788802 0.453241 0.026562 0.025000
0 0.768229 0.419907 0.026042 0.025000
0 0.734115 0.492593 0.027604 0.024074
0 0.788802 0.492130 0.026562 0.021296
0 0.831510 0.451852 0.026562 0.024074
0 0.836979 0.489352 0.030208 0.023148
0 0.813802 0.419444 0.025521 0.022222
0 0.004948 0.153704 0.008854 0.035185
0 0.873958 0.451389 0.026042 0.023148
0 0.262240 0.691667 0.025521 0.022222
0 0.919010 0.452778 0.026562 0.024074
0 0.871094 0.417593 0.025521 0.022222
0 0.212240 0.627315 0.028646 0.023148
0 0.222396 0.695370 0.028125 0.024074
0 0.254167 0.621296 0.028125 0.020370
0 0.257031 0.658333 0.028646 0.022222
0 0.406771 0.158796 0.011458 0.050926
0 0.171094 0.627315 0.026562 0.023148
0 0.214583 0.658796 0.028125 0.023148
0 0.976042 0.448611 0.029167 0.023148
0 0.773438 0.525463 0.028125 0.021296
0 0.914323 0.418056 0.020313 0.023148
0 0.926562 0.490278 0.027083 0.021296
0 0.408854 0.949074 0.012500 0.050000
0 0.173698 0.659259 0.030729 0.025926
0 0.183594 0.692593 0.025521 0.022222
0 0.949740 0.418519 0.024479 0.020370
0 0.128125 0.624074 0.027083 0.024074
0 0.128906 0.662037 0.028646 0.024074
0 0.141146 0.696296 0.028125 0.022222
0 0.442188 0.028704 0.011458 0.051852
0 0.479167 0.080556 0.010417 0.050000
0 0.031250 0.665278 0.027083 0.021296
0 0.425000 0.021296 0.012500 0.042593
0 0.372135 0.741667 0.032813 0.038889
0 0.073698 0.662500 0.028646 0.023148
0 0.814323 0.525463 0.025521 0.021296
0 0.987760 0.416667 0.022396 0.020370
0 0.486719 0.296296 0.013021 0.050000
0 0.461979 0.322685 0.020833 0.054630
0 0.407031 0.840741 0.022396 0.053704
0 0.975521 0.488426 0.025000 0.021296
0 0.848958 0.522222 0.022917 0.018519
0 0.740885 0.562037 0.026562 0.022222
0 0.526302 0.224537 0.019271 0.054630
0 0.478125 0.379167 0.021875 0.045370
0 0.263542 0.548611 0.026042 0.021296
0 0.734635 0.786574 0.015104 0.032407
0 0.032813 0.625463 0.027083 0.021296
0 0.315885 0.722222 0.030729 0.025926
0 0.253385 0.588426 0.025521 0.023148
0 0.794792 0.563426 0.028125 0.023148
0 0.001563 0.663426 0.003125 0.019444
0 0.040625 0.699537 0.031250 0.023148
0 0.240885 0.731019 0.027604 0.023148
0 0.893750 0.520370 0.026042 0.016667
0 0.001823 0.628241 0.003646 0.021296
0 0.207552 0.552778 0.026562 0.022222
0 0.024219 0.428241 0.026562 0.021296
0 0.794531 0.385185 0.026562 0.024074
0 0.933073 0.524537 0.028646 0.021296
0 0.008854 0.272685 0.013542 0.049074
0 0.100000 0.535648 0.030208 0.032407
0 0.047656 0.560648 0.029687 0.021296
0 0.125260 0.589352 0.027604 0.023148
0 0.992708 0.641204 0.014583 0.049074
0 0.077604 0.739352 0.034375 0.025000
0 0.003385 0.695370 0.005729 0.022222
0 0.404427 0.037500 0.011979 0.050926
0 0.965625 0.378241 0.025000 0.017593
