0 0.110677 0.266667 0.011979 0.051852
0 0.009896 0.140278 0.013542 0.039815
0 0.727865 0.571296 0.025521 0.022222
0 0.056771 0.119444 0.018750 0.057407
0 0.768229 0.571296 0.025000 0.020370
0 0.260677 0.577778 0.028646 0.022222
0 0.807552 0.569444 0.027604 0.024074
0 0.213802 0.575000 0.023438 0.022222
0 0.847917 0.569444 0.026042 0.022222
0 0.360938 0.549074 0.027083 0.022222
0 0.882552 0.575926 0.027604 0.024074
0 0.920052 0.573611 0.031771 0.025000
0 0.175781 0.576389 0.024479 0.021296
0 0.665104 0.569444 0.027083 0.022222
0 0.270052 0.543981 0.023438 0.017593
0 0.445833 0.067130 0.011458 0.052778
0 0.428906 0.151389 0.010937 0.045370
0 0.445312 0.143056 0.014583 0.058333
0 0.428385 0.075463 0.014063 0.060185
0 0.228646 0.545370 0.026042 0.020370
0 0.134375 0.574537 0.026042 0.023148
0 0.184896 0.540741 0.023958 0.020370
0 0.148177 0.541667 0.024479 0.020370
0 0.099219 0.533796 0.026562 0.021296
0 0.092448 0.576852 0.026562 0.022222
0 0.057031 0.540741 0.027604 0.022222
0 0.465625 0.125000 0.011458 0.053704
0 0.057031 0.645370 0.035937 0.024074
0 0.462500 0.055093 0.011458 0.041667
0 0.046094 0.268981 0.011979 0.041667
0 0.007552 0.487963 0.014063 0.022222
0 0.090885 0.412963 0.028646 0.020370
0 0.589323 0.562963 0.026562 0.024074
0 0.166146 0.424537 0.027083 0.021296
0 0.140625 0.381481 0.025000 0.018519
0 0.041406 0.123148 0.011979 0.053704
0 0.531510 0.292593 0.025521 0.050000
0 0.009115 0.487500 0.018229 0.021296
0 0.267188 0.403704 0.026042 0.022222
0 0.193750 0.456019 0.026042 0.021296
0 0.072656 0.452778 0.026562 0.018519
0 0.639844 0.388426 0.028646 0.030556
0 0.990625 0.693981 0.018750 0.025000
0 0.688021 0.398611 0.027083 0.021296
0 0.178906 0.490278 0.024479 0.021296
0 0.087760 0.493056 0.027604 0.019444
0 0.408854 0.423611 0.023958 0.023148
0 0.859635 0.693519 0.030729 0.025926
0 0.496354 0.427778 0.025000 0.022222
0 0.420052 0.456481 0.025521 0.020370
0 0.859635 0.653241 0.025521 0.021296
0 0.971094 0.650000 0.028646 0.022222
0 0.052865 0.576389 0.025521 0.019444
0 0.333073 0.450000 0.023438 0.022222
0 0.019792 0.537963 0.027083 0.022222
0 0.015625 0.257407 0.018750 0.057407
0 0.282813 0.491667 0.027083 0.020370
0 0.774219 0.695370 0.027604 0.024074
0 0.856510 0.618981 0.028646 0.023148
0 0.785156 0.649074 0.024479 0.018519
0 0.463802 0.511574 0.026562 0.023148
0 0.742969 0.400463 0.027604 0.019444
0 0.348438 0.482407 0.026042 0.020370
0 0.572917 0.424074 0.027083 0.024074
0 0.695052 0.682407 0.027604 0.020370
0 0.699740 0.618056 0.028646 0.023148
0 0.617448 0.653241 0.025521 0.019444
0 0.540625 0.457407 0.028125 0.024074
0 0.789844 0.618981 0.025521 0.019444
0 0.472396 0.459722 0.028125 0.025000
0 0.629948 0.432407 0.024479 0.020370
0 0.967187 0.575463 0.023958 0.021296
0 0.407292 0.490278 0.026042 0.021296
0 0.011979 0.572685 0.020833 0.023148
0 0.572396 0.619907 0.027083 0.021296
0 0.545573 0.675000 0.024479 0.020370
0 0.671615 0.430556 0.024479 0.020370
0 0.501302 0.650926 0.026562 0.022222
0 0.331510 0.368519 0.025521 0.025926
0 0.780729 0.384722 0.026042 0.019444
0 0.511458 0.611111 0.027083 0.022222
0 0.619271 0.463889 0.028125 0.022222
0 0.698958 0.464815 0.029167 0.024074
0 0.417969 0.649537 0.027604 0.021296
0 0.529167 0.497685 0.028125 0.025000
0 0.439583 0.688889 0.031250 0.022222
0 0.781510 0.427778 0.029687 0.022222
0 0.337500 0.731481 0.025000 0.024074
0 0.396354 0.612500 0.026042 0.019444
0 0.585938 0.492130 0.026042 0.019444
0 0.235156 0.613426 0.024479 0.023148
0 0.360156 0.679167 0.026562 0.023148
0 0.329427 0.645833 0.024479 0.019444
0 0.849219 0.433796 0.026562 0.021296
0 0.232031 0.719444 0.027604 0.020370
0 0.566667 0.526389 0.028125 0.023148
0 0.823698 0.394907 0.027604 0.019444
0 0.991927 0.571296 0.016146 0.020370
0 0.155990 0.610185 0.027604 0.024074
0 0.159896 0.645833 0.026042 0.025000
0 0.267969 0.681019 0.024479 0.019444
0 0.072656 0.609722 0.028646 0.023148
0 0.237240 0.648611 0.025521 0.019444
0 0.888021 0.464815 0.029167 0.022222
0 0.142969 0.681944 0.029687 0.023148
0 0.177865 0.718519 0.025521 0.022222
0 0.781250 0.532407 0.027083 0.022222
0 0.947656 0.465741 0.028646 0.020370
0 0.912760 0.432407 0.026562 0.022222
0 0.958854 0.429630 0.027083 0.022222
0 0.945573 0.534722 0.027604 0.023148
0 0.043750 0.680556 0.023958 0.022222
0 0.410156 0.020833 0.014063 0.041667
0 0.188021 0.235648 0.013542 0.054630
