0 0.184635 0.238889 0.010937 0.053704
0 0.107552 0.273148 0.014063 0.057407
0 0.007292 0.148611 0.012500 0.037963
0 0.732292 0.569444 0.028125 0.025926
0 0.468229 0.482407 0.012500 0.055556
0 0.053125 0.125000 0.015625 0.059259
0 0.735417 0.460185 0.025000 0.025926
0 0.733073 0.429167 0.026562 0.023148
0 0.782813 0.423611 0.027083 0.023148
0 0.772396 0.461574 0.026042 0.025000
0 0.821094 0.426389 0.027604 0.023148
0 0.810156 0.460648 0.026562 0.025000
0 0.849479 0.461111 0.031250 0.025926
0 0.734375 0.495833 0.025000 0.021296
0 0.865104 0.424537 0.026042 0.023148
0 0.007812 0.269444 0.012500 0.050000
0 0.777604 0.496296 0.025000 0.024074
0 0.914583 0.427315 0.029167 0.023148
0 0.893490 0.462963 0.030729 0.025926
0 0.730469 0.529630 0.029687 0.025926
0 0.263542 0.653241 0.025000 0.021296
0 0.932813 0.460648 0.029167 0.023148
0 0.952344 0.429167 0.025521 0.021296
0 0.259896 0.617593 0.028125 0.024074
0 0.222396 0.651389 0.028125 0.023148
0 0.274740 0.685648 0.027604 0.021296
0 0.208594 0.617130 0.032813 0.023148
0 0.241406 0.684722 0.026562 0.021296
0 0.976823 0.460648 0.030729 0.023148
0 0.820312 0.496759 0.026042 0.025000
0 0.778125 0.530093 0.026042 0.023148
0 0.121094 0.652315 0.026562 0.021296
0 0.167448 0.653704 0.027604 0.024074
0 0.119010 0.616667 0.027604 0.022222
0 0.158594 0.618519 0.030729 0.024074
0 0.197917 0.691204 0.027083 0.023148
0 0.082031 0.615278 0.025521 0.021296
0 0.987500 0.428704 0.023958 0.022222
0 0.861719 0.497222 0.032813 0.024074
0 0.083854 0.651389 0.030208 0.023148
0 0.152083 0.686574 0.027083 0.021296
0 0.904948 0.496759 0.027604 0.025000
0 0.047135 0.617130 0.024479 0.023148
0 0.110156 0.687037 0.028646 0.024074
0 0.038021 0.655093 0.030208 0.025000
0 0.821094 0.530556 0.027604 0.022222
0 0.951042 0.496759 0.028125 0.023148
0 0.768490 0.568981 0.025521 0.025000
0 0.070573 0.686111 0.027604 0.022222
0 0.003125 0.652778 0.006250 0.024074
0 0.984896 0.497222 0.023958 0.020370
0 0.029687 0.687500 0.026042 0.021296
0 0.259375 0.583796 0.029167 0.023148
0 0.808073 0.566204 0.027604 0.025000
0 0.212240 0.581481 0.025521 0.022222
0 0.848698 0.565741 0.026562 0.020370
0 0.240104 0.547222 0.026042 0.022222
0 0.870573 0.531481 0.032813 0.024074
0 0.891146 0.570370 0.029167 0.022222
0 0.929948 0.568519 0.029687 0.022222
0 0.466146 0.323148 0.010417 0.053704
0 0.014583 0.616667 0.025000 0.020370
0 0.165104 0.581019 0.027083 0.021296
0 0.467187 0.406944 0.010417 0.047222
0 0.916927 0.534259 0.028646 0.022222
0 0.201302 0.549537 0.024479 0.021296
0 0.970313 0.529167 0.028125 0.021296
0 0.128646 0.206944 0.013542 0.045370
0 0.462240 0.251389 0.015104 0.052778
0 0.484115 0.208796 0.014063 0.050926
0 0.439583 0.549074 0.013542 0.066667
0 0.996615 0.529167 0.006771 0.023148
0 0.514844 0.017130 0.007812 0.034259
0 0.535156 0.264352 0.019271 0.050926
0 0.433073 0.960185 0.013021 0.057407
0 0.412500 0.874537 0.012500 0.050926
0 0.438542 0.763889 0.012500 0.055556
0 0.369271 0.743981 0.029167 0.039815
0 0.502083 0.303241 0.013542 0.052778
0 0.422135 0.645370 0.013021 0.055556
0 0.483854 0.053704 0.016667 0.055556
0 0.254948 0.721759 0.027604 0.021296
0 0.461198 0.157870 0.016146 0.060185
0 0.424219 0.476852 0.013021 0.059259
0 0.042969 0.276852 0.013021 0.042593
0 0.440365 0.415741 0.010937 0.051852
0 0.118750 0.498148 0.022917 0.053704
0 0.460938 0.075926 0.011458 0.053704
0 0.502344 0.640278 0.014063 0.060185
0 0.424740 0.318519 0.011979 0.050000
0 0.441146 0.225926 0.010417 0.050000
0 0.109635 0.724074 0.027604 0.022222
0 0.492188 0.741204 0.013542 0.054630
0 0.422135 0.209722 0.009896 0.047222
0 0.534115 0.832870 0.017188 0.049074
0 0.065104 0.553241 0.028125 0.019444
0 0.489583 0.893981 0.013542 0.054630
0 0.442708 0.080556 0.011458 0.046296
0 0.460938 0.015741 0.015625 0.031481
