0 0.182552 0.238426 0.010937 0.049074
0 0.105469 0.271759 0.011979 0.050926
0 0.006510 0.145833 0.010937 0.037963
0 0.730990 0.570833 0.023438 0.019444
0 0.009375 0.260185 0.014583 0.042593
0 0.734635 0.462500 0.024479 0.021296
0 0.732292 0.431019 0.025000 0.019444
0 0.777344 0.425926 0.025521 0.020370
0 0.770833 0.463889 0.026042 0.022222
0 0.819531 0.428704 0.027604 0.020370
0 0.808333 0.463426 0.025000 0.021296
0 0.848958 0.463426 0.028125 0.021296
0 0.733594 0.497222 0.025521 0.018519
0 0.863802 0.425926 0.025521 0.018519
0 0.040365 0.274537 0.011979 0.037963
0 0.775521 0.498611 0.025000 0.019444
0 0.913802 0.430093 0.026562 0.019444
0 0.893229 0.465278 0.026042 0.019444
0 0.729948 0.531944 0.026562 0.019444
0 0.260417 0.653241 0.025000 0.017593
0 0.932031 0.462963 0.025521 0.020370
0 0.951042 0.432407 0.023958 0.018519
0 0.258073 0.618056 0.028646 0.021296
0 0.220312 0.651852 0.026042 0.018519
0 0.273958 0.685648 0.026042 0.019444
0 0.206771 0.618519 0.029167 0.020370
0 0.239323 0.684722 0.024479 0.019444
0 0.976302 0.462963 0.027604 0.020370
0 0.818490 0.498148 0.025521 0.020370
0 0.777344 0.531944 0.024479 0.019444
0 0.118750 0.651852 0.026042 0.020370
0 0.165885 0.654630 0.027604 0.022222
0 0.116927 0.616667 0.027604 0.022222
0 0.156250 0.618519 0.029167 0.024074
0 0.195312 0.690741 0.027083 0.022222
0 0.080208 0.615278 0.026042 0.019444
0 0.986979 0.431481 0.022917 0.018519
0 0.860938 0.498148 0.030208 0.020370
0 0.082292 0.650926 0.028125 0.020370
0 0.149740 0.687500 0.027604 0.021296
0 0.903906 0.498148 0.026562 0.020370
0 0.044271 0.616667 0.022917 0.020370
0 0.108073 0.687963 0.027604 0.022222
0 0.035937 0.653704 0.028125 0.022222
0 0.819531 0.532407 0.026562 0.020370
0 0.949219 0.498148 0.026562 0.020370
0 0.767708 0.569907 0.023958 0.017593
0 0.067969 0.687037 0.026562 0.020370
0 0.001823 0.650463 0.003646 0.021296
0 0.027344 0.686574 0.024479 0.021296
0 0.257552 0.583333 0.027604 0.020370
0 0.807031 0.567593 0.026562 0.020370
0 0.209635 0.581481 0.025521 0.022222
0 0.847396 0.566667 0.025000 0.018519
0 0.237500 0.546759 0.025000 0.019444
0 0.869271 0.533333 0.029167 0.020370
0 0.889844 0.572685 0.027604 0.019444
0 0.927865 0.569907 0.026562 0.021296
0 0.013281 0.616667 0.022396 0.018519
0 0.163802 0.581481 0.025521 0.020370
0 0.916146 0.535648 0.027083 0.019444
0 0.199479 0.548611 0.022917 0.017593
0 0.968750 0.531481 0.027083 0.018519
0 0.996615 0.532407 0.006771 0.018519
0 0.442708 0.068519 0.011458 0.051852
0 0.966406 0.572222 0.022396 0.018519
0 0.425521 0.153241 0.009375 0.049074
0 0.442188 0.144907 0.013542 0.052778
0 0.423958 0.080556 0.011458 0.048148
0 0.126562 0.203704 0.013542 0.044444
0 0.034896 0.129167 0.010417 0.041667
0 0.161719 0.549537 0.025521 0.021296
0 0.991406 0.567130 0.016146 0.017593
0 0.007812 0.422222 0.015625 0.020370
0 0.402344 0.926389 0.013021 0.049074
0 0.041146 0.397222 0.026042 0.018519
0 0.950781 0.649537 0.028646 0.021296
0 0.121875 0.581481 0.026042 0.020370
0 0.322135 0.510648 0.026562 0.034259
0 0.117188 0.545833 0.025000 0.019444
0 0.752865 0.668519 0.024479 0.024074
0 0.382812 0.764352 0.027083 0.047222
0 0.374219 0.524074 0.021354 0.044444
0 0.408594 0.573148 0.017188 0.042593
0 0.563021 0.511111 0.027083 0.048148
0 0.078125 0.550000 0.025000 0.020370
0 0.389062 0.309259 0.017708 0.044444
0 0.428906 0.726389 0.020313 0.056481
0 0.489063 0.307870 0.017708 0.050926
0 0.457813 0.877778 0.013542 0.050000
