0 0.186198 0.237500 0.013021 0.050926
0 0.108594 0.267130 0.011979 0.054630
0 0.008333 0.141667 0.012500 0.038889
0 0.734635 0.573148 0.024479 0.022222
0 0.055729 0.119907 0.018750 0.056481
0 0.371094 0.607407 0.025521 0.020370
0 0.770833 0.572222 0.025000 0.020370
0 0.259375 0.581019 0.028125 0.021296
0 0.810937 0.569907 0.028125 0.023148
0 0.212500 0.577778 0.025000 0.024074
0 0.851302 0.570833 0.026562 0.021296
0 0.361458 0.552315 0.029167 0.023148
0 0.890885 0.576389 0.028646 0.023148
0 0.932813 0.573611 0.028125 0.023148
0 0.174479 0.579630 0.025000 0.022222
0 0.667448 0.572685 0.026562 0.021296
0 0.269792 0.545833 0.025000 0.019444
0 0.446094 0.066204 0.014063 0.058333
0 0.971094 0.576389 0.021354 0.019444
0 0.429167 0.150463 0.010417 0.049074
0 0.445573 0.142593 0.015104 0.059259
0 0.428385 0.076389 0.014063 0.060185
0 0.228125 0.548148 0.027083 0.020370
0 0.055990 0.497685 0.025521 0.019444
0 0.133594 0.578241 0.025521 0.021296
0 0.183333 0.544444 0.026042 0.020370
0 0.146875 0.544444 0.025000 0.020370
0 0.074479 0.539815 0.029167 0.022222
0 0.090885 0.579630 0.028646 0.024074
0 0.021094 0.546296 0.029687 0.020370
0 0.349740 0.357407 0.027604 0.044444
0 0.465885 0.125463 0.010937 0.054630
0 0.036458 0.464815 0.027083 0.018519
0 0.524740 0.261574 0.024479 0.050926
0 0.208333 0.431019 0.028125 0.023148
0 0.194271 0.467130 0.029167 0.021296
0 0.115885 0.447685 0.029687 0.021296
0 0.195833 0.497685 0.029167 0.021296
0 0.576302 0.350926 0.029687 0.035185
0 0.253385 0.451852 0.026562 0.020370
0 0.261198 0.404167 0.027604 0.023148
1 0.092969 0.405556 0.080729 0.038889
0 0.863542 0.619907 0.027083 0.023148
0 0.325260 0.474537 0.024479 0.021296
0 0.278646 0.500000 0.026042 0.018519
0 0.463021 0.054167 0.012500 0.041667
0 0.617448 0.386111 0.025521 0.024074
0 0.448177 0.412963 0.026562 0.024074
0 0.335938 0.504630 0.027083 0.020370
0 0.322396 0.442593 0.025000 0.018519
0 0.633854 0.361574 0.023958 0.030556
0 0.757812 0.624537 0.028125 0.021296
0 0.393229 0.477778 0.029167 0.020370
0 0.679948 0.705093 0.024479 0.019444
0 0.484896 0.451389 0.027083 0.023148
0 0.509375 0.420833 0.031250 0.025000
0 0.389583 0.288889 0.021875 0.051852
0 0.410156 0.444444 0.026562 0.024074
0 0.473438 0.640278 0.025000 0.021296
0 0.591146 0.494907 0.029167 0.021296
0 0.434375 0.511111 0.025000 0.020370
0 0.459635 0.480093 0.026562 0.023148
0 0.643750 0.632407 0.026042 0.022222
0 0.698958 0.397685 0.023958 0.017593
0 0.358594 0.655093 0.024479 0.021296
0 0.044010 0.269907 0.014063 0.045370
0 0.582031 0.688889 0.024479 0.020370
0 0.729948 0.431481 0.027604 0.022222
0 0.523958 0.487963 0.028125 0.022222
0 0.685677 0.498148 0.026562 0.022222
0 0.592969 0.428704 0.026562 0.022222
0 0.389844 0.840278 0.023438 0.050926
0 0.495052 0.514352 0.031771 0.025000
0 0.650521 0.432870 0.023958 0.023148
0 0.450000 0.604630 0.029167 0.024074
0 0.547396 0.458796 0.027083 0.021296
0 0.472396 0.681944 0.027083 0.023148
0 0.574740 0.522222 0.024479 0.020370
0 0.755208 0.392130 0.026042 0.023148
0 0.286458 0.652315 0.023958 0.017593
1 0.792448 0.693056 0.078646 0.032407
0 0.636458 0.464352 0.023958 0.019444
0 0.850000 0.431019 0.029167 0.023148
0 0.336458 0.691667 0.023958 0.022222
0 0.786979 0.430556 0.028125 0.024074
0 0.214062 0.650926 0.025000 0.022222
0 0.246094 0.611574 0.023438 0.019444
0 0.746094 0.463426 0.027604 0.023148
0 0.833854 0.384722 0.026042 0.017593
0 0.761198 0.539352 0.027604 0.023148
0 0.152604 0.613889 0.027083 0.022222
0 0.253906 0.687037 0.024479 0.022222
0 0.814323 0.503241 0.026562 0.021296
0 0.898177 0.436574 0.027604 0.021296
0 0.880469 0.399074 0.025521 0.018519
0 0.919792 0.374074 0.026042 0.022222
0 0.866406 0.534259 0.027604 0.024074
0 0.954427 0.427315 0.029687 0.023148
0 0.834896 0.464815 0.025000 0.022222
0 0.995052 0.620370 0.009896 0.020370
0 0.879427 0.502778 0.026562 0.024074
0 0.097656 0.650463 0.024479 0.023148
0 0.069531 0.618519 0.028646 0.020370
0 0.956771 0.466204 0.023958 0.019444
0 0.977604 0.391667 0.025000 0.024074
0 0.041406 0.717593 0.024479 0.020370
0 0.012240 0.652778 0.013021 0.020370
0 0.012240 0.616667 0.017188 0.018519
