0 0.182552 0.237037 0.015104 0.057407
0 0.105208 0.270833 0.013542 0.058333
0 0.006510 0.145370 0.011979 0.038889
0 0.448437 0.997222 0.005208 0.005556
0 0.438281 0.943981 0.020313 0.054630
0 0.500000 0.067593 0.011458 0.053704
0 0.479427 0.772222 0.027604 0.050000
0 0.503906 0.166204 0.016146 0.060185
0 0.517188 0.691667 0.030208 0.044444
0 0.733594 0.568056 0.026562 0.023148
0 0.493490 0.330556 0.018229 0.061111
0 0.426563 0.138426 0.014583 0.052778
0 0.442448 0.138889 0.011979 0.051852
0 0.427083 0.062500 0.012500 0.054630
0 0.442708 0.068056 0.011458 0.050926
0 0.462500 0.164815 0.013542 0.055556
0 0.034896 0.126389 0.011458 0.045370
0 0.050521 0.122222 0.019792 0.051852
0 0.112240 0.448611 0.019271 0.054630
0 0.107813 0.543056 0.030208 0.023148
0 0.736458 0.459722 0.023958 0.021296
0 0.733854 0.427315 0.026042 0.021296
0 0.784115 0.421759 0.027604 0.023148
0 0.772917 0.460648 0.026042 0.025000
0 0.822135 0.425000 0.027604 0.024074
0 0.810156 0.458796 0.026562 0.021296
0 0.850521 0.458796 0.029167 0.023148
0 0.735938 0.494907 0.026042 0.021296
0 0.866406 0.422685 0.026562 0.023148
0 0.040365 0.273611 0.013021 0.041667
0 0.778646 0.495833 0.025000 0.023148
0 0.915885 0.425463 0.028646 0.023148
0 0.895573 0.461111 0.026562 0.024074
0 0.731771 0.528704 0.028125 0.024074
0 0.261719 0.651852 0.027604 0.022222
0 0.934896 0.458796 0.025000 0.021296
0 0.953125 0.427778 0.025000 0.020370
0 0.259115 0.616667 0.028646 0.022222
0 0.220833 0.650926 0.028125 0.022222
0 0.273177 0.684722 0.028646 0.023148
0 0.207813 0.616667 0.029167 0.024074
0 0.240625 0.684259 0.027083 0.022222
0 0.979427 0.458796 0.029687 0.023148
0 0.821094 0.495833 0.026562 0.023148
0 0.779427 0.530556 0.026562 0.022222
0 0.119271 0.651389 0.027083 0.021296
0 0.166667 0.653704 0.028125 0.022222
0 0.117188 0.617593 0.028125 0.022222
0 0.156771 0.616667 0.032292 0.024074
0 0.195833 0.690278 0.027083 0.025000
0 0.080469 0.615278 0.025521 0.021296
0 0.988802 0.427315 0.021354 0.021296
0 0.863281 0.496296 0.031771 0.024074
0 0.173698 0.422685 0.027604 0.023148
0 0.483073 0.246296 0.016146 0.057407
0 0.082292 0.650926 0.029167 0.022222
0 0.150260 0.687037 0.027604 0.022222
0 0.905990 0.496296 0.028646 0.024074
0 0.044792 0.616204 0.023958 0.021296
0 0.212240 0.381944 0.026562 0.025000
0 0.472917 0.339815 0.018750 0.057407
0 0.108594 0.687500 0.028646 0.023148
0 0.035937 0.654630 0.028125 0.024074
0 0.823177 0.530556 0.029687 0.024074
0 0.952344 0.495833 0.029687 0.023148
0 0.531771 0.230093 0.018750 0.050926
0 0.447917 0.413889 0.027083 0.050000
0 0.770052 0.567593 0.026562 0.022222
0 0.068490 0.686111 0.027604 0.022222
0 0.309375 0.391667 0.029167 0.037037
0 0.616667 0.364352 0.027083 0.030556
0 0.002344 0.650926 0.004687 0.022222
0 0.987500 0.496296 0.022917 0.020370
0 0.324219 0.726389 0.026562 0.023148
0 0.027604 0.687037 0.027083 0.022222
0 0.258854 0.582407 0.029167 0.024074
0 0.751823 0.391667 0.024479 0.024074
0 0.811979 0.566204 0.029167 0.025000
0 0.440885 0.012037 0.014063 0.024074
0 0.405208 0.204630 0.011458 0.048148
0 0.196615 0.579630 0.025521 0.024074
0 0.009896 0.260185 0.014583 0.046296
0 0.911719 0.563889 0.026562 0.022222
0 0.405208 0.106019 0.012500 0.058333
0 0.033854 0.549537 0.028125 0.019444
0 0.979948 0.530093 0.027604 0.023148
0 0.935937 0.387500 0.026042 0.017593
0 0.995573 0.569444 0.006771 0.018519
