0 0.182812 0.244444 0.012500 0.055556
0 0.104688 0.279630 0.012500 0.053704
0 0.442708 0.618056 0.014583 0.060185
0 0.466146 0.406944 0.010417 0.050926
0 0.880208 0.487037 0.026042 0.022222
0 0.094792 0.698611 0.027083 0.021296
0 0.733333 0.527315 0.026042 0.023148
0 0.076302 0.626852 0.027604 0.020370
0 0.740885 0.455556 0.026562 0.024074
0 0.724740 0.423611 0.027604 0.023148
0 0.786979 0.453704 0.026042 0.024074
0 0.766406 0.420833 0.025521 0.023148
0 0.732812 0.493056 0.027083 0.023148
0 0.787500 0.492593 0.027083 0.020370
0 0.829427 0.452315 0.026562 0.023148
0 0.835156 0.490278 0.031771 0.025000
0 0.811719 0.419444 0.025521 0.022222
0 0.005208 0.154630 0.009375 0.038889
0 0.872135 0.452315 0.025521 0.021296
0 0.262240 0.691667 0.024479 0.020370
0 0.916667 0.453241 0.028125 0.023148
0 0.868490 0.417130 0.026562 0.021296
0 0.212500 0.626389 0.027083 0.023148
0 0.222396 0.695370 0.029167 0.022222
0 0.254167 0.621296 0.027083 0.020370
0 0.257031 0.657407 0.028646 0.022222
0 0.170573 0.627315 0.026562 0.025000
0 0.215104 0.658333 0.027083 0.022222
0 0.972656 0.448611 0.035937 0.025000
0 0.771354 0.524537 0.028125 0.023148
0 0.913021 0.418056 0.021875 0.023148
0 0.925000 0.490278 0.027083 0.021296
0 0.173698 0.658796 0.034896 0.026852
0 0.184115 0.692593 0.024479 0.022222
0 0.946615 0.419907 0.025521 0.023148
0 0.127865 0.625000 0.026562 0.022222
0 0.129167 0.661111 0.027083 0.024074
0 0.141146 0.695833 0.027083 0.021296
0 0.030729 0.664352 0.026042 0.021296
0 0.073438 0.660648 0.028125 0.023148
0 0.812240 0.525463 0.025521 0.021296
0 0.986198 0.418519 0.024479 0.018519
0 0.972135 0.487963 0.026562 0.020370
0 0.846094 0.522685 0.024479 0.021296
0 0.733073 0.562963 0.027604 0.022222
0 0.263542 0.548611 0.022917 0.017593
0 0.033073 0.625000 0.026562 0.020370
0 0.253385 0.587963 0.025521 0.024074
0 0.779948 0.563889 0.026562 0.024074
0 0.001563 0.663426 0.003125 0.019444
0 0.040104 0.698611 0.036458 0.025000
0 0.891406 0.520370 0.026562 0.016667
0 0.001823 0.627315 0.003646 0.021296
0 0.222135 0.552778 0.026562 0.020370
0 0.517969 0.102778 0.015104 0.057407
0 0.929688 0.525000 0.028125 0.022222
0 0.213802 0.587500 0.025521 0.021296
0 0.410417 0.891667 0.019792 0.062963
0 0.005729 0.694907 0.010417 0.023148
0 0.528385 0.225463 0.015104 0.045370
0 0.371875 0.753241 0.027083 0.030556
0 0.548438 0.325463 0.028125 0.045370
0 0.173698 0.587500 0.025521 0.021296
0 0.311198 0.730093 0.024479 0.021296
0 0.425260 0.226852 0.009896 0.048148
0 0.581250 0.343519 0.022917 0.031481
0 0.879427 0.708333 0.025521 0.022222
0 0.233854 0.729630 0.027083 0.022222
0 0.972917 0.521759 0.026042 0.019444
0 0.827865 0.564352 0.025521 0.021296
0 0.484375 0.078241 0.016667 0.062037
0 0.169792 0.732407 0.030208 0.024074
0 0.509115 0.163426 0.007812 0.034259
0 0.040104 0.283333 0.012500 0.042593
0 0.450521 0.781019 0.012500 0.058333
0 0.461979 0.150000 0.012500 0.053704
0 0.427604 0.758796 0.010417 0.043519
0 0.129688 0.591204 0.029167 0.025000
0 0.493490 0.303704 0.014063 0.059259
0 0.867448 0.561111 0.030729 0.025926
0 0.484635 0.427778 0.013021 0.055556
0 0.113802 0.733796 0.026562 0.023148
0 0.740104 0.386574 0.026042 0.023148
0 0.466667 0.307407 0.014583 0.057407
0 0.422396 0.486111 0.012500 0.061111
0 0.088021 0.590278 0.026042 0.021296
0 0.487760 0.550926 0.010937 0.053704
0 0.440365 0.426852 0.010937 0.055556
0 0.504948 0.527315 0.010937 0.052778
0 0.792188 0.385648 0.027083 0.023148
0 0.919271 0.561111 0.029167 0.024074
0 0.162760 0.555093 0.024479 0.021296
0 0.421875 0.350463 0.013542 0.060185
0 0.044010 0.594907 0.027604 0.025000
0 0.508073 0.729167 0.013021 0.054630
0 0.492448 0.796296 0.010937 0.053704
0 0.871094 0.382407 0.027604 0.022222
0 0.974479 0.559722 0.028125 0.021296
0 0.514323 0.971759 0.015104 0.052778
0 0.441667 0.166667 0.015625 0.064815
0 0.617188 0.966667 0.030208 0.066667
0 0.126042 0.210648 0.016667 0.050926
0 0.493229 0.901389 0.011458 0.049074
0 0.053385 0.555093 0.027604 0.021296
0 0.423958 0.068981 0.011458 0.050926
