0 0.184896 0.234722 0.014583 0.056481
0 0.106771 0.268519 0.012500 0.053704
0 0.007031 0.142593 0.011979 0.037037
0 0.577865 0.643519 0.026562 0.031481
0 0.493750 0.087500 0.010417 0.052778
0 0.627604 0.615278 0.032292 0.039815
0 0.481771 0.278241 0.013542 0.050926
0 0.509375 0.193519 0.011458 0.050000
0 0.753125 0.569444 0.026042 0.024074
0 0.435937 0.498148 0.025000 0.038889
0 0.816146 0.566204 0.028125 0.023148
0 0.384115 0.547685 0.026562 0.025000
0 0.872396 0.564352 0.029167 0.021296
0 0.479687 0.352315 0.020833 0.050926
0 0.322656 0.578704 0.025521 0.020370
0 0.928646 0.566204 0.029167 0.021296
0 0.434375 0.442130 0.026042 0.043519
0 0.970833 0.566204 0.028125 0.023148
0 0.244792 0.581944 0.030208 0.021296
0 0.427083 0.137963 0.015625 0.051852
0 0.383073 0.505556 0.032813 0.033333
0 0.115365 0.456019 0.020313 0.050926
0 0.444010 0.137500 0.011979 0.049074
0 0.427604 0.054167 0.011458 0.047222
0 0.443750 0.068056 0.010417 0.045370
0 0.107552 0.524074 0.026562 0.031481
0 0.463802 0.162963 0.011979 0.053704
0 0.010156 0.260185 0.015104 0.048148
0 0.036458 0.125926 0.011458 0.042593
0 0.053646 0.119444 0.018750 0.053704
0 0.180469 0.353241 0.014063 0.052778
0 0.037760 0.464352 0.026562 0.019444
0 0.993490 0.612037 0.013021 0.022222
0 0.042969 0.422222 0.027604 0.020370
0 0.738281 0.457870 0.022396 0.021296
0 0.735417 0.425926 0.027083 0.022222
0 0.784635 0.420833 0.028646 0.023148
0 0.774219 0.458796 0.024479 0.023148
0 0.822917 0.424074 0.028125 0.022222
0 0.811458 0.457870 0.025000 0.019444
0 0.851562 0.458333 0.028125 0.022222
0 0.737240 0.492593 0.025521 0.020370
0 0.867188 0.421759 0.028125 0.021296
0 0.041667 0.271296 0.013542 0.040741
0 0.779687 0.494444 0.025000 0.022222
0 0.985938 0.646296 0.023958 0.018519
0 0.916667 0.424074 0.028125 0.022222
0 0.896875 0.460648 0.027083 0.021296
0 0.023958 0.387500 0.026042 0.017593
0 0.908333 0.672685 0.029167 0.023148
0 0.732552 0.527778 0.029687 0.025926
0 0.890104 0.613889 0.030208 0.020370
0 0.422917 0.873148 0.019792 0.057407
0 0.261979 0.650463 0.026042 0.021296
0 0.935937 0.457870 0.023958 0.019444
0 0.954167 0.426852 0.025000 0.018519
0 0.259635 0.616204 0.027604 0.021296
0 0.221875 0.648611 0.029167 0.021296
0 0.274740 0.682870 0.025521 0.017593
0 0.209115 0.614815 0.028646 0.024074
0 0.241406 0.681944 0.025521 0.019444
0 0.980469 0.458796 0.028646 0.021296
0 0.821875 0.493981 0.028125 0.023148
0 0.780208 0.528704 0.027083 0.024074
0 0.120313 0.649537 0.026042 0.021296
0 0.167448 0.651852 0.027604 0.022222
0 0.119010 0.614352 0.027604 0.023148
0 0.158594 0.614815 0.028646 0.024074
0 0.196615 0.687500 0.027604 0.023148
0 0.082031 0.612037 0.025521 0.020370
0 0.989323 0.425926 0.020313 0.018519
0 0.867188 0.494907 0.032292 0.023148
0 0.320312 0.722685 0.025000 0.025000
0 0.408854 0.145370 0.009375 0.051852
0 0.159375 0.580093 0.028125 0.023148
0 0.074219 0.648148 0.030729 0.024074
0 0.148438 0.685185 0.027083 0.022222
0 0.056510 0.543056 0.027604 0.021296
0 0.919010 0.493981 0.027604 0.023148
0 0.046875 0.614352 0.023958 0.021296
0 0.407292 0.075000 0.010417 0.051852
0 0.097656 0.580093 0.027604 0.021296
0 0.093490 0.685648 0.028646 0.023148
0 0.014323 0.613426 0.024479 0.019444
0 0.016406 0.651389 0.024479 0.023148
0 0.987760 0.530093 0.015104 0.021296
0 0.128385 0.200000 0.014063 0.042593
0 0.984115 0.495370 0.025521 0.022222
0 0.005990 0.543519 0.009896 0.022222
0 0.932292 0.390278 0.026042 0.015741
