0 0.184375 0.235185 0.014583 0.053704
0 0.105990 0.269444 0.013021 0.057407
0 0.006250 0.143056 0.010417 0.037963
0 0.732292 0.563889 0.027083 0.022222
0 0.418229 0.485648 0.027083 0.039815
0 0.482812 0.342130 0.016667 0.052778
0 0.774740 0.566667 0.032813 0.025926
0 0.370833 0.532870 0.027083 0.026852
0 0.446615 0.489815 0.026562 0.046296
0 0.324479 0.575000 0.025000 0.022222
0 0.818750 0.568056 0.025000 0.023148
0 0.217969 0.580556 0.026562 0.020370
0 0.860417 0.565278 0.028125 0.025000
0 0.146615 0.581019 0.025521 0.021296
0 0.902083 0.565278 0.029167 0.023148
0 0.308854 0.539815 0.023958 0.020370
0 0.082292 0.582407 0.027083 0.022222
0 0.939323 0.565741 0.027604 0.022222
0 0.239063 0.545833 0.027083 0.019444
0 0.972656 0.565278 0.028646 0.023148
0 0.027604 0.581019 0.030208 0.021296
0 0.427604 0.137963 0.012500 0.053704
0 0.120052 0.543981 0.028646 0.023148
0 0.059635 0.547685 0.027604 0.021296
0 0.444010 0.137500 0.011979 0.047222
0 0.427604 0.053704 0.011458 0.048148
0 0.443750 0.068519 0.010417 0.046296
0 0.012500 0.547222 0.020833 0.018519
0 0.463281 0.163426 0.011979 0.054630
0 0.009896 0.259259 0.013542 0.048148
0 0.035677 0.124074 0.009896 0.046296
0 0.050521 0.119907 0.017708 0.052778
0 0.181250 0.406019 0.026042 0.023148
0 0.128646 0.422685 0.028125 0.021296
0 0.233594 0.444444 0.026562 0.020370
0 0.180469 0.449537 0.026562 0.021296
0 0.044010 0.417130 0.026562 0.021296
0 0.032031 0.464352 0.027604 0.021296
0 0.243750 0.410185 0.028125 0.022222
0 0.074479 0.497685 0.025000 0.025000
0 0.174740 0.296296 0.028646 0.042593
0 0.153646 0.479167 0.029167 0.021296
0 0.989062 0.625463 0.021875 0.021296
0 0.282031 0.451852 0.024479 0.020370
0 0.934896 0.682407 0.029167 0.025926
0 0.292187 0.410185 0.025000 0.022222
0 0.900000 0.644444 0.029167 0.022222
0 0.762500 0.644907 0.026042 0.023148
0 0.758594 0.686111 0.025521 0.022222
0 0.738542 0.457870 0.022917 0.021296
0 0.847135 0.683333 0.026562 0.024074
0 0.735417 0.426852 0.026042 0.020370
0 0.784896 0.420833 0.029167 0.023148
0 0.310937 0.485185 0.026042 0.022222
0 0.834375 0.648148 0.027083 0.020370
0 0.207292 0.500463 0.026042 0.023148
0 0.774219 0.458796 0.025521 0.023148
0 0.920052 0.609259 0.028646 0.022222
0 0.822917 0.424537 0.028125 0.023148
0 0.811198 0.458333 0.025521 0.022222
0 0.501823 0.134722 0.015104 0.054630
0 0.812500 0.609722 0.028125 0.021296
0 0.851823 0.457407 0.028646 0.022222
0 0.737500 0.493056 0.025000 0.021296
0 0.636979 0.610648 0.029167 0.025000
0 0.688802 0.648148 0.025521 0.018519
0 0.424219 0.977778 0.013021 0.044444
0 0.676562 0.681019 0.023958 0.019444
0 0.867448 0.421296 0.027604 0.022222
0 0.040885 0.271759 0.011979 0.039815
0 0.779948 0.495370 0.025521 0.024074
0 0.596875 0.647222 0.025000 0.022222
0 0.917188 0.425000 0.029167 0.022222
0 0.897135 0.459722 0.026562 0.021296
0 0.314844 0.368519 0.024479 0.025926
0 0.478125 0.651389 0.026042 0.021296
0 0.732812 0.527778 0.029167 0.024074
0 0.522917 0.612963 0.027083 0.022222
0 0.337500 0.730093 0.029167 0.026852
0 0.260677 0.651389 0.026562 0.019444
0 0.540365 0.298148 0.027604 0.050000
0 0.936719 0.457407 0.024479 0.020370
0 0.955469 0.426389 0.025521 0.019444
0 0.257552 0.615278 0.027604 0.023148
0 0.190885 0.649537 0.028646 0.021296
0 0.274219 0.683333 0.026562 0.018519
0 0.208073 0.615741 0.028646 0.024074
0 0.241146 0.684259 0.026042 0.018519
0 0.980990 0.457407 0.029687 0.022222
0 0.822656 0.493981 0.028646 0.023148
0 0.785156 0.529167 0.026562 0.023148
0 0.027083 0.648611 0.025000 0.019444
0 0.121094 0.652778 0.028646 0.024074
0 0.041406 0.615278 0.027604 0.021296
0 0.119792 0.614352 0.028125 0.023148
0 0.138802 0.689815 0.027604 0.024074
0 0.003646 0.613426 0.005208 0.023148
0 0.994271 0.425926 0.009375 0.020370
0 0.990625 0.494444 0.011458 0.024074
0 0.127083 0.201389 0.013542 0.043519
