0 0.010156 0.123148 0.013021 0.038889
0 0.046094 0.251389 0.013021 0.043519
0 0.737240 0.568519 0.026562 0.020370
0 0.546615 0.555093 0.025521 0.045370
0 0.513542 0.473611 0.021875 0.052778
0 0.742448 0.498148 0.026562 0.022222
0 0.893490 0.435648 0.029687 0.021296
0 0.848437 0.437037 0.026042 0.018519
0 0.741406 0.463889 0.025521 0.022222
0 0.808073 0.434722 0.023438 0.017593
0 0.780729 0.464815 0.023958 0.024074
0 0.915885 0.470370 0.028646 0.018519
0 0.820833 0.466667 0.026042 0.020370
0 0.781510 0.499537 0.022396 0.023148
0 0.266667 0.637500 0.025000 0.019444
0 0.832292 0.499537 0.028125 0.023148
0 0.940625 0.435648 0.027083 0.019444
0 0.868229 0.471296 0.027083 0.018519
0 0.221615 0.636574 0.026562 0.025000
0 0.731771 0.530556 0.026042 0.020370
0 0.014583 0.239815 0.018750 0.057407
0 0.255729 0.602315 0.023958 0.021296
0 0.983854 0.435648 0.028125 0.019444
0 0.181510 0.632407 0.020313 0.024074
0 0.217708 0.597685 0.027083 0.021296
0 0.916146 0.506481 0.026042 0.020370
0 0.956250 0.472222 0.025000 0.018519
0 0.142969 0.632870 0.025521 0.023148
0 0.768750 0.532870 0.026042 0.021296
0 0.257292 0.669907 0.023958 0.019444
0 0.219531 0.667130 0.026562 0.019444
0 0.098698 0.628704 0.026562 0.022222
0 0.954948 0.506944 0.027604 0.021296
0 0.056510 0.627778 0.026562 0.022222
0 0.127865 0.596296 0.028646 0.024074
0 0.159375 0.668519 0.026042 0.022222
0 0.082031 0.595370 0.027604 0.022222
0 0.806250 0.538889 0.025000 0.020370
0 0.882552 0.538889 0.025521 0.020370
0 0.012500 0.625463 0.023958 0.021296
0 0.117708 0.666204 0.027083 0.025000
0 0.775000 0.572222 0.023958 0.020370
0 0.841927 0.538426 0.025521 0.017593
0 0.816927 0.575000 0.026562 0.022222
0 0.258594 0.567130 0.024479 0.019444
0 0.265885 0.528704 0.025521 0.020370
0 0.225000 0.563426 0.023958 0.021296
0 0.853385 0.575463 0.025521 0.019444
0 0.145833 0.559259 0.023958 0.020370
0 0.890104 0.577315 0.029167 0.023148
0 0.170313 0.598148 0.032292 0.025926
0 0.184635 0.563889 0.025521 0.022222
0 0.039583 0.594444 0.026042 0.018519
0 0.928385 0.578241 0.029687 0.023148
0 0.966667 0.579167 0.027083 0.021296
0 0.875521 0.505093 0.031250 0.021296
0 0.227865 0.526852 0.026562 0.022222
0 0.994531 0.580093 0.010937 0.023148
0 0.926302 0.539352 0.026562 0.023148
0 0.990365 0.510648 0.018229 0.017593
0 0.969792 0.542593 0.029167 0.022222
0 0.996615 0.543981 0.006771 0.019444
0 0.607812 0.964352 0.037500 0.058333
0 0.134375 0.427315 0.026042 0.021296
0 0.509635 0.746759 0.013021 0.023148
0 0.327604 0.495370 0.028125 0.042593
0 0.058073 0.100463 0.013021 0.054630
0 0.430208 0.140741 0.011458 0.050000
0 0.447396 0.140278 0.009375 0.052778
0 0.430469 0.052778 0.011979 0.048148
0 0.449219 0.069444 0.010937 0.059259
0 0.416406 0.806019 0.017188 0.049074
0 0.393229 0.734259 0.027083 0.037037
0 0.304688 0.704167 0.025000 0.019444
0 0.064323 0.410185 0.027604 0.022222
0 0.127604 0.368056 0.029167 0.021296
0 0.124219 0.490741 0.033854 0.048148
0 0.183333 0.526389 0.034375 0.023148
0 0.242708 0.702778 0.022917 0.020370
0 0.741406 0.426852 0.049479 0.025926
0 0.473958 0.257407 0.014583 0.059259
0 0.004427 0.592593 0.008854 0.020370
0 0.448958 0.804167 0.014583 0.050926
0 0.134115 0.243519 0.014063 0.044444
0 0.060417 0.557407 0.027083 0.022222
0 0.459115 0.917593 0.016146 0.053704
0 0.535677 0.981944 0.020313 0.034259
