0 0.109896 0.254167 0.012500 0.054630
0 0.010417 0.126852 0.013542 0.040741
0 0.045312 0.255093 0.013542 0.047222
0 0.215625 0.372222 0.029167 0.029630
0 0.079948 0.386574 0.025521 0.021296
0 0.963802 0.669907 0.027604 0.023148
0 0.405469 0.449074 0.026562 0.024074
0 0.049479 0.418981 0.030208 0.023148
0 0.140104 0.437963 0.029167 0.022222
0 0.328385 0.412037 0.026562 0.024074
0 0.144792 0.484722 0.029167 0.023148
0 0.379688 0.411111 0.026042 0.024074
0 0.336458 0.449074 0.029167 0.022222
0 0.048698 0.462500 0.027604 0.021296
0 0.326823 0.493519 0.024479 0.020370
0 0.277604 0.478704 0.023958 0.020370
0 0.822656 0.644444 0.033854 0.024074
0 0.917188 0.703241 0.027083 0.021296
0 0.463802 0.511574 0.025521 0.023148
0 0.727344 0.664815 0.025521 0.020370
0 0.455729 0.468519 0.026042 0.022222
0 0.677344 0.631481 0.027604 0.022222
0 0.604948 0.649074 0.025521 0.022222
0 0.569531 0.618981 0.025521 0.021296
0 0.393229 0.489815 0.028125 0.022222
0 0.662500 0.687963 0.029167 0.024074
0 0.533073 0.462963 0.026562 0.022222
0 0.522135 0.650926 0.029687 0.024074
0 0.532813 0.512037 0.026042 0.024074
0 0.571875 0.493981 0.021875 0.023148
0 0.692448 0.532870 0.025521 0.019444
0 0.347656 0.641667 0.024479 0.020370
0 0.255729 0.534259 0.025000 0.024074
0 0.650781 0.500926 0.024479 0.020370
0 0.814323 0.504630 0.026562 0.020370
0 0.773438 0.574074 0.023958 0.018519
0 0.738021 0.572685 0.027083 0.021296
0 0.255469 0.568519 0.024479 0.024074
0 0.810156 0.574074 0.026562 0.020370
0 0.220312 0.570833 0.027083 0.025000
0 0.848437 0.579167 0.029167 0.023148
0 0.884375 0.575926 0.026042 0.022222
0 0.832292 0.539352 0.027083 0.021296
0 0.923177 0.578704 0.026562 0.022222
0 0.217969 0.533333 0.024479 0.020370
0 0.959115 0.578704 0.035937 0.025926
0 0.168229 0.568056 0.028125 0.025000
0 0.446875 0.143056 0.014583 0.054630
0 0.428385 0.140741 0.010937 0.055556
0 0.447656 0.071296 0.010937 0.057407
0 0.430469 0.063426 0.010937 0.054630
0 0.443229 0.610648 0.027083 0.023148
0 0.991406 0.578704 0.016146 0.022222
0 0.749219 0.387963 0.029687 0.024074
0 0.623698 0.451389 0.025521 0.023148
0 0.179427 0.529167 0.026562 0.021296
0 0.466406 0.125463 0.010937 0.050926
0 0.468750 0.054630 0.011458 0.053704
0 0.355208 0.734722 0.026042 0.032407
0 0.704167 0.464815 0.028125 0.024074
0 0.260937 0.413889 0.027083 0.024074
0 0.314063 0.727778 0.028125 0.027778
0 0.467448 0.006944 0.014063 0.013889
0 0.419531 0.643519 0.026562 0.022222
0 0.788802 0.433796 0.027604 0.021296
1 0.455208 0.389352 0.079167 0.039815
0 0.283073 0.341667 0.028646 0.025926
0 0.397656 0.237963 0.021354 0.051852
0 0.647917 0.391667 0.075000 0.031481
0 0.567969 0.422685 0.075521 0.037963
0 0.393490 0.304630 0.023438 0.044444
0 0.279427 0.605556 0.024479 0.018519
0 0.240625 0.640741 0.028125 0.022222
0 0.870052 0.506019 0.024479 0.019444
0 0.795573 0.465741 0.026562 0.022222
0 0.222135 0.745833 0.028646 0.017593
0 0.141667 0.669444 0.023958 0.022222
0 0.948698 0.505556 0.043229 0.024074
0 0.873958 0.439815 0.027083 0.020370
0 0.142708 0.598611 0.029167 0.025000
0 0.483333 0.686111 0.075000 0.037037
0 0.029427 0.631019 0.024479 0.023148
0 0.073698 0.670370 0.029687 0.024074
0 0.138281 0.634722 0.025521 0.023148
0 0.925000 0.543056 0.028125 0.023148
0 0.002604 0.596296 0.005208 0.022222
0 0.932813 0.437500 0.029167 0.023148
0 0.914062 0.470370 0.027083 0.020370
0 0.061719 0.598148 0.030729 0.024074
0 0.883073 0.396296 0.028646 0.022222
0 0.448958 0.011111 0.012500 0.022222
0 0.990625 0.505556 0.012500 0.024074
0 0.991667 0.544444 0.009375 0.022222
0 0.004687 0.665741 0.005208 0.024074
