0 0.109896 0.252778 0.012500 0.051852
0 0.010156 0.126389 0.013021 0.036111
0 0.703125 0.430093 0.029167 0.021296
0 0.761979 0.435648 0.027083 0.021296
0 0.276302 0.640741 0.024479 0.020370
0 0.871094 0.472685 0.025521 0.019444
0 0.717448 0.465741 0.025521 0.020370
0 0.708073 0.530556 0.025521 0.020370
0 0.773177 0.468519 0.025521 0.020370
0 0.799479 0.435648 0.025000 0.021296
0 0.805208 0.537500 0.026042 0.019444
0 0.836198 0.434722 0.027604 0.021296
0 0.758594 0.533796 0.025521 0.019444
0 0.721354 0.499074 0.026042 0.018519
0 0.827604 0.470370 0.028125 0.022222
0 0.777344 0.501389 0.026562 0.019444
0 0.270313 0.602315 0.026042 0.021296
0 0.848177 0.539352 0.026562 0.021296
0 0.816406 0.503704 0.024479 0.020370
0 0.210417 0.603704 0.037500 0.025926
0 0.261719 0.673611 0.027604 0.021296
0 0.889323 0.538426 0.028646 0.019444
0 0.214844 0.637037 0.026562 0.020370
0 0.911198 0.475000 0.025521 0.020370
0 0.164323 0.604167 0.027604 0.021296
0 0.176302 0.635185 0.026562 0.022222
0 0.120833 0.599537 0.027083 0.021296
0 0.861719 0.505556 0.028646 0.020370
0 0.204427 0.670833 0.031771 0.025000
0 0.948958 0.473148 0.027083 0.020370
0 0.126302 0.638889 0.029687 0.024074
0 0.928646 0.539352 0.029167 0.023148
0 0.899740 0.506019 0.022396 0.021296
0 0.966927 0.543519 0.028646 0.024074
0 0.033594 0.631481 0.028646 0.022222
0 0.254948 0.534259 0.024479 0.022222
0 0.935937 0.507407 0.025000 0.020370
0 0.024740 0.598148 0.027604 0.020370
0 0.978385 0.508333 0.027604 0.022222
0 0.773177 0.574074 0.024479 0.020370
0 0.738021 0.573611 0.026042 0.021296
0 0.255469 0.568056 0.024479 0.021296
0 0.810156 0.574537 0.027604 0.023148
0 0.216927 0.569907 0.028646 0.023148
0 0.848177 0.579167 0.028646 0.023148
0 0.884635 0.576852 0.027604 0.024074
0 0.996615 0.544444 0.006771 0.022222
0 0.923438 0.579167 0.026042 0.023148
0 0.217448 0.533796 0.023438 0.019444
0 0.959375 0.579167 0.036458 0.026852
0 0.167448 0.568056 0.026562 0.021296
0 0.607292 0.970833 0.036458 0.052778
0 0.447135 0.143519 0.015104 0.053704
0 0.428385 0.140741 0.010937 0.057407
0 0.447396 0.072685 0.009375 0.054630
0 0.430208 0.063426 0.010417 0.049074
0 0.067708 0.602315 0.027083 0.023148
0 0.990885 0.579630 0.017188 0.025926
0 0.187760 0.224537 0.011979 0.049074
0 0.005469 0.630093 0.009896 0.023148
0 0.916146 0.735185 0.028125 0.024074
0 0.988802 0.366667 0.020313 0.022222
0 0.417448 0.990278 0.007812 0.019444
0 0.141146 0.737963 0.030208 0.016667
0 0.957812 0.443056 0.027083 0.019444
0 0.881771 0.669444 0.031250 0.025926
0 0.411979 0.848148 0.020833 0.053704
0 0.179427 0.528704 0.025521 0.018519
0 0.799479 0.670833 0.028125 0.023148
0 0.315365 0.486574 0.028646 0.037963
0 0.390104 0.763426 0.028125 0.045370
0 0.350521 0.710648 0.027083 0.026852
0 0.367448 0.544907 0.025521 0.043519
0 0.466146 0.125926 0.010417 0.048148
0 0.408333 0.635185 0.022917 0.053704
0 0.409375 0.231944 0.016667 0.069444
0 0.886198 0.435185 0.044271 0.022222
0 0.469010 0.056481 0.010937 0.050000
0 0.069271 0.706019 0.027083 0.019444
0 0.994792 0.475463 0.009375 0.021296
0 0.992708 0.439352 0.013542 0.019444
0 0.911198 0.396759 0.028646 0.019444
0 0.008073 0.704630 0.009896 0.020370
