0 0.132812 0.180556 0.015625 0.057407
0 0.045312 0.245370 0.014583 0.046296
0 0.476042 0.562500 0.026042 0.023148
0 0.519531 0.568981 0.026562 0.025000
0 0.567708 0.568981 0.027083 0.025000
0 0.258594 0.564352 0.024479 0.021296
0 0.265625 0.524537 0.026042 0.021296
0 0.224740 0.560648 0.022396 0.021296
0 0.603125 0.568519 0.025000 0.022222
0 0.145052 0.555093 0.025521 0.023148
0 0.642708 0.563426 0.025000 0.019444
0 0.184375 0.559259 0.026042 0.024074
0 0.683073 0.566667 0.027604 0.022222
0 0.722396 0.568056 0.023958 0.019444
0 0.227344 0.524074 0.026562 0.022222
0 0.607031 0.965741 0.033854 0.057407
0 0.430469 0.137963 0.011979 0.050000
0 0.447917 0.136574 0.011458 0.052778
0 0.431250 0.049537 0.013542 0.058333
0 0.450260 0.065741 0.015104 0.059259
0 0.182812 0.524074 0.032292 0.024074
0 0.105208 0.555093 0.027083 0.023148
0 0.465885 0.143056 0.014063 0.060185
0 0.468750 0.063426 0.016667 0.058333
0 0.289844 0.372222 0.029687 0.029630
0 0.458594 0.466204 0.026562 0.023148
0 0.184635 0.356944 0.024479 0.021296
0 0.010937 0.366667 0.021875 0.020370
0 0.057031 0.471759 0.026562 0.023148
0 0.104688 0.392130 0.031250 0.025000
0 0.132812 0.472685 0.023958 0.019444
0 0.124219 0.436111 0.028646 0.022222
0 0.233333 0.439815 0.028125 0.024074
0 0.294271 0.476389 0.026042 0.019444
0 0.210677 0.473148 0.028646 0.020370
0 0.192708 0.402315 0.026042 0.021296
0 0.098437 0.514352 0.027083 0.026852
0 0.980729 0.650463 0.025000 0.019444
0 0.286458 0.413426 0.027083 0.025000
0 0.338802 0.444444 0.025521 0.024074
0 0.764583 0.620833 0.027083 0.021296
0 0.821354 0.637963 0.028125 0.022222
0 0.903906 0.644907 0.027604 0.023148
0 0.432292 0.408333 0.027083 0.024074
0 0.603906 0.611111 0.024479 0.020370
0 0.697917 0.618981 0.025000 0.019444
0 0.358073 0.489352 0.024479 0.021296
0 0.398958 0.442593 0.026042 0.022222
0 0.360417 0.325000 0.028125 0.040741
0 0.772917 0.688426 0.028125 0.023148
0 0.415625 0.509722 0.028125 0.023148
0 0.506250 0.058333 0.015625 0.053704
0 0.508594 0.413889 0.025521 0.024074
0 0.396615 0.800000 0.026562 0.048148
0 0.600781 0.650000 0.026562 0.020370
0 0.409635 0.472685 0.025521 0.021296
0 0.518750 0.678704 0.026042 0.022222
0 0.767708 0.571759 0.025000 0.021296
0 0.480208 0.502315 0.031250 0.025000
0 0.548438 0.390278 0.026042 0.023148
0 0.490104 0.443981 0.026042 0.021296
0 0.496354 0.607407 0.023958 0.022222
0 0.397656 0.281019 0.020313 0.056481
0 0.471354 0.640741 0.029167 0.022222
0 0.553646 0.447685 0.027083 0.025000
0 0.558854 0.522685 0.029167 0.023148
0 0.420573 0.606481 0.026562 0.024074
0 0.542188 0.481944 0.022917 0.023148
0 0.646875 0.423148 0.026042 0.024074
0 0.047135 0.526852 0.028646 0.022222
0 0.863802 0.580093 0.027604 0.021296
0 0.387500 0.634722 0.023958 0.019444
0 0.643750 0.453241 0.025000 0.023148
0 0.620052 0.491667 0.023438 0.022222
0 0.728125 0.430556 0.026042 0.022222
0 0.311979 0.635648 0.022917 0.017593
0 0.410417 0.175463 0.012500 0.054630
0 0.007031 0.522222 0.013021 0.022222
0 0.735677 0.463889 0.026562 0.022222
0 0.196094 0.593981 0.029687 0.025000
0 0.859115 0.468519 0.028646 0.020370
0 0.713281 0.497685 0.025521 0.021296
0 0.923698 0.578704 0.028646 0.022222
0 0.202344 0.630093 0.027604 0.025000
0 0.849219 0.503704 0.027604 0.025926
0 0.781771 0.388426 0.026042 0.021296
0 0.110156 0.590741 0.029687 0.024074
0 0.129688 0.661111 0.030208 0.025926
0 0.414323 0.058333 0.013021 0.055556
0 0.002865 0.434722 0.005729 0.021296
0 0.153125 0.701852 0.028125 0.020370
0 0.937500 0.433333 0.029167 0.024074
0 0.014323 0.231019 0.020313 0.056481
0 0.071875 0.623611 0.031250 0.023148
0 0.951562 0.506019 0.020833 0.021296
0 0.981250 0.471296 0.018750 0.020370
