0 0.111198 0.260648 0.010937 0.054630
0 0.009896 0.134259 0.013542 0.038889
0 0.466667 0.125000 0.010417 0.053704
0 0.464844 0.055093 0.013021 0.039815
0 0.042969 0.118056 0.010937 0.047222
0 0.046354 0.260185 0.012500 0.037037
0 0.721615 0.431481 0.028646 0.022222
0 0.763542 0.435648 0.026042 0.019444
0 0.260937 0.644444 0.028125 0.022222
0 0.871875 0.471759 0.027083 0.021296
0 0.735156 0.467593 0.026562 0.018519
0 0.730469 0.533796 0.025521 0.019444
0 0.778385 0.468981 0.025521 0.019444
0 0.801042 0.434722 0.026042 0.021296
0 0.809896 0.537963 0.028125 0.018519
0 0.836979 0.434259 0.027083 0.020370
0 0.769271 0.535648 0.026042 0.019444
0 0.740104 0.501852 0.028125 0.020370
0 0.827865 0.470370 0.027604 0.022222
0 0.778385 0.502315 0.026562 0.017593
0 0.253125 0.607870 0.026042 0.021296
0 0.849740 0.539352 0.027604 0.021296
0 0.818229 0.503704 0.025000 0.020370
0 0.212500 0.609722 0.030208 0.025000
0 0.258594 0.680093 0.026562 0.019444
0 0.891146 0.538426 0.029167 0.019444
0 0.216927 0.642130 0.028646 0.021296
0 0.911979 0.474074 0.025000 0.018519
0 0.166146 0.609722 0.027083 0.023148
0 0.176042 0.640741 0.026042 0.022222
0 0.121615 0.606019 0.027604 0.021296
0 0.863281 0.505556 0.028646 0.022222
0 0.206510 0.676389 0.029687 0.023148
0 0.950521 0.472685 0.026042 0.019444
0 0.959375 0.442130 0.026042 0.017593
0 0.128906 0.644444 0.035937 0.024074
0 0.930208 0.539352 0.028125 0.023148
0 0.900781 0.506019 0.022396 0.021296
0 0.070312 0.608796 0.028125 0.023148
0 0.082031 0.639352 0.028646 0.019444
0 0.968750 0.542593 0.028125 0.022222
0 0.035677 0.638889 0.026562 0.020370
0 0.256510 0.539352 0.026562 0.025000
0 0.938021 0.506944 0.026042 0.019444
0 0.509635 0.751389 0.016146 0.025000
0 0.027083 0.605556 0.026042 0.020370
0 0.979948 0.508333 0.026562 0.018519
0 0.005990 0.635648 0.011979 0.023148
0 0.014583 0.250926 0.020833 0.059259
0 0.774740 0.575463 0.025521 0.019444
0 0.740104 0.575000 0.026042 0.022222
0 0.256250 0.573611 0.025000 0.021296
0 0.426823 0.318981 0.010937 0.052778
0 0.504687 0.084722 0.013542 0.054630
0 0.810937 0.575000 0.026042 0.022222
0 0.553385 0.368519 0.029687 0.038889
0 0.401042 0.857407 0.020833 0.053704
0 0.178646 0.289815 0.023958 0.051852
0 0.146875 0.385648 0.026042 0.021296
0 0.206771 0.575463 0.028125 0.026852
0 0.057292 0.112963 0.014583 0.057407
0 0.468229 0.006944 0.013542 0.013889
0 0.035156 0.374537 0.026562 0.019444
0 0.849479 0.579167 0.028125 0.023148
0 0.370573 0.766667 0.030729 0.046296
0 0.885677 0.576852 0.026562 0.022222
0 0.633594 0.411574 0.024479 0.023148
0 0.997135 0.543056 0.004687 0.019444
0 0.917448 0.695370 0.026562 0.022222
0 0.925000 0.578704 0.026042 0.020370
0 0.423177 0.944907 0.014063 0.058333
0 0.320312 0.725000 0.028125 0.027778
0 0.361198 0.375463 0.025521 0.043519
0 0.487500 0.151389 0.013542 0.062037
0 0.837760 0.711574 0.026562 0.021296
0 0.420052 0.696296 0.010937 0.050000
0 0.261198 0.718056 0.024479 0.019444
0 0.146615 0.444444 0.019271 0.050000
0 0.443229 0.739815 0.012500 0.055556
0 0.505729 0.384722 0.012500 0.062037
0 0.500521 0.265278 0.010417 0.052778
0 0.423958 0.509722 0.011458 0.060185
0 0.384896 0.313889 0.019792 0.040741
0 0.493750 0.554630 0.013542 0.062963
0 0.442969 0.450000 0.011979 0.048148
0 0.413542 0.084722 0.013542 0.056481
0 0.163281 0.537963 0.024479 0.022222
0 0.428906 0.178241 0.011979 0.050926
0 0.569792 0.819907 0.026042 0.041667
0 0.446875 0.258333 0.010417 0.048148
0 0.043750 0.680093 0.017708 0.023148
0 0.490365 0.805093 0.011979 0.054630
0 0.507031 0.846759 0.010937 0.052778
0 0.987760 0.580093 0.018229 0.021296
0 0.126042 0.682407 0.068750 0.031481
