0 0.105208 0.271296 0.011458 0.053704
0 0.006510 0.146296 0.010937 0.038889
0 0.730990 0.570370 0.026562 0.022222
0 0.009635 0.259259 0.013021 0.040741
0 0.734635 0.461574 0.025521 0.023148
0 0.732292 0.430556 0.027083 0.022222
0 0.776563 0.425000 0.028125 0.022222
0 0.770833 0.463426 0.027083 0.023148
0 0.818750 0.428241 0.029167 0.021296
0 0.808333 0.462500 0.026042 0.023148
0 0.848698 0.462963 0.030729 0.024074
0 0.733594 0.497222 0.027604 0.022222
0 0.863802 0.425926 0.026562 0.020370
0 0.040365 0.274074 0.011979 0.038889
0 0.775521 0.498148 0.028125 0.022222
0 0.913542 0.429630 0.028125 0.020370
0 0.892969 0.464815 0.029687 0.022222
0 0.729688 0.531481 0.029167 0.022222
0 0.261198 0.653704 0.025521 0.018519
0 0.932031 0.462500 0.027604 0.021296
0 0.950781 0.431944 0.025521 0.019444
0 0.258333 0.617130 0.027083 0.021296
0 0.220573 0.651852 0.027604 0.018519
0 0.273958 0.686111 0.026042 0.020370
0 0.207031 0.618981 0.029687 0.021296
0 0.239583 0.685185 0.026042 0.020370
0 0.976042 0.462500 0.030208 0.021296
0 0.818490 0.497685 0.027604 0.023148
0 0.777344 0.531944 0.025521 0.021296
0 0.118229 0.651852 0.027083 0.020370
0 0.165885 0.654167 0.027604 0.021296
0 0.116927 0.618056 0.027604 0.021296
0 0.156510 0.618519 0.028646 0.022222
0 0.195573 0.690741 0.027604 0.024074
0 0.080208 0.615278 0.026042 0.021296
0 0.986198 0.431019 0.023438 0.019444
0 0.860938 0.498148 0.034375 0.024074
0 0.082031 0.650463 0.028646 0.021296
0 0.150000 0.686574 0.027083 0.021296
0 0.903906 0.498148 0.030729 0.024074
0 0.044792 0.616204 0.023958 0.023148
0 0.108073 0.687037 0.027604 0.022222
0 0.036198 0.653704 0.027604 0.022222
0 0.820052 0.531944 0.027604 0.021296
0 0.949219 0.498148 0.029687 0.022222
0 0.767969 0.569444 0.025521 0.020370
0 0.067969 0.685185 0.026562 0.020370
0 0.002083 0.650000 0.004167 0.022222
0 0.984115 0.499074 0.027604 0.020370
0 0.027344 0.686111 0.025521 0.020370
0 0.257812 0.583333 0.028125 0.020370
0 0.807292 0.568056 0.028125 0.023148
0 0.209635 0.581019 0.025521 0.021296
0 0.847396 0.566667 0.026042 0.020370
0 0.238021 0.546296 0.026042 0.020370
0 0.869531 0.533796 0.032813 0.023148
0 0.889844 0.573148 0.029687 0.022222
0 0.927865 0.570370 0.028646 0.022222
0 0.013802 0.615741 0.023438 0.020370
0 0.163542 0.581944 0.027083 0.023148
0 0.915885 0.536111 0.029687 0.022222
0 0.199740 0.548148 0.024479 0.020370
0 0.968490 0.531481 0.030729 0.020370
0 0.996094 0.531481 0.006771 0.020370
0 0.442708 0.068981 0.011458 0.050926
0 0.966406 0.572222 0.024479 0.018519
0 0.426042 0.153241 0.009375 0.050926
0 0.442188 0.144907 0.013542 0.052778
0 0.423698 0.080556 0.010937 0.048148
0 0.126823 0.204630 0.013021 0.044444
0 0.035156 0.128704 0.010937 0.042593
0 0.161979 0.549537 0.026042 0.023148
0 0.405729 0.992130 0.007292 0.015741
0 0.121875 0.581944 0.026042 0.021296
0 0.284635 0.495370 0.027604 0.027778
0 0.117188 0.546759 0.026042 0.019444
0 0.819010 0.681944 0.025521 0.021296
0 0.397917 0.818981 0.022917 0.050926
0 0.339844 0.473611 0.024479 0.039815
0 0.384635 0.521296 0.018229 0.037037
0 0.587760 0.544907 0.030729 0.047222
0 0.078125 0.550463 0.026042 0.021296
0 0.364844 0.344907 0.024479 0.037963
0 0.415365 0.669907 0.021354 0.052778
0 0.508854 0.375926 0.020833 0.051852
0 0.451562 0.825000 0.019792 0.062963
0 0.011979 0.583333 0.016667 0.018519
