0 0.133854 0.185185 0.014583 0.048148
0 0.009375 0.122685 0.012500 0.039815
0 0.046354 0.250926 0.013542 0.042593
0 0.737500 0.569907 0.026042 0.021296
0 0.742969 0.498611 0.026562 0.021296
0 0.895052 0.436574 0.026562 0.017593
0 0.849740 0.437500 0.026562 0.017593
0 0.742188 0.465278 0.025000 0.021296
0 0.810156 0.436574 0.024479 0.019444
0 0.781771 0.466667 0.023958 0.022222
0 0.917188 0.471759 0.028125 0.017593
0 0.821615 0.468981 0.025521 0.019444
0 0.780990 0.500463 0.021354 0.021296
0 0.266927 0.637963 0.024479 0.020370
0 0.833073 0.501389 0.026562 0.021296
0 0.941927 0.436574 0.025521 0.017593
0 0.869271 0.471759 0.025000 0.017593
0 0.221615 0.637037 0.026562 0.022222
0 0.726823 0.531481 0.026562 0.020370
0 0.015365 0.239815 0.018229 0.057407
0 0.263802 0.603241 0.023438 0.021296
0 0.984375 0.437037 0.026042 0.018519
0 0.181510 0.632870 0.020313 0.025000
0 0.218490 0.597685 0.027604 0.023148
0 0.916927 0.507407 0.025521 0.018519
0 0.957552 0.474074 0.026562 0.016667
0 0.143229 0.632870 0.026042 0.023148
0 0.768750 0.534722 0.023958 0.019444
0 0.257031 0.671759 0.024479 0.019444
0 0.219271 0.668056 0.026042 0.019444
0 0.098698 0.629167 0.026562 0.023148
0 0.956250 0.508796 0.025000 0.019444
0 0.055990 0.628241 0.026562 0.021296
0 0.127604 0.598148 0.028125 0.024074
0 0.159635 0.668519 0.026562 0.024074
0 0.082292 0.596296 0.027083 0.022222
0 0.806250 0.540278 0.025000 0.021296
0 0.883594 0.540741 0.023438 0.020370
0 0.012760 0.625926 0.024479 0.020370
0 0.117448 0.666204 0.025521 0.023148
0 0.776563 0.574074 0.022917 0.020370
0 0.841667 0.539352 0.025000 0.017593
0 0.817448 0.576389 0.025521 0.021296
0 0.259375 0.567593 0.023958 0.020370
0 0.266146 0.528241 0.026042 0.021296
0 0.224740 0.564352 0.023438 0.021296
0 0.854167 0.576852 0.025000 0.020370
0 0.145833 0.560185 0.025000 0.022222
0 0.891667 0.579630 0.028125 0.022222
0 0.170313 0.598148 0.030208 0.025926
0 0.184896 0.565278 0.027083 0.023148
0 0.038281 0.594907 0.026562 0.019444
0 0.929167 0.580556 0.028125 0.022222
0 0.968490 0.581481 0.024479 0.020370
0 0.876302 0.506019 0.028646 0.019444
0 0.227865 0.527778 0.027604 0.022222
0 0.995573 0.581481 0.007812 0.020370
0 0.927083 0.540278 0.025000 0.021296
0 0.970573 0.543981 0.026562 0.021296
0 0.997396 0.545833 0.005208 0.017593
0 0.607292 0.969444 0.037500 0.055556
0 0.430469 0.141204 0.010937 0.049074
0 0.447656 0.140278 0.010937 0.052778
0 0.430990 0.053241 0.011979 0.047222
0 0.450000 0.068981 0.012500 0.058333
0 0.183333 0.527778 0.033333 0.022222
0 0.134896 0.246759 0.013542 0.045370
0 0.106510 0.559722 0.025521 0.021296
0 0.513281 0.096296 0.013021 0.053704
0 0.506510 0.182870 0.011979 0.047222
0 0.317188 0.697685 0.028125 0.021296
0 0.026823 0.385185 0.026562 0.020370
0 0.173698 0.412963 0.028646 0.024074
0 0.769531 0.659722 0.030729 0.025000
0 0.210156 0.461574 0.026562 0.023148
0 0.678646 0.396296 0.027083 0.024074
0 0.567448 0.557870 0.026562 0.043519
0 0.990365 0.512037 0.018229 0.018519
0 0.391927 0.595833 0.020313 0.043519
0 0.292187 0.470370 0.026042 0.033333
0 0.187500 0.220833 0.017708 0.052778
0 0.989323 0.475000 0.019271 0.022222
0 0.169271 0.221759 0.011458 0.049074
0 0.486719 0.414815 0.018229 0.053704
0 0.333854 0.471296 0.018750 0.037037
0 0.466146 0.145370 0.012500 0.055556
0 0.209896 0.703241 0.026042 0.023148
0 0.878646 0.398148 0.030208 0.020370
0 0.084115 0.701852 0.022396 0.020370
0 0.469010 0.055093 0.016146 0.056481
