0 0.184635 0.235648 0.013021 0.052778
0 0.106250 0.269444 0.012500 0.053704
0 0.006510 0.145833 0.011979 0.037963
0 0.733594 0.566667 0.026562 0.020370
0 0.467969 0.480093 0.013021 0.056481
0 0.736198 0.458796 0.024479 0.021296
0 0.733333 0.426852 0.026042 0.022222
0 0.783594 0.421296 0.028646 0.022222
0 0.772656 0.458796 0.025521 0.023148
0 0.821354 0.424074 0.028125 0.022222
0 0.810677 0.458333 0.028646 0.022222
0 0.850781 0.458333 0.028646 0.022222
0 0.735417 0.492593 0.026042 0.022222
0 0.865885 0.421759 0.027604 0.021296
0 0.041146 0.272685 0.012500 0.041667
0 0.777865 0.493981 0.026562 0.021296
0 0.915625 0.425000 0.029167 0.022222
0 0.895312 0.461111 0.028125 0.022222
0 0.731250 0.526852 0.028125 0.022222
0 0.261719 0.650463 0.027604 0.021296
0 0.933333 0.458796 0.025000 0.019444
0 0.953125 0.427315 0.025000 0.021296
0 0.259115 0.614815 0.027604 0.020370
0 0.221354 0.649074 0.027083 0.022222
0 0.273698 0.683333 0.027604 0.018519
0 0.208073 0.614815 0.027604 0.024074
0 0.240885 0.682870 0.025521 0.021296
0 0.978646 0.458333 0.029167 0.022222
0 0.820312 0.493519 0.028125 0.024074
0 0.778906 0.528241 0.026562 0.023148
0 0.120313 0.648611 0.027083 0.021296
0 0.167187 0.651389 0.029167 0.023148
0 0.118490 0.615741 0.026562 0.022222
0 0.158333 0.615278 0.026042 0.023148
0 0.196354 0.687963 0.028125 0.025926
0 0.081510 0.613889 0.025521 0.022222
0 0.987760 0.426389 0.022396 0.019444
0 0.862760 0.493981 0.033854 0.025000
0 0.083073 0.648148 0.029687 0.022222
0 0.151562 0.685185 0.028125 0.022222
0 0.905208 0.493981 0.028125 0.025000
0 0.046354 0.615741 0.023958 0.022222
0 0.109635 0.685185 0.028646 0.024074
0 0.037500 0.651389 0.028125 0.025000
0 0.821875 0.528241 0.028125 0.023148
0 0.951823 0.493981 0.029687 0.023148
0 0.769271 0.565741 0.025000 0.022222
0 0.069792 0.683796 0.028125 0.021296
0 0.002865 0.649537 0.005729 0.023148
0 0.985938 0.494907 0.022917 0.021296
0 0.028906 0.685185 0.026562 0.022222
0 0.258854 0.581481 0.028125 0.022222
0 0.809375 0.563889 0.029167 0.022222
0 0.211198 0.578704 0.026562 0.024074
0 0.009635 0.263426 0.015104 0.049074
0 0.849479 0.563426 0.023958 0.019444
0 0.239583 0.543519 0.028125 0.022222
0 0.871615 0.529167 0.031771 0.025000
0 0.891406 0.568056 0.029687 0.023148
0 0.438542 0.657407 0.011458 0.055556
0 0.930469 0.566204 0.029687 0.023148
0 0.439583 0.415741 0.013542 0.061111
0 0.390104 0.813889 0.022917 0.053704
0 0.014063 0.614815 0.022917 0.020370
0 0.331771 0.719444 0.023958 0.022222
0 0.164583 0.579167 0.027083 0.023148
0 0.040104 0.419907 0.027083 0.021296
0 0.705729 0.669444 0.022917 0.025926
0 0.463021 0.120370 0.011458 0.046296
0 0.968750 0.566667 0.025000 0.020370
0 0.917708 0.531944 0.030208 0.023148
0 0.310417 0.748148 0.016667 0.016667
0 0.044010 0.475926 0.030729 0.024074
0 0.746094 0.704630 0.031771 0.024074
0 0.200521 0.546296 0.026042 0.022222
0 0.417708 0.940278 0.012500 0.047222
0 0.971354 0.527315 0.029167 0.023148
0 0.126823 0.203704 0.014063 0.046296
0 0.498437 0.335648 0.013542 0.056481
0 0.420833 0.508796 0.012500 0.054630
0 0.002604 0.686574 0.005208 0.021296
0 0.235417 0.721296 0.026042 0.024074
0 0.509375 0.539815 0.014583 0.059259
0 0.419792 0.364815 0.011458 0.050000
0 0.510677 0.661574 0.010937 0.045370
0 0.440104 0.285185 0.012500 0.057407
0 0.489844 0.651389 0.011979 0.052778
0 0.996875 0.528241 0.005208 0.023148
0 0.422656 0.258333 0.010937 0.042593
0 0.992969 0.562500 0.013021 0.021296
0 0.795052 0.389352 0.025521 0.019444
0 0.425260 0.150926 0.011979 0.055556
0 0.526823 0.900000 0.016146 0.048148
0 0.442188 0.112963 0.011458 0.048148
0 0.490885 0.957870 0.014063 0.049074
0 0.510156 0.995370 0.023438 0.009259
