0 0.110156 0.266204 0.013021 0.054630
0 0.009375 0.140278 0.013542 0.037963
0 0.733594 0.572685 0.025521 0.021296
0 0.055990 0.118981 0.018229 0.056481
0 0.770312 0.571296 0.023958 0.018519
0 0.260677 0.578704 0.028646 0.022222
0 0.809115 0.569907 0.027604 0.023148
0 0.213802 0.575463 0.024479 0.023148
0 0.849479 0.570370 0.026042 0.020370
0 0.361458 0.550926 0.028125 0.020370
0 0.884115 0.576852 0.027604 0.024074
0 0.922917 0.573611 0.028125 0.021296
0 0.175521 0.577315 0.025000 0.023148
0 0.666406 0.570833 0.027604 0.021296
0 0.270052 0.543981 0.023438 0.019444
0 0.446094 0.066667 0.011979 0.053704
0 0.429167 0.150926 0.010417 0.048148
0 0.445833 0.142593 0.015625 0.059259
0 0.228906 0.546296 0.027604 0.022222
0 0.133854 0.575926 0.025000 0.022222
0 0.184635 0.541667 0.024479 0.022222
0 0.147656 0.542130 0.024479 0.021296
0 0.098698 0.534722 0.026562 0.023148
0 0.092188 0.577315 0.032292 0.023148
0 0.056771 0.543056 0.029167 0.023148
0 0.466146 0.125000 0.011458 0.055556
0 0.463281 0.055093 0.011979 0.043519
0 0.029167 0.418519 0.029167 0.022222
0 0.089844 0.427778 0.026562 0.020370
0 0.308854 0.367130 0.026042 0.025000
0 0.988542 0.656019 0.022917 0.019444
0 0.200000 0.480093 0.028125 0.023148
0 0.014063 0.456481 0.027083 0.022222
0 0.878385 0.662963 0.024479 0.018519
0 0.045833 0.269907 0.012500 0.045370
0 0.340365 0.415278 0.026562 0.021296
0 0.066927 0.477315 0.028646 0.023148
0 0.283333 0.477315 0.027083 0.025000
0 0.215885 0.410185 0.029687 0.024074
0 0.274219 0.413889 0.025521 0.024074
0 0.151042 0.442130 0.027083 0.019444
0 0.133333 0.476389 0.026042 0.023148
0 0.517188 0.191204 0.019792 0.056481
0 0.852344 0.627315 0.025521 0.019444
0 0.244531 0.446296 0.026562 0.020370
0 0.471875 0.419444 0.028125 0.024074
0 0.396354 0.416667 0.026042 0.022222
0 0.765104 0.676852 0.026042 0.022222
0 0.765885 0.616667 0.023438 0.020370
0 0.342448 0.447685 0.027604 0.023148
0 0.592708 0.343056 0.026042 0.036111
0 0.590104 0.562963 0.026042 0.024074
0 0.680990 0.622222 0.026562 0.022222
0 0.851562 0.695370 0.023958 0.020370
0 0.367969 0.497222 0.025521 0.022222
0 0.526563 0.428704 0.026042 0.024074
0 0.626042 0.398611 0.025000 0.021296
0 0.041146 0.122222 0.012500 0.050000
0 0.694271 0.406019 0.023958 0.021296
0 0.488281 0.515741 0.024479 0.024074
0 0.623437 0.431019 0.026042 0.021296
0 0.412240 0.454167 0.025521 0.021296
0 0.595052 0.461574 0.026562 0.023148
0 0.437760 0.491667 0.024479 0.024074
0 0.575781 0.664815 0.024479 0.022222
0 0.591667 0.627315 0.026042 0.019444
0 0.473958 0.457407 0.025000 0.022222
0 0.763281 0.395370 0.026562 0.022222
0 0.490885 0.668519 0.025521 0.022222
0 0.820573 0.395833 0.027604 0.021296
0 0.501563 0.623148 0.027083 0.022222
0 0.536719 0.490741 0.025521 0.024074
0 0.551042 0.524074 0.027083 0.022222
0 0.729948 0.430093 0.025521 0.023148
0 0.441146 0.690278 0.026042 0.023148
0 0.784375 0.432407 0.026042 0.022222
0 0.801042 0.462500 0.026042 0.021296
0 0.382812 0.652315 0.023958 0.021296
0 0.379688 0.615741 0.026042 0.022222
0 0.052604 0.576852 0.029167 0.020370
0 0.717448 0.462037 0.024479 0.022222
0 0.383854 0.800463 0.027083 0.045370
0 0.017188 0.539352 0.028125 0.023148
0 0.611198 0.498148 0.028646 0.022222
0 0.351562 0.689352 0.026042 0.023148
0 0.284635 0.616667 0.025521 0.020370
0 0.295573 0.647685 0.025521 0.021296
0 0.926042 0.535648 0.028125 0.021296
0 0.867708 0.401852 0.025000 0.018519
0 0.673177 0.495833 0.026562 0.023148
0 0.857812 0.433333 0.027083 0.020370
0 0.248177 0.685648 0.029687 0.023148
0 0.177344 0.616667 0.027604 0.024074
0 0.167708 0.647222 0.027083 0.022222
0 0.930208 0.466204 0.032292 0.023148
0 0.197917 0.681944 0.023958 0.021296
0 0.867448 0.468056 0.028646 0.023148
0 0.921875 0.434259 0.026042 0.020370
0 0.969271 0.575463 0.023958 0.019444
0 0.793229 0.500463 0.029167 0.023148
0 0.011198 0.575000 0.019271 0.022222
0 0.089844 0.611111 0.026562 0.022222
0 0.992969 0.571296 0.011979 0.016667
0 0.097656 0.682870 0.027604 0.021296
0 0.972656 0.428704 0.025521 0.020370
0 0.058594 0.646296 0.027604 0.022222
0 0.410677 0.081481 0.011979 0.055556
0 0.022917 0.607407 0.022917 0.020370
0 0.990365 0.469444 0.010937 0.022222
