0 0.184375 0.238889 0.011458 0.051852
0 0.106510 0.271296 0.011979 0.055556
0 0.007292 0.147222 0.011458 0.037037
0 0.732031 0.568519 0.026562 0.024074
0 0.467708 0.481481 0.012500 0.057407
0 0.735417 0.458796 0.022917 0.021296
0 0.732552 0.428241 0.025521 0.021296
0 0.782813 0.421759 0.028125 0.025000
0 0.771615 0.460185 0.026562 0.024074
0 0.820833 0.424074 0.029167 0.024074
0 0.808854 0.458796 0.026042 0.023148
0 0.849479 0.460185 0.029167 0.022222
0 0.734115 0.494907 0.025521 0.023148
0 0.865104 0.423611 0.029167 0.023148
0 0.010156 0.265278 0.015104 0.049074
0 0.776823 0.495370 0.024479 0.022222
0 0.914323 0.425463 0.029687 0.023148
0 0.893229 0.461574 0.030208 0.025000
0 0.730729 0.528704 0.028125 0.024074
0 0.262240 0.651852 0.027604 0.022222
0 0.933073 0.459259 0.028646 0.022222
0 0.951823 0.428704 0.026562 0.022222
0 0.259635 0.617130 0.027604 0.021296
0 0.222135 0.650926 0.027604 0.022222
0 0.274219 0.684259 0.028646 0.022222
0 0.208333 0.616667 0.028125 0.024074
0 0.241406 0.683796 0.026562 0.019444
0 0.977083 0.459259 0.031250 0.024074
0 0.819792 0.495833 0.026042 0.023148
0 0.777865 0.529630 0.027604 0.022222
0 0.120313 0.650463 0.026042 0.021296
0 0.166927 0.653241 0.027604 0.023148
0 0.118490 0.616667 0.027604 0.022222
0 0.158333 0.616667 0.030208 0.024074
0 0.196354 0.689352 0.027083 0.023148
0 0.081771 0.614815 0.025000 0.020370
0 0.987240 0.427778 0.024479 0.020370
0 0.862240 0.496759 0.032813 0.023148
0 0.083333 0.650463 0.029167 0.021296
0 0.151823 0.685185 0.027604 0.022222
0 0.904948 0.495833 0.027604 0.025000
0 0.046615 0.616204 0.023438 0.021296
0 0.109635 0.686574 0.028646 0.025000
0 0.038021 0.653704 0.028125 0.025926
0 0.821354 0.529630 0.028125 0.024074
0 0.951042 0.495370 0.029167 0.024074
0 0.768750 0.567593 0.026042 0.024074
0 0.069792 0.685185 0.027083 0.022222
0 0.002865 0.651389 0.005729 0.023148
0 0.985156 0.496759 0.026562 0.023148
0 0.029167 0.686574 0.026042 0.023148
0 0.258854 0.581944 0.029167 0.021296
0 0.807813 0.565741 0.029167 0.025926
0 0.211198 0.579630 0.025521 0.024074
0 0.848437 0.563889 0.026042 0.020370
0 0.239323 0.546296 0.027604 0.022222
0 0.870833 0.530093 0.032292 0.025000
0 0.890104 0.569444 0.029167 0.024074
0 0.928906 0.566667 0.029687 0.024074
0 0.465885 0.321296 0.010937 0.053704
0 0.014063 0.615741 0.023958 0.018519
0 0.165104 0.581481 0.026042 0.022222
0 0.466667 0.404167 0.010417 0.047222
0 0.967969 0.568056 0.026562 0.019444
0 0.916667 0.532870 0.030208 0.023148
0 0.201042 0.548148 0.025000 0.022222
0 0.969792 0.528704 0.030208 0.024074
0 0.127344 0.204167 0.014063 0.045370
0 0.462500 0.250463 0.015625 0.054630
0 0.490365 0.583796 0.013021 0.056481
0 0.399479 0.914352 0.013542 0.047222
0 0.438802 0.291667 0.011979 0.057407
0 0.996354 0.529167 0.006250 0.023148
0 0.526042 0.232870 0.013542 0.043519
0 0.982031 0.679630 0.025521 0.022222
0 0.426302 0.930556 0.010937 0.053704
0 0.582552 0.345833 0.029687 0.032407
0 0.406250 0.839815 0.011458 0.044444
0 0.433854 0.711574 0.013542 0.056481
0 0.165625 0.418519 0.026042 0.022222
0 0.413542 0.700926 0.011458 0.055556
0 0.485156 0.231019 0.013021 0.052778
0 0.412760 0.558333 0.011979 0.053704
0 0.439844 0.472222 0.010937 0.055556
0 0.293750 0.719444 0.026042 0.020370
0 0.505990 0.532407 0.011979 0.053704
0 0.423438 0.376852 0.011458 0.053704
0 0.488802 0.436111 0.013021 0.057407
0 0.149740 0.720370 0.028646 0.022222
0 0.460417 0.132870 0.011458 0.054630
0 0.424740 0.224074 0.010937 0.051852
0 0.991927 0.563889 0.013021 0.020370
0 0.041146 0.274074 0.012500 0.038889
0 0.441406 0.166667 0.010937 0.048148
0 0.040625 0.553241 0.028125 0.021296
0 0.506250 0.930556 0.014583 0.057407
0 0.423958 0.066667 0.012500 0.051852
