0 0.137240 0.198611 0.027604 0.043519
0 0.010677 0.126389 0.014063 0.039815
0 0.046354 0.254167 0.013542 0.043519
0 0.608333 0.969907 0.037500 0.052778
0 0.441667 0.575926 0.014583 0.061111
0 0.419010 0.518519 0.011979 0.057407
0 0.448177 0.151852 0.010937 0.051852
0 0.427865 0.371759 0.013021 0.054630
0 0.737760 0.572222 0.025521 0.020370
0 0.467187 0.125463 0.011458 0.052778
0 0.469271 0.056019 0.011458 0.052778
0 0.742708 0.500463 0.027083 0.023148
0 0.869010 0.471759 0.026562 0.019444
0 0.851042 0.438889 0.027083 0.020370
0 0.741667 0.465741 0.025000 0.020370
0 0.809896 0.437037 0.025000 0.018519
0 0.781771 0.467130 0.025000 0.023148
0 0.916927 0.470833 0.029687 0.019444
0 0.895312 0.436574 0.029167 0.019444
0 0.822135 0.469444 0.026562 0.020370
0 0.782031 0.501852 0.022396 0.022222
0 0.266406 0.641204 0.024479 0.019444
0 0.833073 0.502315 0.028646 0.021296
0 0.941927 0.437037 0.027604 0.020370
0 0.876302 0.507870 0.029687 0.019444
0 0.221615 0.641204 0.026562 0.023148
0 0.732292 0.533333 0.026042 0.020370
0 0.015104 0.242593 0.020833 0.057407
0 0.255990 0.606481 0.024479 0.022222
0 0.983854 0.437037 0.029167 0.020370
0 0.180729 0.638889 0.018750 0.022222
0 0.218229 0.601852 0.027083 0.022222
0 0.042708 0.108796 0.011458 0.050926
0 0.917708 0.508796 0.027083 0.021296
0 0.957292 0.474074 0.027083 0.018519
0 0.143229 0.635648 0.023958 0.023148
0 0.769271 0.536111 0.025000 0.020370
0 0.038802 0.598611 0.025521 0.017593
0 0.257031 0.675463 0.023438 0.019444
0 0.219010 0.671296 0.027604 0.020370
0 0.097656 0.632870 0.025521 0.021296
0 0.171354 0.601389 0.030208 0.025000
0 0.955729 0.510185 0.028125 0.020370
0 0.056510 0.632407 0.026562 0.020370
0 0.127865 0.601389 0.027604 0.023148
0 0.158854 0.672685 0.027083 0.023148
0 0.990365 0.475463 0.019271 0.026852
0 0.081771 0.600463 0.027083 0.021296
0 0.807292 0.541667 0.026042 0.022222
0 0.990625 0.512963 0.018750 0.022222
0 0.012500 0.629630 0.022917 0.018519
0 0.116927 0.670370 0.029687 0.022222
0 0.777083 0.575926 0.022917 0.020370
0 0.003906 0.597222 0.007812 0.022222
0 0.844271 0.541204 0.025000 0.017593
0 0.817969 0.576389 0.026562 0.023148
0 0.564844 0.308333 0.023438 0.038889
0 0.260417 0.571296 0.022917 0.018519
0 0.266146 0.532407 0.025000 0.020370
0 0.612240 0.370370 0.034896 0.031481
0 0.429688 0.195370 0.010417 0.050000
0 0.045052 0.422222 0.027604 0.022222
0 0.224740 0.568981 0.024479 0.021296
0 0.503906 0.426852 0.013021 0.057407
0 0.854688 0.577315 0.026042 0.019444
0 0.741406 0.430556 0.051562 0.025926
0 0.121354 0.420370 0.019792 0.051852
0 0.489844 0.619444 0.010937 0.048148
0 0.891406 0.579630 0.029687 0.020370
0 0.108594 0.514352 0.032813 0.032407
0 0.505469 0.718981 0.013021 0.058333
0 0.450000 0.041204 0.013542 0.052778
0 0.993750 0.691667 0.012500 0.046296
0 0.485156 0.818056 0.013021 0.058333
0 0.060417 0.527778 0.026042 0.020370
0 0.149219 0.709259 0.027604 0.022222
0 0.126042 0.565741 0.027083 0.020370
0 0.484375 0.979630 0.025000 0.040741
0 0.021615 0.667593 0.030729 0.027778
0 0.503125 0.889815 0.016667 0.061111
0 0.994271 0.602778 0.011458 0.033333
0 0.007812 0.525926 0.011458 0.022222
0 0.432031 0.020370 0.015104 0.040741
