0 0.110156 0.254167 0.011979 0.050926
0 0.009896 0.126389 0.013542 0.037963
0 0.045833 0.256019 0.012500 0.045370
0 0.200000 0.362037 0.033333 0.033333
0 0.255208 0.443519 0.027083 0.022222
0 0.174479 0.406019 0.025000 0.021296
0 0.243229 0.405093 0.026042 0.023148
0 0.180990 0.445370 0.028646 0.020370
0 0.159115 0.481944 0.026562 0.023148
0 0.088281 0.470833 0.023438 0.019444
0 0.327604 0.497685 0.022917 0.019444
0 0.905990 0.667593 0.028646 0.022222
0 0.311458 0.458796 0.025000 0.019444
0 0.864062 0.631019 0.028125 0.023148
0 0.759896 0.654630 0.026042 0.022222
0 0.725260 0.620833 0.023438 0.019444
0 0.237240 0.485648 0.026562 0.019444
0 0.834635 0.693519 0.029687 0.024074
0 0.380208 0.454630 0.026042 0.022222
0 0.659375 0.657870 0.030208 0.023148
0 0.398438 0.497222 0.026042 0.022222
0 0.438021 0.479167 0.020833 0.021296
0 0.545312 0.521296 0.027083 0.022222
0 0.483333 0.642593 0.026042 0.020370
0 0.255990 0.534259 0.025521 0.022222
0 0.495312 0.498611 0.025000 0.021296
0 0.678385 0.499074 0.026562 0.020370
0 0.773438 0.574537 0.025000 0.021296
0 0.738021 0.572685 0.027083 0.021296
0 0.255729 0.568056 0.022917 0.021296
0 0.809635 0.574537 0.028646 0.025000
0 0.220573 0.570370 0.026562 0.022222
0 0.848177 0.579167 0.027604 0.023148
0 0.884115 0.577315 0.026562 0.023148
0 0.715104 0.536111 0.027083 0.020370
0 0.922917 0.578704 0.026042 0.024074
0 0.217969 0.533333 0.023438 0.016667
0 0.959115 0.579167 0.036979 0.026852
0 0.168490 0.567130 0.028646 0.023148
0 0.607812 0.969444 0.037500 0.055556
0 0.446875 0.143981 0.014583 0.052778
0 0.428646 0.141204 0.011458 0.054630
0 0.447917 0.072222 0.010417 0.057407
0 0.430469 0.063426 0.010937 0.052778
0 0.616146 0.617130 0.027083 0.021296
0 0.991146 0.579167 0.017708 0.025000
0 0.014063 0.243519 0.019792 0.057407
0 0.655729 0.393981 0.030208 0.023148
0 0.258594 0.743519 0.027604 0.016667
0 0.450000 0.451852 0.026042 0.020370
0 0.180208 0.528704 0.025000 0.018519
0 0.466406 0.126389 0.010937 0.049074
0 0.468750 0.054630 0.011458 0.051852
0 0.397135 0.804167 0.025521 0.049074
0 0.533854 0.463889 0.028125 0.024074
0 0.077083 0.403241 0.028125 0.023148
0 0.360677 0.755093 0.033854 0.039815
0 0.559115 0.650000 0.027604 0.024074
0 0.665104 0.429630 0.026042 0.022222
1 0.355469 0.402315 0.056771 0.032407
0 0.241146 0.356019 0.027083 0.025000
0 0.362760 0.297222 0.029687 0.042593
0 0.555990 0.389815 0.074479 0.033333
0 0.475521 0.418056 0.075000 0.037963
0 0.370833 0.338889 0.023958 0.031481
0 0.436198 0.609722 0.026562 0.019444
0 0.376563 0.645833 0.025000 0.021296
0 0.744010 0.502778 0.024479 0.020370
0 0.635156 0.462500 0.026562 0.023148
0 0.281250 0.673611 0.023958 0.021296
0 0.840885 0.503241 0.042188 0.025000
0 0.756771 0.436111 0.026042 0.022222
0 0.282292 0.605093 0.027083 0.021296
0 0.167187 0.634259 0.023958 0.020370
0 0.200260 0.674074 0.026562 0.022222
0 0.273438 0.638426 0.023958 0.019444
0 0.797396 0.538889 0.031250 0.025926
0 0.105990 0.599537 0.028646 0.023148
1 0.603646 0.693056 0.086458 0.036111
0 0.821875 0.436574 0.028125 0.023148
0 0.771615 0.468056 0.022396 0.019444
0 0.196094 0.602315 0.028646 0.023148
0 0.779687 0.394444 0.027083 0.022222
0 0.907552 0.504630 0.028646 0.022222
0 0.882552 0.541667 0.026562 0.022222
0 0.110937 0.668981 0.027083 0.023148
1 0.488802 0.688889 0.079687 0.035185
0 0.912500 0.395370 0.028125 0.022222
0 0.934635 0.471296 0.032813 0.025926
0 0.987240 0.507870 0.016146 0.023148
0 0.043750 0.631481 0.029167 0.020370
0 0.983073 0.544907 0.020313 0.025000
0 0.007292 0.598611 0.014583 0.023148
