0 0.173177 0.512500 0.025521 0.021296
0 0.532292 0.458796 0.028125 0.021296
0 0.459635 0.462500 0.030729 0.021296
0 0.192448 0.601389 0.026562 0.019444
0 0.244010 0.670833 0.027604 0.019444
0 0.343490 0.468519 0.027604 0.020370
0 0.250781 0.633796 0.027604 0.021296
0 0.386198 0.666667 0.026562 0.020370
0 0.832812 0.671296 0.027083 0.020370
0 0.154167 0.598611 0.026042 0.017593
0 0.295573 0.490741 0.026562 0.020370
0 0.066406 0.606944 0.027604 0.021296
0 0.109115 0.602778 0.026562 0.020370
0 0.878646 0.607870 0.028125 0.023148
0 0.007292 0.493056 0.014583 0.019444
0 0.232813 0.599537 0.029167 0.021296
0 0.225260 0.476852 0.026562 0.020370
0 0.914062 0.550000 0.028125 0.022222
0 0.590885 0.652315 0.026562 0.021296
0 0.319531 0.662963 0.024479 0.018519
0 0.643490 0.686111 0.027604 0.024074
0 0.872396 0.553241 0.029167 0.023148
0 0.278385 0.598611 0.027604 0.021296
0 0.348958 0.516204 0.027083 0.021296
0 0.380208 0.433796 0.027083 0.021296
0 0.250260 0.516204 0.025521 0.021296
0 0.417448 0.625463 0.025521 0.021296
0 0.747917 0.557870 0.026042 0.021296
0 0.926823 0.641667 0.030729 0.024074
0 0.989583 0.549074 0.019792 0.022222
0 0.784635 0.558796 0.026562 0.019444
0 0.747135 0.485185 0.024479 0.018519
0 0.231510 0.562037 0.027604 0.018519
0 0.689063 0.645370 0.030208 0.022222
0 0.530208 0.619907 0.026042 0.021296
0 0.279167 0.704167 0.028125 0.021296
0 0.490104 0.526389 0.028125 0.023148
0 0.272135 0.565741 0.027604 0.020370
0 0.662500 0.454167 0.026042 0.019444
0 0.501823 0.651389 0.024479 0.019444
0 0.466146 0.498148 0.028125 0.022222
0 0.168490 0.639352 0.027604 0.021296
0 0.641406 0.490741 0.023438 0.016667
0 0.775260 0.609722 0.031771 0.023148
0 0.191667 0.254167 0.012500 0.054630
0 0.451562 0.165741 0.009375 0.040741
0 0.827083 0.556944 0.026042 0.019444
0 0.956771 0.547685 0.028125 0.021296
0 0.041406 0.150463 0.009896 0.054630
0 0.431771 0.159259 0.011458 0.046296
0 0.048438 0.298611 0.012500 0.039815
0 0.113542 0.293056 0.012500 0.052778
0 0.182812 0.565741 0.026042 0.018519
0 0.379688 0.489815 0.027083 0.018519
0 0.202344 0.706481 0.029687 0.022222
1 0.491406 0.693519 0.082812 0.031481
0 0.450260 0.105556 0.013021 0.055556
0 0.004427 0.300000 0.008854 0.050000
0 0.018750 0.291204 0.016667 0.056481
0 0.161719 0.674537 0.028646 0.021296
2 0.650260 0.554630 0.095312 0.053704
0 0.468229 0.075463 0.014583 0.058333
0 0.824740 0.479630 0.027604 0.022222
0 0.009896 0.172222 0.012500 0.037037
0 0.468229 0.142593 0.010417 0.044444
0 0.747656 0.519907 0.027604 0.021296
0 0.079948 0.141667 0.017188 0.051852
0 0.387760 0.300463 0.024479 0.045370
0 0.407813 0.803704 0.027083 0.042593
0 0.468229 0.387037 0.025000 0.022222
1 0.024219 0.438889 0.048438 0.035185
1 0.650781 0.554167 0.053646 0.036111
1 0.266927 0.431944 0.075521 0.028704
1 0.492188 0.693981 0.079167 0.036111
0 0.692448 0.371296 0.026562 0.022222
2 0.603906 0.415741 0.095312 0.035185
0 0.828125 0.510648 0.022917 0.017593
0 0.776823 0.448148 0.029687 0.022222
1 0.604948 0.415741 0.075521 0.037037
0 0.097917 0.640278 0.027083 0.021296
0 0.249219 0.743981 0.024479 0.021296
0 0.904687 0.479630 0.028125 0.024074
0 0.793229 0.371759 0.026042 0.023148
0 0.860938 0.444907 0.026042 0.021296
0 0.808073 0.412500 0.027604 0.019444
0 0.920052 0.406481 0.028646 0.022222
0 0.109896 0.713889 0.029167 0.022222
0 0.917188 0.443519 0.026042 0.020370
0 0.094531 0.678704 0.029687 0.020370
0 0.954427 0.512037 0.028646 0.022222
0 0.973177 0.475000 0.028646 0.024074
0 0.972917 0.439352 0.025000 0.019444
0 0.007292 0.682407 0.007292 0.022222
0 0.003385 0.718519 0.003646 0.020370
0 0.014583 0.644444 0.026042 0.024074
