0 0.184896 0.241667 0.012500 0.055556
0 0.010677 0.271296 0.015104 0.053704
0 0.106510 0.276389 0.011979 0.054630
0 0.472656 0.493981 0.011979 0.047222
0 0.880469 0.488889 0.025521 0.020370
0 0.096094 0.695833 0.025521 0.021296
0 0.733854 0.527778 0.026042 0.022222
0 0.077344 0.623148 0.028646 0.022222
0 0.741146 0.456944 0.026042 0.023148
0 0.725260 0.425000 0.027604 0.022222
0 0.787240 0.455093 0.025521 0.023148
0 0.766927 0.422685 0.025521 0.023148
0 0.733073 0.494444 0.027604 0.024074
0 0.787500 0.493981 0.026042 0.021296
0 0.829948 0.455093 0.025521 0.021296
0 0.835156 0.492593 0.030729 0.024074
0 0.812240 0.421296 0.027604 0.022222
0 0.006510 0.152315 0.010937 0.037963
0 0.872396 0.455093 0.025000 0.023148
0 0.262500 0.689352 0.026042 0.021296
0 0.916406 0.456019 0.027604 0.023148
0 0.868750 0.420833 0.027083 0.023148
0 0.213542 0.623611 0.029167 0.023148
0 0.223438 0.693056 0.032292 0.025000
0 0.255208 0.619444 0.029167 0.022222
0 0.258854 0.656481 0.030208 0.022222
0 0.172656 0.624074 0.026562 0.022222
0 0.215625 0.656481 0.027083 0.022222
0 0.972656 0.452315 0.031771 0.023148
0 0.771354 0.526389 0.028125 0.023148
0 0.906510 0.422222 0.021354 0.024074
0 0.924479 0.492593 0.028125 0.022222
0 0.173958 0.657407 0.032292 0.024074
0 0.187760 0.689815 0.025521 0.022222
0 0.946354 0.422685 0.028125 0.023148
0 0.129167 0.622222 0.026042 0.024074
0 0.130208 0.658796 0.030208 0.025000
0 0.141667 0.692130 0.026042 0.023148
0 0.032031 0.662037 0.026562 0.020370
0 0.074740 0.658333 0.029687 0.022222
0 0.812500 0.525926 0.027083 0.022222
0 0.537760 0.295833 0.023438 0.049074
0 0.972396 0.490278 0.025000 0.019444
0 0.845573 0.524537 0.023438 0.019444
0 0.733333 0.563426 0.027083 0.019444
0 0.264583 0.546759 0.023958 0.019444
0 0.034115 0.621759 0.027604 0.023148
0 0.254167 0.585648 0.025000 0.023148
0 0.779687 0.565278 0.028125 0.023148
0 0.002604 0.660185 0.005208 0.022222
0 0.042708 0.695370 0.030208 0.022222
0 0.892448 0.522685 0.025521 0.017593
0 0.003385 0.624074 0.006771 0.024074
0 0.223958 0.551389 0.027083 0.021296
0 0.929427 0.526389 0.028646 0.023148
0 0.214323 0.585185 0.026562 0.022222
0 0.006510 0.692130 0.011979 0.021296
0 0.174740 0.583796 0.026562 0.021296
0 0.973177 0.524074 0.027604 0.018519
0 0.827604 0.565278 0.028125 0.025000
0 0.462760 0.146759 0.014063 0.056481
0 0.042188 0.281019 0.013542 0.043519
0 0.466667 0.333796 0.012500 0.054630
0 0.130990 0.588889 0.029687 0.024074
0 0.866667 0.563426 0.029167 0.025000
0 0.384375 0.767593 0.026042 0.050000
0 0.471615 0.405556 0.016146 0.062963
0 0.092188 0.587963 0.023958 0.022222
0 0.518750 0.031019 0.012500 0.060185
0 0.903646 0.563426 0.027083 0.023148
0 0.178125 0.552778 0.025000 0.022222
0 0.046615 0.590278 0.031771 0.025000
0 0.529427 0.201389 0.014063 0.049074
0 0.940885 0.563426 0.028646 0.023148
0 0.135417 0.550463 0.026042 0.021296
0 0.462500 0.225000 0.012500 0.048148
0 0.974479 0.562037 0.025000 0.022222
0 0.482812 0.043981 0.013542 0.045370
0 0.324740 0.720833 0.025521 0.023148
0 0.489844 0.721296 0.011979 0.053704
0 0.498698 0.108796 0.011979 0.050926
0 0.461979 0.076852 0.015625 0.055556
0 0.010677 0.590278 0.018229 0.023148
0 0.433073 0.902315 0.011979 0.050926
0 0.484115 0.195370 0.009896 0.046296
0 0.421615 0.721296 0.011979 0.053704
0 0.462500 0.014352 0.014583 0.028704
0 0.447396 0.756481 0.012500 0.059259
0 0.639844 0.394907 0.026562 0.025000
0 0.489063 0.325000 0.011458 0.051852
0 0.424740 0.568056 0.010937 0.054630
0 0.492448 0.464352 0.010937 0.052778
0 0.445573 0.507407 0.011979 0.044444
0 0.548698 0.761574 0.020313 0.049074
0 0.425781 0.447685 0.010937 0.052778
0 0.790625 0.383333 0.026042 0.022222
0 0.491927 0.600463 0.011979 0.054630
0 0.441927 0.319444 0.011979 0.051852
0 0.422135 0.297685 0.010937 0.054630
0 0.073177 0.552315 0.034896 0.025000
0 0.546094 0.860185 0.022396 0.051852
0 0.442969 0.192130 0.010937 0.050926
1 0.643229 0.680093 0.052083 0.045370
0 0.425521 0.205556 0.010417 0.051852
0 0.070312 0.266667 0.020833 0.064815
1 0.642708 0.685648 0.085417 0.075000
0 0.425781 0.038426 0.014063 0.043519
