0 0.190625 0.585185 0.025000 0.018519
0 0.152344 0.581944 0.025521 0.017593
0 0.064062 0.586574 0.027083 0.019444
0 0.108854 0.583333 0.026042 0.020370
0 0.232552 0.585648 0.027604 0.019444
0 0.911979 0.563889 0.027083 0.020370
0 0.870833 0.564815 0.026042 0.020370
0 0.295052 0.584722 0.025521 0.021296
0 0.737240 0.565278 0.024479 0.019444
0 0.988021 0.565741 0.021875 0.020370
0 0.780208 0.566667 0.028125 0.022222
0 0.242448 0.548611 0.026562 0.019444
0 0.328385 0.549074 0.027604 0.024074
0 0.193229 0.238426 0.012500 0.052778
0 0.455469 0.160185 0.011979 0.042593
0 0.954948 0.563426 0.027604 0.021296
0 0.435937 0.153241 0.012500 0.054630
0 0.019531 0.268519 0.019271 0.062963
0 0.115885 0.273148 0.013021 0.051852
0 0.181250 0.549537 0.023958 0.017593
0 0.454427 0.101389 0.014063 0.058333
2 0.590104 0.562963 0.098958 0.033333
0 0.471875 0.071296 0.012500 0.048148
0 0.471875 0.139352 0.010417 0.045370
0 0.046094 0.128704 0.010937 0.048148
0 0.825260 0.567130 0.026562 0.019444
0 0.005469 0.276389 0.010937 0.054630
0 0.051042 0.277315 0.014583 0.041667
0 0.066146 0.468981 0.026042 0.019444
0 0.011979 0.493519 0.023958 0.020370
0 0.081250 0.504167 0.023958 0.019444
0 0.072396 0.433796 0.029167 0.019444
0 0.133333 0.549074 0.028125 0.018519
0 0.176563 0.503704 0.028125 0.018519
0 0.200260 0.438426 0.028646 0.023148
0 0.123958 0.482870 0.027083 0.021296
0 0.144010 0.416204 0.029687 0.025000
0 0.259896 0.433796 0.027083 0.021296
0 0.963281 0.681481 0.028646 0.022222
0 0.188281 0.472222 0.027604 0.018519
0 0.179948 0.387037 0.027604 0.020370
0 0.234896 0.503704 0.031250 0.022222
0 0.316927 0.442593 0.024479 0.020370
0 0.088021 0.550926 0.029167 0.020370
0 0.277865 0.404167 0.028646 0.023148
0 0.870052 0.642593 0.029687 0.022222
0 0.241146 0.471759 0.026042 0.019444
0 0.803906 0.615741 0.024479 0.018519
0 0.297135 0.511111 0.026562 0.022222
0 0.523698 0.105093 0.017188 0.056481
0 0.369271 0.412037 0.023958 0.018519
0 0.396094 0.450463 0.029687 0.021296
0 0.685677 0.616204 0.026562 0.023148
0 0.295312 0.475926 0.026042 0.018519
0 0.045833 0.551389 0.028125 0.019444
0 0.635677 0.642593 0.026562 0.020370
0 0.418750 0.902778 0.020833 0.059259
0 0.428385 0.411574 0.026562 0.021296
0 0.566927 0.649074 0.023438 0.018519
0 0.741927 0.711574 0.018229 0.017593
0 0.538021 0.240278 0.026042 0.052778
0 0.362240 0.488889 0.027604 0.022222
0 0.747917 0.528241 0.025000 0.019444
0 0.454688 0.448148 0.028125 0.020370
1 0.841927 0.693519 0.091146 0.042593
0 0.015625 0.586111 0.027083 0.020370
0 0.590885 0.320833 0.032813 0.039815
0 0.584635 0.616204 0.028646 0.019444
0 0.508073 0.404630 0.024479 0.018519
0 0.516406 0.452315 0.026562 0.019444
0 0.474479 0.484259 0.028125 0.022222
0 0.411458 0.493519 0.026042 0.022222
0 0.755208 0.648148 0.027083 0.016667
0 0.011198 0.549537 0.020313 0.017593
0 0.573698 0.695833 0.024479 0.017593
0 0.380469 0.759722 0.032813 0.037963
0 0.753125 0.456481 0.025000 0.020370
0 0.416146 0.654630 0.030208 0.022222
0 0.735677 0.423611 0.027604 0.019444
0 0.573438 0.463426 0.028125 0.023148
0 0.461979 0.618056 0.028125 0.023148
0 0.807292 0.455093 0.026042 0.023148
0 0.375781 0.618519 0.040104 0.025926
0 0.778646 0.421759 0.026042 0.019444
0 0.746354 0.493981 0.026042 0.019444
0 0.327865 0.657407 0.022396 0.016667
0 0.274219 0.654167 0.021354 0.017593
0 0.420312 0.692130 0.025000 0.019444
0 0.077083 0.391204 0.027083 0.021296
0 0.258594 0.621759 0.024479 0.017593
0 0.296615 0.688889 0.027604 0.022222
0 0.843750 0.492593 0.026042 0.020370
0 0.219271 0.656481 0.027083 0.020370
0 0.872917 0.455093 0.027083 0.021296
0 0.156771 0.619444 0.028125 0.024074
0 0.417448 0.201389 0.013021 0.050926
0 0.923958 0.492130 0.031250 0.023148
0 0.937760 0.419444 0.027604 0.020370
0 0.084115 0.696296 0.032813 0.024074
0 0.025781 0.662037 0.023438 0.018519
0 0.939844 0.385185 0.026562 0.022222
0 0.050781 0.620370 0.030729 0.024074
0 0.453906 0.027778 0.013021 0.053704
