0 0.123958 0.192593 0.018750 0.055556
0 0.007812 0.124074 0.012500 0.038889
0 0.041927 0.252778 0.014063 0.046296
0 0.737500 0.572685 0.026042 0.021296
0 0.465625 0.124537 0.012500 0.056481
0 0.468229 0.055556 0.014583 0.068519
0 0.742188 0.500926 0.028125 0.024074
0 0.894010 0.437963 0.028646 0.018519
0 0.849219 0.439815 0.026562 0.016667
0 0.741146 0.468056 0.025000 0.021296
0 0.808854 0.438889 0.021875 0.018519
0 0.780729 0.468519 0.023958 0.022222
0 0.916146 0.473148 0.028125 0.016667
0 0.821615 0.470370 0.025521 0.018519
0 0.781250 0.502778 0.021875 0.022222
0 0.263802 0.641667 0.024479 0.020370
0 0.832552 0.502778 0.027604 0.020370
0 0.941927 0.438426 0.026562 0.017593
0 0.868750 0.473611 0.028125 0.017593
0 0.219010 0.641204 0.027604 0.025000
0 0.731771 0.534259 0.026042 0.020370
0 0.253125 0.606944 0.025000 0.025000
0 0.984375 0.439352 0.027083 0.017593
0 0.178125 0.638426 0.020833 0.025000
0 0.214844 0.601852 0.027604 0.025926
0 0.916667 0.509722 0.025000 0.017593
0 0.957292 0.475463 0.026042 0.017593
0 0.139844 0.637037 0.025521 0.024074
0 0.768750 0.536574 0.025000 0.021296
0 0.254688 0.675463 0.025000 0.021296
0 0.216927 0.671296 0.028646 0.024074
0 0.094792 0.633796 0.026042 0.023148
0 0.956250 0.510185 0.028125 0.018519
0 0.051302 0.633333 0.030729 0.024074
0 0.125260 0.602778 0.029687 0.025926
0 0.155469 0.672222 0.028646 0.025926
0 0.077344 0.602778 0.033854 0.025926
0 0.806771 0.541667 0.025000 0.020370
0 0.884896 0.542593 0.025000 0.020370
0 0.010937 0.630093 0.018750 0.019444
0 0.113281 0.670833 0.029687 0.025000
0 0.776563 0.575926 0.023958 0.022222
0 0.001823 0.597685 0.003646 0.023148
0 0.843229 0.541667 0.025000 0.018519
0 0.816667 0.578704 0.027083 0.022222
0 0.256250 0.571759 0.025000 0.023148
0 0.263281 0.531944 0.027604 0.021296
0 0.220573 0.569444 0.026562 0.025926
0 0.853646 0.578704 0.027083 0.022222
0 0.142187 0.564815 0.027083 0.024074
0 0.891667 0.581481 0.028125 0.022222
0 0.167708 0.602778 0.033333 0.029630
0 0.181250 0.568981 0.028125 0.028704
0 0.035156 0.600463 0.026562 0.021296
0 0.929427 0.581944 0.028646 0.021296
0 0.185417 0.224074 0.012500 0.050000
0 0.506250 0.750000 0.015625 0.025926
0 0.967969 0.583796 0.025521 0.019444
0 0.875781 0.508333 0.029687 0.018519
0 0.225000 0.531481 0.028125 0.024074
0 0.416927 0.390278 0.014063 0.054630
0 0.927083 0.541667 0.026042 0.022222
0 0.990885 0.512963 0.018229 0.018519
0 0.446094 0.187037 0.015104 0.059259
0 0.487760 0.086111 0.014063 0.059259
0 0.970833 0.545833 0.027083 0.017593
0 0.414583 0.904167 0.012500 0.049074
0 0.997135 0.547222 0.004687 0.016667
0 0.491406 0.190278 0.014063 0.049074
0 0.509635 0.164352 0.013021 0.050926
0 0.439844 0.753241 0.011979 0.047222
0 0.056250 0.406481 0.026042 0.024074
0 0.439323 0.587037 0.015104 0.062963
0 0.425000 0.484259 0.013542 0.062963
0 0.508594 0.350000 0.015104 0.055556
0 0.444531 0.444907 0.013021 0.054630
0 0.335938 0.392593 0.027083 0.038889
0 0.444531 0.305093 0.013021 0.050926
0 0.427604 0.212037 0.011458 0.050000
0 0.541667 0.865741 0.019792 0.044444
0 0.403906 0.212963 0.011979 0.044444
0 0.484635 0.894444 0.013021 0.040741
0 0.428646 0.088426 0.013542 0.050926
0 0.514062 0.948148 0.015625 0.050000
