0 0.105469 0.269444 0.013021 0.057407
0 0.006510 0.145370 0.011979 0.038889
0 0.429948 0.961574 0.013021 0.045370
0 0.734375 0.568981 0.026042 0.021296
0 0.503385 0.074537 0.013021 0.060185
0 0.428125 0.275926 0.019792 0.061111
0 0.442969 0.176852 0.014063 0.053704
0 0.426823 0.082870 0.013021 0.049074
0 0.442969 0.094444 0.011979 0.048148
0 0.463021 0.165278 0.019792 0.062037
0 0.034896 0.126389 0.011458 0.047222
0 0.050260 0.121759 0.019271 0.052778
0 0.132812 0.487963 0.022917 0.055556
0 0.737760 0.459722 0.023438 0.023148
0 0.735156 0.427778 0.027604 0.022222
0 0.784896 0.422685 0.030208 0.026852
0 0.773698 0.460648 0.027604 0.025000
0 0.823177 0.425463 0.033854 0.026852
0 0.811719 0.460185 0.029687 0.024074
0 0.851302 0.460185 0.033854 0.025926
0 0.735938 0.494907 0.026042 0.023148
0 0.867188 0.423148 0.029167 0.024074
0 0.040365 0.273148 0.013021 0.040741
0 0.779948 0.496296 0.026562 0.024074
0 0.917448 0.426389 0.031771 0.026852
0 0.896875 0.462037 0.030208 0.025926
0 0.732292 0.529167 0.028125 0.023148
0 0.261979 0.652778 0.028125 0.022222
0 0.936458 0.460185 0.029167 0.025926
0 0.955208 0.429630 0.029167 0.025926
0 0.259375 0.616667 0.029167 0.022222
0 0.220833 0.650463 0.028125 0.021296
0 0.272656 0.685648 0.027604 0.021296
0 0.207813 0.617130 0.029167 0.025000
0 0.240104 0.684259 0.026042 0.020370
0 0.979688 0.460648 0.038542 0.026852
0 0.821875 0.495833 0.028125 0.025000
0 0.780208 0.530093 0.027083 0.023148
0 0.119271 0.651852 0.026042 0.022222
0 0.166406 0.653241 0.027604 0.023148
0 0.117448 0.617130 0.027604 0.021296
0 0.157031 0.616204 0.028646 0.023148
0 0.195833 0.690278 0.028125 0.023148
0 0.080469 0.614815 0.025521 0.020370
0 0.988281 0.429167 0.023438 0.025000
0 0.864323 0.496759 0.033854 0.025000
0 0.043229 0.431019 0.027083 0.023148
0 0.082292 0.651389 0.030208 0.023148
0 0.150521 0.686111 0.028125 0.022222
0 0.908594 0.496759 0.030729 0.026852
0 0.044792 0.616204 0.023958 0.023148
0 0.485156 0.020833 0.011979 0.041667
0 0.108594 0.687500 0.028646 0.025000
0 0.036198 0.653704 0.028646 0.025926
0 0.823177 0.530093 0.028646 0.025000
0 0.954167 0.496759 0.034375 0.026852
0 0.487500 0.183796 0.018750 0.060185
0 0.770052 0.567593 0.024479 0.020370
0 0.068750 0.685648 0.027083 0.021296
0 0.046875 0.466204 0.027083 0.021296
0 0.528125 0.229167 0.019792 0.054630
0 0.002344 0.651389 0.004687 0.023148
0 0.987500 0.497685 0.022917 0.023148
0 0.403385 0.807407 0.026562 0.057407
0 0.027083 0.686111 0.027083 0.024074
0 0.258594 0.582407 0.028646 0.022222
0 0.630208 0.379630 0.030208 0.031481
0 0.810156 0.565741 0.028646 0.024074
0 0.441146 0.011574 0.013542 0.023148
0 0.326823 0.368981 0.028646 0.036111
0 0.210938 0.579630 0.026042 0.024074
0 0.009896 0.260648 0.014583 0.047222
0 0.850521 0.564352 0.025000 0.019444
0 0.387240 0.300463 0.021354 0.054630
0 0.090885 0.549537 0.027604 0.023148
0 0.880729 0.531019 0.036458 0.025000
0 0.749479 0.390278 0.027083 0.021296
0 0.898438 0.569444 0.030208 0.024074
0 0.408073 0.188426 0.014063 0.058333
0 0.863542 0.391667 0.030208 0.022222
0 0.038542 0.548611 0.028125 0.021296
0 0.408073 0.085185 0.014063 0.053704
0 0.508333 0.919444 0.010417 0.038889
0 0.489323 0.961111 0.014063 0.051852
0 0.048698 0.724074 0.029687 0.025926
0 0.002865 0.545370 0.003646 0.024074
