0 0.130469 0.174537 0.011979 0.049074
0 0.009635 0.123611 0.013021 0.037963
0 0.045833 0.251389 0.013542 0.045370
0 0.737500 0.568519 0.026042 0.020370
0 0.485677 0.415278 0.017188 0.056481
0 0.470573 0.302315 0.011979 0.050926
0 0.742188 0.497685 0.028125 0.021296
0 0.893490 0.434722 0.029687 0.021296
0 0.848958 0.437037 0.026042 0.018519
0 0.741406 0.463426 0.026562 0.021296
0 0.809115 0.434722 0.024479 0.017593
0 0.780729 0.464352 0.023958 0.023148
0 0.915625 0.470370 0.029167 0.020370
0 0.820833 0.466667 0.026042 0.020370
0 0.781250 0.500000 0.022917 0.022222
0 0.266406 0.637037 0.025521 0.020370
0 0.832812 0.499074 0.028125 0.022222
0 0.941146 0.435185 0.027083 0.020370
0 0.869010 0.470370 0.026562 0.020370
0 0.221354 0.636111 0.027083 0.024074
0 0.731771 0.529630 0.027083 0.020370
0 0.255469 0.602778 0.023438 0.022222
0 0.983594 0.436111 0.028646 0.020370
0 0.181510 0.632870 0.020313 0.025000
0 0.217708 0.599074 0.028125 0.022222
0 0.915885 0.506481 0.025521 0.020370
0 0.956771 0.472222 0.025000 0.018519
0 0.142969 0.632870 0.025521 0.023148
0 0.768750 0.532870 0.025000 0.021296
0 0.256771 0.670833 0.026042 0.019444
0 0.219271 0.667593 0.027083 0.020370
0 0.098437 0.629167 0.027083 0.023148
0 0.955208 0.507407 0.027083 0.020370
0 0.055729 0.628241 0.027083 0.021296
0 0.127604 0.597685 0.028125 0.023148
0 0.159115 0.669444 0.026562 0.024074
0 0.082031 0.596296 0.028646 0.022222
0 0.806771 0.537963 0.025000 0.020370
0 0.882552 0.539815 0.024479 0.020370
0 0.012760 0.625926 0.024479 0.020370
0 0.117448 0.666667 0.027604 0.024074
0 0.775521 0.571759 0.025000 0.021296
0 0.841406 0.538426 0.025521 0.017593
0 0.817187 0.574537 0.026042 0.021296
0 0.258333 0.568056 0.026042 0.019444
0 0.265625 0.528704 0.027083 0.020370
0 0.224479 0.566667 0.026042 0.024074
0 0.853646 0.575000 0.025000 0.020370
0 0.145833 0.561111 0.023958 0.020370
0 0.890885 0.576852 0.027604 0.022222
0 0.170052 0.598611 0.030729 0.026852
0 0.184635 0.564352 0.024479 0.021296
0 0.038281 0.595370 0.028646 0.020370
0 0.928646 0.577778 0.029167 0.024074
0 0.967187 0.578704 0.026042 0.022222
0 0.875521 0.504167 0.031250 0.021296
0 0.227344 0.526852 0.027604 0.022222
0 0.994531 0.579630 0.009896 0.024074
0 0.926302 0.539352 0.026562 0.023148
0 0.990365 0.510185 0.017188 0.018519
0 0.970313 0.541667 0.028125 0.024074
0 0.996615 0.543981 0.005729 0.021296
0 0.606250 0.968519 0.035417 0.055556
0 0.255990 0.429630 0.024479 0.025926
0 0.509375 0.746759 0.014583 0.026852
0 0.415885 0.657407 0.023438 0.061111
0 0.058073 0.100926 0.013021 0.053704
0 0.429948 0.140741 0.011979 0.050000
0 0.447396 0.138426 0.009375 0.049074
0 0.430208 0.052778 0.012500 0.048148
0 0.448698 0.068519 0.011979 0.059259
0 0.058854 0.397222 0.026042 0.020370
0 0.385937 0.721759 0.031250 0.034259
0 0.492448 0.034259 0.011979 0.051852
0 0.339844 0.700463 0.026562 0.023148
0 0.985677 0.728704 0.025521 0.020370
0 0.257552 0.703704 0.026562 0.022222
0 0.124219 0.452315 0.014063 0.054630
0 0.505729 0.184259 0.013542 0.057407
0 0.251302 0.378704 0.026562 0.022222
0 0.060156 0.525000 0.028646 0.020370
0 0.158854 0.526852 0.032292 0.022222
0 0.171875 0.703704 0.023958 0.022222
0 0.741406 0.427315 0.045312 0.023148
0 0.466406 0.086111 0.013021 0.053704
