0 0.396875 0.522685 0.026042 0.032407
0 0.348177 0.558333 0.023438 0.024074
0 0.197135 0.590278 0.026562 0.021296
0 0.292187 0.580093 0.028125 0.023148
0 0.440885 0.478241 0.029687 0.047222
0 0.885938 0.564352 0.027083 0.023148
0 0.841406 0.567130 0.027604 0.023148
0 0.479687 0.372685 0.020833 0.060185
0 0.690625 0.567130 0.025000 0.021296
0 0.979167 0.566204 0.027083 0.023148
0 0.753385 0.566204 0.026562 0.021296
0 0.466406 0.307407 0.018229 0.053704
0 0.494010 0.201389 0.011979 0.054630
0 0.183073 0.243519 0.010937 0.051852
0 0.444531 0.163426 0.010937 0.037963
0 0.942969 0.564815 0.028646 0.022222
0 0.425260 0.158333 0.013021 0.048148
0 0.009375 0.271759 0.014583 0.050926
0 0.105469 0.278241 0.013021 0.054630
0 0.386458 0.479630 0.021875 0.033333
0 0.442708 0.103241 0.012500 0.056481
2 0.529948 0.585185 0.069271 0.048148
0 0.461198 0.074074 0.011979 0.053704
0 0.461719 0.142130 0.010937 0.049074
0 0.803385 0.568981 0.025521 0.019444
0 0.040625 0.281481 0.012500 0.040741
0 0.007812 0.467593 0.012500 0.022222
0 0.882031 0.492130 0.023438 0.019444
0 0.323698 0.518981 0.030729 0.032407
0 0.009375 0.468981 0.018750 0.021296
0 0.002604 0.508796 0.005208 0.019444
0 0.207292 0.551389 0.029167 0.023148
0 0.014063 0.427315 0.026042 0.017593
0 0.077865 0.453241 0.031771 0.023148
0 0.069792 0.556481 0.027083 0.018519
0 0.055208 0.402315 0.028125 0.021296
0 0.736198 0.529167 0.023438 0.021296
0 0.152865 0.441204 0.025521 0.019444
0 0.104167 0.588426 0.029167 0.023148
0 0.117188 0.389815 0.025000 0.018519
0 0.222917 0.437963 0.022917 0.016667
0 0.198698 0.472222 0.025521 0.020370
0 0.006771 0.553241 0.012500 0.019444
0 0.742188 0.457870 0.026042 0.023148
0 0.958854 0.648148 0.030208 0.020370
0 0.725000 0.426389 0.027083 0.019444
0 0.208073 0.407407 0.028646 0.020370
0 0.788021 0.456944 0.025000 0.021296
0 0.941927 0.614815 0.039062 0.024074
0 0.767448 0.423148 0.026562 0.022222
0 0.733333 0.495833 0.027083 0.021296
0 0.842969 0.653241 0.024479 0.017593
0 0.795052 0.648611 0.024479 0.019444
0 0.885677 0.633796 0.025521 0.019444
0 0.912500 0.677315 0.027083 0.023148
0 0.788281 0.495833 0.025521 0.019444
0 0.735677 0.644907 0.027604 0.019444
0 0.830208 0.456944 0.025000 0.023148
0 0.691927 0.613426 0.025521 0.021296
0 0.229167 0.375000 0.025000 0.022222
0 0.836458 0.493981 0.030208 0.021296
0 0.813021 0.423148 0.026042 0.020370
0 0.758594 0.694444 0.027604 0.022222
0 0.597917 0.657870 0.023958 0.017593
0 0.605990 0.368981 0.024479 0.026852
0 0.609375 0.612500 0.028125 0.021296
0 0.005208 0.153704 0.009375 0.037037
0 0.294531 0.385648 0.021354 0.026852
0 0.872396 0.457870 0.022917 0.021296
0 0.261719 0.692130 0.024479 0.019444
0 0.917448 0.458333 0.026562 0.022222
0 0.872656 0.421296 0.026562 0.022222
0 0.209375 0.625463 0.028125 0.021296
0 0.222135 0.694907 0.027604 0.021296
0 0.253385 0.621759 0.026562 0.019444
0 0.256771 0.657870 0.028125 0.021296
0 0.678125 0.387500 0.027083 0.023148
2 0.514323 0.719444 0.090104 0.042593
0 0.150260 0.626852 0.027604 0.022222
0 0.206771 0.658333 0.028125 0.018519
0 0.285677 0.727315 0.027604 0.023148
0 0.975260 0.454167 0.029687 0.023148
0 0.859635 0.529630 0.027604 0.022222
0 0.913021 0.421759 0.020833 0.021296
0 0.929427 0.495833 0.027604 0.021296
0 0.796875 0.386111 0.028125 0.022222
0 0.995573 0.618519 0.008854 0.020370
0 0.038542 0.740741 0.027083 0.022222
0 0.208594 0.726852 0.025521 0.020370
0 0.150781 0.658333 0.030729 0.022222
0 0.875781 0.380556 0.028646 0.022222
0 0.115104 0.693519 0.023958 0.022222
0 0.965625 0.422685 0.026042 0.019444
0 0.048698 0.623611 0.026562 0.023148
0 0.019792 0.662037 0.020833 0.024074
0 0.406510 0.034722 0.011979 0.047222
