0 0.201302 0.586111 0.025521 0.018519
0 0.152344 0.583796 0.025521 0.019444
0 0.061458 0.588889 0.028125 0.022222
0 0.107031 0.585648 0.026562 0.021296
0 0.249219 0.586574 0.028646 0.021296
0 0.907031 0.564815 0.026562 0.020370
0 0.866406 0.565741 0.027604 0.020370
0 0.338802 0.575463 0.027604 0.026852
0 0.730729 0.566667 0.025000 0.020370
0 0.985156 0.566204 0.025521 0.019444
0 0.771094 0.566667 0.029687 0.022222
0 0.288542 0.548611 0.026042 0.017593
0 0.376823 0.536574 0.029687 0.028704
0 0.189583 0.240278 0.013542 0.056481
0 0.450781 0.161111 0.011979 0.042593
0 0.950000 0.564352 0.026042 0.021296
0 0.430990 0.155093 0.011979 0.050926
0 0.016146 0.269907 0.017708 0.063889
0 0.111458 0.275463 0.014583 0.058333
0 0.189583 0.550000 0.022917 0.020370
0 0.450000 0.101852 0.014583 0.059259
0 0.431771 0.089352 0.010417 0.045370
2 0.586458 0.563889 0.090625 0.033333
0 0.467708 0.071759 0.016667 0.060185
0 0.467708 0.140278 0.011458 0.047222
0 0.814583 0.567130 0.027083 0.021296
0 0.046615 0.278704 0.014063 0.042593
0 0.008333 0.471296 0.016667 0.020370
0 0.007812 0.506481 0.015625 0.022222
0 0.974740 0.489815 0.023438 0.018519
0 0.128125 0.551389 0.030208 0.019444
0 0.109115 0.504167 0.028646 0.019444
0 0.132292 0.436574 0.028125 0.023148
0 0.052083 0.491204 0.028125 0.021296
0 0.064844 0.418519 0.027604 0.022222
0 0.210938 0.436111 0.027083 0.020370
0 0.109375 0.472222 0.027083 0.018519
0 0.073698 0.387963 0.029687 0.020370
0 0.166406 0.505556 0.029687 0.020370
0 0.263542 0.446296 0.025000 0.020370
0 0.083333 0.553241 0.029167 0.023148
0 0.196615 0.402778 0.028646 0.022222
0 0.983854 0.642593 0.028125 0.020370
0 0.165885 0.470833 0.027604 0.019444
0 0.901042 0.611574 0.023958 0.017593
0 0.225260 0.509259 0.025521 0.022222
0 0.296615 0.412037 0.025521 0.018519
0 0.334115 0.448611 0.030729 0.023148
0 0.795833 0.616667 0.026042 0.020370
0 0.220573 0.473148 0.026562 0.018519
0 0.041667 0.554167 0.027083 0.019444
0 0.743750 0.646759 0.026042 0.021296
0 0.351562 0.410648 0.026042 0.019444
0 0.677604 0.650463 0.025000 0.019444
0 0.838802 0.714815 0.018229 0.020370
0 0.504948 0.089815 0.017188 0.055556
0 0.292187 0.491667 0.026042 0.022222
0 0.743490 0.529630 0.024479 0.020370
0 0.391146 0.444907 0.026042 0.019444
1 0.924219 0.692130 0.092188 0.039815
0 0.012240 0.589352 0.023438 0.021296
0 0.537240 0.227778 0.025521 0.055556
0 0.690625 0.616667 0.028125 0.020370
0 0.422135 0.395370 0.025521 0.020370
0 0.455990 0.449537 0.026562 0.019444
0 0.426042 0.479630 0.027083 0.022222
0 0.348438 0.488889 0.026042 0.022222
0 0.886719 0.646296 0.026562 0.016667
0 0.008594 0.551389 0.016146 0.019444
0 0.695052 0.692593 0.025521 0.016667
0 0.419792 0.863426 0.025000 0.058333
0 0.748437 0.457870 0.026042 0.021296
0 0.513802 0.653704 0.029687 0.020370
0 0.731250 0.425463 0.027083 0.021296
0 0.512240 0.459722 0.028646 0.023148
0 0.575260 0.620370 0.027604 0.022222
0 0.795052 0.456944 0.025521 0.021296
0 0.492969 0.616667 0.039062 0.024074
0 0.773958 0.423148 0.025000 0.020370
0 0.740104 0.494907 0.027083 0.023148
0 0.420573 0.658796 0.023438 0.017593
0 0.359375 0.655093 0.021875 0.019444
0 0.547656 0.690278 0.026562 0.019444
0 0.369271 0.621759 0.023958 0.017593
0 0.414062 0.695370 0.026042 0.020370
0 0.807552 0.495370 0.025521 0.020370
0 0.303646 0.656944 0.025000 0.019444
0 0.843750 0.455556 0.026042 0.022222
0 0.248698 0.619907 0.025521 0.021296
0 0.403125 0.270833 0.020833 0.056481
0 0.874479 0.493519 0.030208 0.022222
0 0.867188 0.421759 0.026042 0.019444
0 0.234635 0.695370 0.029687 0.022222
0 0.143490 0.663889 0.022396 0.018519
0 0.827865 0.387500 0.026562 0.021296
0 0.138542 0.622222 0.029167 0.024074
0 0.449479 0.030556 0.016667 0.061111
0 0.009635 0.150463 0.011979 0.034259
0 0.946354 0.454630 0.025000 0.016667
0 0.068490 0.693519 0.025521 0.022222
0 0.973177 0.418056 0.024479 0.019444
0 0.023438 0.622685 0.021875 0.021296
0 0.034635 0.659259 0.025521 0.018519
0 0.988021 0.385185 0.017708 0.020370
2 0.026302 0.730093 0.050521 0.036111
