0 0.184635 0.235185 0.014063 0.057407
0 0.106510 0.268519 0.011979 0.057407
0 0.007031 0.143056 0.011979 0.039815
0 0.477604 0.768056 0.026042 0.047222
0 0.500781 0.828704 0.025521 0.051852
0 0.488021 0.038426 0.011458 0.052778
0 0.627083 0.626389 0.027083 0.036111
0 0.489844 0.363889 0.021354 0.055556
0 0.675781 0.574537 0.026562 0.025000
0 0.459115 0.450000 0.023438 0.048148
0 0.756250 0.563426 0.027083 0.023148
0 0.500000 0.157870 0.011458 0.047222
0 0.427604 0.511574 0.030208 0.039815
0 0.832292 0.562963 0.028125 0.024074
0 0.483594 0.279630 0.014063 0.053704
0 0.895833 0.565278 0.026042 0.021296
0 0.360156 0.560185 0.032813 0.029630
0 0.427083 0.137500 0.014583 0.052778
0 0.459896 0.378241 0.023958 0.058333
0 0.444271 0.137037 0.011458 0.048148
0 0.427083 0.054630 0.011458 0.048148
0 0.443490 0.067593 0.009896 0.046296
0 0.095833 0.415278 0.023958 0.039815
0 0.463542 0.164352 0.012500 0.054630
0 0.036458 0.125463 0.011458 0.043519
0 0.053385 0.119907 0.019271 0.052778
0 0.044531 0.544444 0.028646 0.020370
0 0.142708 0.387500 0.023958 0.026852
0 0.737240 0.458333 0.023438 0.020370
0 0.734896 0.425926 0.027083 0.022222
0 0.784115 0.421296 0.028646 0.022222
0 0.773438 0.459259 0.025000 0.024074
0 0.822135 0.423148 0.028646 0.024074
0 0.810937 0.458796 0.026042 0.021296
0 0.851562 0.457870 0.028125 0.021296
0 0.735938 0.493519 0.025000 0.022222
0 0.866667 0.420833 0.027083 0.019444
0 0.041406 0.271759 0.013021 0.041667
0 0.779167 0.493519 0.025000 0.022222
0 0.916406 0.423611 0.026562 0.021296
0 0.896094 0.460648 0.026562 0.021296
0 0.732031 0.527315 0.028646 0.025000
0 0.261979 0.649537 0.027083 0.021296
0 0.935156 0.456944 0.023438 0.019444
0 0.953385 0.425926 0.024479 0.020370
0 0.259635 0.615278 0.028646 0.023148
0 0.222135 0.648148 0.027604 0.020370
0 0.274740 0.682870 0.026562 0.021296
0 0.208594 0.614815 0.027604 0.022222
0 0.241406 0.681481 0.025521 0.020370
0 0.979948 0.457870 0.028646 0.021296
0 0.821094 0.493519 0.026562 0.022222
0 0.779687 0.527778 0.026042 0.022222
0 0.121094 0.646759 0.025521 0.021296
0 0.166927 0.650926 0.026562 0.022222
0 0.118750 0.614352 0.026042 0.021296
0 0.158594 0.614352 0.026562 0.021296
0 0.196354 0.688889 0.027083 0.024074
0 0.081771 0.612500 0.026042 0.019444
0 0.988802 0.424537 0.020313 0.021296
0 0.864062 0.493981 0.031250 0.021296
0 0.408854 0.903241 0.015625 0.047222
0 0.406771 0.213426 0.009375 0.047222
0 0.295312 0.570370 0.029167 0.027778
0 0.083333 0.648611 0.029167 0.023148
0 0.151823 0.684259 0.027604 0.022222
0 0.114323 0.509722 0.031771 0.049074
0 0.906771 0.493981 0.027083 0.025000
0 0.046615 0.614352 0.023438 0.019444
0 0.407292 0.126852 0.011458 0.050000
0 0.238281 0.583333 0.025521 0.022222
0 0.109635 0.685648 0.027604 0.023148
0 0.014063 0.613426 0.022917 0.017593
0 0.037760 0.651389 0.026562 0.023148
0 0.858854 0.528241 0.027083 0.023148
0 0.127865 0.200463 0.014063 0.043519
0 0.953125 0.493981 0.029167 0.023148
0 0.773438 0.387963 0.025000 0.018519
0 0.151823 0.577315 0.026562 0.023148
0 0.959115 0.566204 0.026562 0.021296
0 0.070573 0.684722 0.025521 0.019444
0 0.872135 0.382870 0.025521 0.019444
0 0.002865 0.648148 0.005729 0.020370
0 0.061458 0.724537 0.028125 0.023148
0 0.009635 0.684722 0.011979 0.019444
