0 0.489844 0.735185 0.023438 0.048148
0 0.182031 0.242130 0.011979 0.050926
0 0.440625 0.239352 0.010417 0.037963
0 0.464062 0.821296 0.021875 0.053704
0 0.424479 0.265278 0.010417 0.049074
0 0.039323 0.283333 0.010937 0.038889
0 0.103385 0.278704 0.013021 0.051852
0 0.441927 0.137963 0.011979 0.050000
0 0.424740 0.131019 0.010937 0.043519
0 0.460938 0.068981 0.015625 0.060185
0 0.460417 0.139815 0.010417 0.051852
0 0.882552 0.487037 0.025521 0.020370
0 0.094531 0.699537 0.027604 0.023148
0 0.501563 0.134722 0.010417 0.052778
0 0.734896 0.526389 0.025000 0.021296
0 0.501563 0.037963 0.013542 0.053704
0 0.075260 0.628704 0.028646 0.020370
0 0.742188 0.455556 0.027083 0.024074
0 0.726042 0.421759 0.027083 0.023148
0 0.788281 0.451852 0.025521 0.024074
0 0.767969 0.418981 0.025521 0.023148
0 0.733854 0.492593 0.027083 0.024074
0 0.788542 0.491204 0.026042 0.019444
0 0.831250 0.451389 0.026042 0.023148
0 0.836458 0.489352 0.030208 0.023148
0 0.813542 0.418981 0.025000 0.019444
0 0.004167 0.154630 0.008333 0.037037
0 0.873698 0.450926 0.025521 0.022222
0 0.261979 0.693056 0.025000 0.021296
0 0.919010 0.451852 0.026562 0.024074
0 0.870573 0.417593 0.025521 0.022222
0 0.211719 0.627315 0.027604 0.025000
0 0.221615 0.696759 0.027604 0.023148
0 0.253646 0.622222 0.028125 0.022222
0 0.257031 0.659259 0.028646 0.022222
0 0.403906 0.200463 0.011979 0.049074
0 0.170313 0.628241 0.027083 0.021296
0 0.214583 0.660185 0.028125 0.022222
0 0.976042 0.448611 0.029167 0.021296
0 0.773177 0.524074 0.027604 0.020370
0 0.914583 0.418056 0.021875 0.023148
0 0.926823 0.489352 0.027604 0.021296
0 0.172396 0.661111 0.030208 0.024074
0 0.183333 0.693519 0.025000 0.022222
0 0.949219 0.418981 0.025521 0.019444
0 0.127344 0.625000 0.026562 0.022222
0 0.128385 0.662963 0.027604 0.024074
0 0.140104 0.697222 0.028125 0.022222
0 0.441146 0.028704 0.011458 0.050000
0 0.030208 0.667130 0.026042 0.021296
0 0.424479 0.022685 0.012500 0.045370
0 0.400781 0.792593 0.028646 0.051852
0 0.072656 0.663889 0.028646 0.022222
0 0.814323 0.524537 0.025521 0.021296
0 0.987500 0.418519 0.020833 0.018519
0 0.486719 0.221296 0.010937 0.046296
0 0.466667 0.296759 0.015625 0.049074
0 0.421094 0.944444 0.014063 0.048148
0 0.975521 0.488426 0.025000 0.019444
0 0.848437 0.522222 0.023958 0.018519
0 0.739583 0.561574 0.025000 0.021296
0 0.520573 0.100463 0.013021 0.052778
0 0.494792 0.318519 0.016667 0.050000
0 0.262500 0.549074 0.025000 0.020370
0 0.734635 0.786111 0.014063 0.031481
0 0.031510 0.626389 0.027604 0.021296
0 0.350260 0.737963 0.034896 0.035185
0 0.253646 0.587963 0.026042 0.024074
0 0.782031 0.562500 0.027604 0.023148
0 0.001302 0.666667 0.002604 0.018519
0 0.040365 0.699537 0.030729 0.021296
0 0.277344 0.727315 0.026562 0.023148
0 0.893750 0.520833 0.026042 0.017593
0 0.001563 0.629630 0.003125 0.020370
0 0.221875 0.553241 0.027083 0.023148
0 0.736719 0.387037 0.025521 0.022222
0 0.932031 0.524074 0.027604 0.020370
0 0.008854 0.271759 0.013542 0.049074
0 0.109635 0.477315 0.015104 0.052778
0 0.092708 0.551852 0.036458 0.029630
0 0.182031 0.588889 0.026562 0.022222
0 0.140625 0.736574 0.032292 0.023148
0 0.004948 0.696759 0.009896 0.021296
0 0.404427 0.099537 0.011979 0.052778
0 0.870833 0.380093 0.023958 0.017593
0 0.053906 0.739352 0.027604 0.023148
0 0.020052 0.562500 0.024479 0.021296
0 0.495052 0.954167 0.011979 0.045370
0 0.513802 0.939815 0.011979 0.050000
