0 0.182552 0.240278 0.010937 0.050926
0 0.105469 0.273611 0.015104 0.056481
0 0.006510 0.147685 0.010937 0.039815
0 0.732552 0.570833 0.026562 0.019444
0 0.467448 0.483333 0.011979 0.055556
0 0.050781 0.126389 0.018229 0.054630
0 0.735677 0.461111 0.023438 0.022222
0 0.733073 0.430556 0.025521 0.020370
0 0.783073 0.424537 0.026562 0.021296
0 0.772396 0.462500 0.025000 0.021296
0 0.820833 0.426389 0.026042 0.019444
0 0.810156 0.462037 0.024479 0.020370
0 0.850260 0.461111 0.027604 0.020370
0 0.734896 0.496759 0.025000 0.021296
0 0.865625 0.424537 0.025000 0.017593
0 0.009635 0.265278 0.016146 0.052778
0 0.778125 0.497685 0.025000 0.019444
0 0.915365 0.428704 0.026562 0.018519
0 0.895052 0.463889 0.024479 0.018519
0 0.730990 0.531019 0.027604 0.021296
0 0.261719 0.654630 0.026562 0.018519
0 0.933073 0.461574 0.024479 0.019444
0 0.952344 0.430556 0.024479 0.018519
0 0.258073 0.618981 0.028646 0.023148
0 0.220573 0.653241 0.027604 0.023148
0 0.273698 0.687037 0.027604 0.022222
0 0.207292 0.618981 0.030208 0.025000
0 0.239844 0.686574 0.024479 0.021296
0 0.977865 0.461111 0.028646 0.020370
0 0.820312 0.497685 0.026042 0.021296
0 0.778906 0.531481 0.026562 0.020370
0 0.119010 0.653241 0.025521 0.023148
0 0.166406 0.655556 0.027604 0.024074
0 0.116927 0.618519 0.028646 0.024074
0 0.156771 0.619444 0.029167 0.024074
0 0.195833 0.692593 0.027083 0.024074
0 0.079687 0.617593 0.026042 0.020370
0 0.988281 0.430093 0.022396 0.019444
0 0.862500 0.497685 0.031250 0.019444
0 0.082292 0.653241 0.029167 0.025000
0 0.150521 0.688426 0.027083 0.021296
0 0.904948 0.497685 0.026562 0.019444
0 0.044792 0.619444 0.025000 0.022222
0 0.108073 0.689352 0.028646 0.021296
0 0.036458 0.656019 0.029167 0.025000
0 0.821615 0.531019 0.026562 0.021296
0 0.951562 0.496759 0.028125 0.019444
0 0.768750 0.568981 0.025000 0.017593
0 0.069271 0.688426 0.027083 0.021296
0 0.002083 0.653241 0.004167 0.021296
0 0.027865 0.688426 0.024479 0.021296
0 0.258073 0.585185 0.027604 0.022222
0 0.808854 0.567130 0.028125 0.023148
0 0.210156 0.582407 0.025521 0.022222
0 0.848958 0.567130 0.026042 0.019444
0 0.238281 0.547685 0.025521 0.019444
0 0.871094 0.532870 0.028646 0.019444
0 0.892188 0.572222 0.029167 0.020370
0 0.929688 0.568981 0.028125 0.021296
0 0.465625 0.323148 0.011458 0.053704
0 0.013542 0.618519 0.023958 0.020370
0 0.163802 0.583333 0.026562 0.022222
0 0.466927 0.406019 0.010937 0.047222
0 0.917448 0.535185 0.028646 0.020370
0 0.200000 0.549537 0.023958 0.021296
0 0.970573 0.530093 0.027604 0.021296
0 0.089323 0.401389 0.023438 0.025000
0 0.461719 0.252778 0.013021 0.051852
0 0.408073 0.906481 0.014063 0.051852
0 0.461458 0.157870 0.016667 0.062037
0 0.040365 0.276852 0.013021 0.042593
0 0.460938 0.075926 0.012500 0.051852
0 0.376302 0.760648 0.029687 0.041667
0 0.491406 0.091204 0.013021 0.052778
0 0.442448 0.068519 0.011979 0.051852
0 0.212760 0.331481 0.031771 0.035185
0 0.968490 0.570833 0.024479 0.017593
0 0.425781 0.153241 0.009896 0.050926
0 0.786979 0.668519 0.031250 0.024074
0 0.441927 0.142593 0.015104 0.059259
0 0.424219 0.076852 0.014063 0.057407
0 0.584896 0.369444 0.033333 0.035185
0 0.126302 0.205093 0.014063 0.045370
0 0.492188 0.255093 0.012500 0.054630
0 0.607292 0.711574 0.030208 0.037963
0 0.033854 0.439815 0.029167 0.024074
0 0.491927 0.485648 0.011979 0.050926
0 0.676302 0.398148 0.025521 0.018519
0 0.034896 0.129630 0.010417 0.046296
0 0.001823 0.689352 0.003646 0.021296
0 0.556250 0.797685 0.022917 0.045370
0 0.493750 0.637500 0.011458 0.047222
0 0.505469 0.807870 0.011979 0.049074
0 0.379948 0.286574 0.020313 0.049074
0 0.864844 0.392130 0.026562 0.019444
0 0.465365 0.927315 0.011979 0.047222
0 0.490625 0.807870 0.017708 0.056481
0 0.511719 0.961111 0.014063 0.048148
