0 0.184115 0.243056 0.011979 0.054630
0 0.105729 0.278241 0.012500 0.054630
0 0.604427 0.648148 0.023438 0.022222
0 0.883073 0.489815 0.025521 0.020370
0 0.094792 0.699537 0.028125 0.023148
0 0.735156 0.528704 0.025521 0.022222
0 0.076302 0.626852 0.028646 0.022222
0 0.742969 0.456944 0.026562 0.025000
0 0.726562 0.425000 0.028125 0.022222
0 0.788281 0.456481 0.026562 0.024074
0 0.768229 0.422222 0.026042 0.024074
0 0.734375 0.494907 0.028125 0.025000
0 0.788802 0.494444 0.025521 0.020370
0 0.831510 0.455556 0.025521 0.024074
0 0.836979 0.492593 0.030208 0.024074
0 0.813542 0.422685 0.026042 0.021296
0 0.005208 0.153241 0.009375 0.037963
0 0.873698 0.456019 0.024479 0.023148
0 0.262500 0.693056 0.025000 0.021296
0 0.918490 0.456944 0.026562 0.021296
0 0.870573 0.422222 0.025521 0.022222
0 0.212500 0.626389 0.028125 0.025000
0 0.222396 0.695833 0.030208 0.025000
0 0.254688 0.621759 0.028125 0.023148
0 0.257292 0.658333 0.027083 0.020370
0 0.171094 0.627315 0.025521 0.023148
0 0.215104 0.658796 0.027083 0.021296
0 0.976042 0.452315 0.028125 0.019444
0 0.773177 0.527778 0.027604 0.024074
0 0.908594 0.421759 0.021354 0.021296
0 0.926042 0.493519 0.028125 0.022222
0 0.173958 0.660185 0.030208 0.025926
0 0.186719 0.692130 0.023438 0.023148
0 0.949219 0.423148 0.025521 0.020370
0 0.128125 0.624074 0.026042 0.022222
0 0.129167 0.661111 0.027083 0.024074
0 0.141146 0.695370 0.028125 0.022222
0 0.030469 0.665278 0.026562 0.021296
0 0.073438 0.661574 0.029167 0.023148
0 0.814063 0.528241 0.026042 0.023148
0 0.976302 0.491204 0.024479 0.019444
0 0.847396 0.525926 0.026042 0.018519
0 0.734896 0.563889 0.027083 0.020370
0 0.264062 0.548611 0.025000 0.019444
0 0.033073 0.624537 0.027604 0.023148
0 0.253646 0.588426 0.026042 0.023148
0 0.781250 0.566204 0.028125 0.023148
0 0.001563 0.662963 0.003125 0.018519
0 0.040365 0.698611 0.032813 0.023148
0 0.893490 0.523148 0.025521 0.018519
0 0.002344 0.627315 0.004687 0.023148
0 0.222135 0.552778 0.026562 0.022222
0 0.931510 0.527315 0.027604 0.021296
0 0.213802 0.587963 0.026562 0.022222
0 0.005469 0.694444 0.010937 0.022222
0 0.173958 0.587500 0.026042 0.021296
0 0.976042 0.524074 0.027083 0.018519
0 0.830208 0.567593 0.026042 0.022222
0 0.469271 0.315741 0.013542 0.053704
0 0.040365 0.283333 0.011979 0.042593
0 0.503385 0.500926 0.022396 0.044444
0 0.129948 0.591204 0.028646 0.025000
0 0.869010 0.563889 0.032813 0.024074
0 0.586719 0.587963 0.032813 0.031481
0 0.090885 0.590741 0.025521 0.022222
0 0.905208 0.564352 0.028125 0.021296
0 0.177604 0.555093 0.025000 0.023148
0 0.045312 0.594907 0.028125 0.023148
0 0.942969 0.564815 0.028646 0.022222
0 0.134115 0.553704 0.026562 0.022222
0 0.472917 0.416204 0.015625 0.054630
0 0.976823 0.562500 0.025521 0.021296
0 0.464583 0.230556 0.012500 0.053704
0 0.009115 0.593981 0.018229 0.023148
0 0.463021 0.114352 0.012500 0.054630
0 0.427344 0.140741 0.013021 0.050000
0 0.082552 0.555093 0.030729 0.025000
0 0.491146 0.186111 0.012500 0.048148
0 0.561979 0.823611 0.027083 0.052778
0 0.041927 0.558333 0.027604 0.020370
0 0.444010 0.141667 0.011979 0.050000
0 0.442969 0.071296 0.010937 0.048148
0 0.426823 0.056481 0.010937 0.050000
0 0.526042 0.208333 0.012500 0.051852
0 0.498698 0.094444 0.013021 0.051852
0 0.061198 0.476852 0.027604 0.020370
0 0.007292 0.559259 0.014583 0.024074
0 0.586979 0.374074 0.026042 0.031481
0 0.507552 0.250463 0.013021 0.052778
0 0.746615 0.722685 0.024479 0.023148
0 0.009375 0.273611 0.014583 0.052778
0 0.442188 0.010648 0.013542 0.021296
0 0.408333 0.665278 0.021875 0.052778
0 0.632552 0.748611 0.029687 0.034259
0 0.725260 0.387037 0.023438 0.018519
0 0.734375 0.787963 0.015625 0.033333
0 0.405208 0.203241 0.011458 0.045370
0 0.469531 0.988426 0.017188 0.019444
