0 0.134896 0.184259 0.015625 0.053704
0 0.046875 0.247685 0.013542 0.041667
0 0.737500 0.569444 0.027083 0.022222
0 0.743229 0.498148 0.027083 0.022222
0 0.894010 0.436111 0.029687 0.024074
0 0.847917 0.437500 0.025000 0.021296
0 0.741406 0.463889 0.026562 0.022222
0 0.809115 0.435648 0.023438 0.019444
0 0.780729 0.464352 0.025000 0.023148
0 0.916146 0.470833 0.029167 0.023148
0 0.821094 0.467130 0.027604 0.021296
0 0.781510 0.500000 0.022396 0.022222
0 0.266406 0.636574 0.024479 0.019444
0 0.832812 0.500463 0.028125 0.025000
0 0.940885 0.436111 0.027604 0.024074
0 0.869010 0.471296 0.026562 0.022222
0 0.221615 0.635185 0.026562 0.022222
0 0.732031 0.531481 0.026562 0.020370
0 0.256771 0.600926 0.025000 0.024074
0 0.983333 0.436574 0.029167 0.025000
0 0.181510 0.631944 0.018229 0.021296
0 0.218229 0.596759 0.028125 0.023148
0 0.916406 0.506944 0.027604 0.023148
0 0.956250 0.472222 0.026042 0.022222
0 0.143750 0.631944 0.025000 0.021296
0 0.768750 0.533796 0.025000 0.019444
0 0.258333 0.668981 0.021875 0.019444
0 0.220052 0.664815 0.028646 0.020370
0 0.099479 0.627778 0.026042 0.020370
0 0.955208 0.508333 0.026042 0.022222
0 0.056771 0.626389 0.026042 0.021296
0 0.127865 0.596296 0.027604 0.024074
0 0.160417 0.667130 0.026042 0.023148
0 0.082552 0.593981 0.027604 0.023148
0 0.806510 0.539352 0.025521 0.021296
0 0.882812 0.540278 0.023958 0.021296
0 0.013542 0.623611 0.022917 0.019444
0 0.117708 0.664352 0.027083 0.023148
0 0.775521 0.574074 0.023958 0.022222
0 0.841146 0.538889 0.026042 0.018519
0 0.816927 0.575926 0.026562 0.024074
0 0.260156 0.566204 0.023438 0.019444
0 0.265885 0.526389 0.026562 0.021296
0 0.225260 0.562963 0.024479 0.020370
0 0.853906 0.576389 0.025521 0.021296
0 0.146875 0.557870 0.025000 0.021296
0 0.891406 0.577778 0.026562 0.020370
0 0.171615 0.596759 0.026562 0.025000
0 0.185417 0.562963 0.025000 0.022222
0 0.039844 0.592593 0.026562 0.018519
0 0.928646 0.578704 0.029167 0.024074
0 0.966927 0.580093 0.025521 0.023148
0 0.875260 0.505556 0.031771 0.022222
0 0.228125 0.525926 0.027083 0.022222
0 0.995052 0.581481 0.009896 0.024074
0 0.926302 0.539815 0.025521 0.024074
0 0.969531 0.543519 0.028646 0.025926
0 0.996615 0.544444 0.006771 0.020370
0 0.607031 0.969907 0.031771 0.050926
0 0.509896 0.743981 0.014583 0.028704
0 0.058333 0.099074 0.013542 0.055556
0 0.430469 0.141204 0.010937 0.049074
0 0.447917 0.139352 0.010417 0.052778
0 0.430990 0.050463 0.013021 0.054630
0 0.450260 0.067130 0.011979 0.054630
0 0.184896 0.525926 0.035417 0.024074
0 0.135937 0.241667 0.013542 0.042593
0 0.107292 0.557407 0.026042 0.022222
0 0.813802 0.653704 0.024479 0.022222
0 0.529167 0.328241 0.029167 0.037963
0 0.543750 0.376852 0.027083 0.035185
0 0.763802 0.637037 0.025521 0.022222
0 0.267188 0.697685 0.023958 0.019444
0 0.279948 0.374074 0.023438 0.022222
0 0.699740 0.624537 0.022396 0.019444
0 0.354427 0.530556 0.024479 0.053704
0 0.540885 0.512963 0.025521 0.048148
0 0.741667 0.427778 0.046875 0.024074
0 0.386198 0.624537 0.020313 0.045370
0 0.751823 0.393056 0.025521 0.023148
0 0.470573 0.302315 0.013021 0.049074
0 0.990104 0.511574 0.018750 0.019444
0 0.457292 0.975000 0.019792 0.042593
0 0.429948 0.753241 0.019271 0.056481
0 0.187760 0.219907 0.015104 0.054630
0 0.170052 0.219907 0.011979 0.050926
0 0.465625 0.158333 0.011458 0.053704
0 0.454167 0.879630 0.010417 0.044444
0 0.546354 0.254630 0.011458 0.057407
0 0.003906 0.243981 0.007812 0.045370
