0 0.110677 0.264352 0.013021 0.052778
0 0.010417 0.138426 0.013542 0.037963
0 0.057552 0.115741 0.017188 0.059259
0 0.439323 0.962963 0.010937 0.042593
0 0.468229 0.805093 0.019792 0.052778
0 0.538281 0.662963 0.027604 0.040741
0 0.612760 0.600926 0.034896 0.033333
0 0.662500 0.575000 0.028125 0.022222
0 0.507552 0.129167 0.015104 0.058333
0 0.447656 0.065741 0.015104 0.062963
0 0.429427 0.149537 0.010937 0.049074
0 0.446354 0.140741 0.014583 0.061111
0 0.428646 0.073148 0.015625 0.066667
0 0.493750 0.223611 0.014583 0.054630
0 0.490625 0.050000 0.012500 0.055556
0 0.482812 0.167130 0.013542 0.049074
0 0.006771 0.445370 0.013542 0.022222
0 0.497396 0.308796 0.018750 0.056481
0 0.063281 0.432870 0.026562 0.019444
0 0.466146 0.123148 0.012500 0.055556
0 0.464062 0.054167 0.012500 0.045370
0 0.041927 0.120370 0.011979 0.050000
0 0.447917 0.403704 0.025000 0.053704
0 0.262760 0.545833 0.026562 0.019444
0 0.046094 0.264815 0.011979 0.042593
0 0.717708 0.570833 0.023958 0.019444
0 0.383073 0.480556 0.027604 0.040741
0 0.722656 0.428241 0.031771 0.025000
0 0.764062 0.431944 0.027083 0.023148
0 0.261979 0.646759 0.027083 0.021296
0 0.872396 0.466204 0.028125 0.021296
0 0.735417 0.462963 0.027083 0.022222
0 0.731510 0.529167 0.025521 0.021296
0 0.779948 0.465278 0.026562 0.021296
0 0.801823 0.430093 0.024479 0.021296
0 0.810937 0.534259 0.029167 0.022222
0 0.838021 0.429167 0.026042 0.021296
0 0.467969 0.006944 0.015104 0.013889
0 0.769792 0.531481 0.027083 0.022222
0 0.741667 0.498148 0.027083 0.020370
0 0.828125 0.464815 0.029167 0.024074
0 0.779427 0.498611 0.025521 0.019444
0 0.254167 0.610648 0.025000 0.021296
0 0.851042 0.535185 0.027083 0.022222
0 0.819010 0.499537 0.026562 0.021296
0 0.213542 0.611574 0.029167 0.023148
0 0.259635 0.681481 0.027604 0.020370
0 0.892448 0.534259 0.029687 0.020370
0 0.217969 0.644907 0.028646 0.019444
0 0.033073 0.373611 0.025521 0.019444
0 0.913021 0.468056 0.025000 0.021296
0 0.167448 0.613426 0.027604 0.021296
0 0.176823 0.643981 0.027604 0.021296
0 0.116406 0.609722 0.027604 0.019444
0 0.864062 0.499537 0.030208 0.021296
0 0.208594 0.679630 0.029687 0.024074
0 0.373177 0.750463 0.031771 0.037963
0 0.951302 0.465278 0.027604 0.021296
0 0.959375 0.436111 0.029167 0.020370
0 0.447917 0.008796 0.012500 0.017593
0 0.119531 0.454167 0.022396 0.019444
0 0.129688 0.648148 0.030208 0.024074
0 0.410677 0.243519 0.017188 0.059259
0 0.995833 0.467130 0.007292 0.021296
0 0.789844 0.569444 0.024479 0.020370
0 0.931510 0.532870 0.028646 0.023148
0 0.902083 0.500000 0.023958 0.020370
0 0.177344 0.435185 0.027604 0.022222
0 0.070833 0.612037 0.028125 0.022222
0 0.082812 0.642593 0.027083 0.018519
0 0.970573 0.535648 0.028646 0.021296
0 0.125521 0.686574 0.085417 0.034259
0 0.037500 0.643519 0.028125 0.022222
0 0.140104 0.539352 0.026042 0.023148
0 0.938021 0.500926 0.026042 0.020370
0 0.516146 0.755093 0.019792 0.030556
0 0.319792 0.721759 0.023958 0.021296
0 0.027865 0.608333 0.024479 0.020370
0 0.758073 0.393056 0.028646 0.025000
0 0.980208 0.500926 0.028125 0.022222
0 0.006771 0.641204 0.012500 0.023148
0 0.431250 0.011574 0.013542 0.023148
0 0.014844 0.255556 0.019271 0.055556
0 0.831250 0.393056 0.027083 0.021296
0 0.060156 0.541667 0.026562 0.018519
0 0.966927 0.569444 0.027604 0.022222
