0 0.182812 0.237037 0.013542 0.051852
0 0.105469 0.270370 0.014063 0.057407
0 0.006250 0.144907 0.011458 0.037963
0 0.432031 0.994907 0.007812 0.010185
0 0.459635 0.825000 0.025521 0.057407
0 0.503385 0.097685 0.013021 0.060185
0 0.490625 0.735648 0.026042 0.041667
0 0.733594 0.568056 0.026562 0.021296
0 0.498177 0.287963 0.016146 0.057407
0 0.442708 0.138889 0.011458 0.053704
0 0.427083 0.062500 0.011458 0.049074
0 0.442708 0.068056 0.010417 0.049074
0 0.462240 0.164815 0.013021 0.053704
0 0.034896 0.126389 0.011458 0.047222
0 0.050521 0.121296 0.018750 0.053704
0 0.095312 0.427778 0.025000 0.038889
0 0.120573 0.530556 0.033854 0.033333
0 0.736979 0.459259 0.022917 0.020370
0 0.733854 0.428241 0.027083 0.021296
0 0.784115 0.421296 0.027604 0.022222
0 0.772917 0.460648 0.026042 0.023148
0 0.821354 0.424537 0.027083 0.021296
0 0.810156 0.458333 0.025521 0.020370
0 0.851302 0.458333 0.028646 0.022222
0 0.735938 0.494907 0.025000 0.023148
0 0.866406 0.421296 0.025521 0.020370
0 0.040625 0.273611 0.013542 0.041667
0 0.778646 0.495370 0.023958 0.020370
0 0.916146 0.424537 0.028125 0.021296
0 0.895573 0.459722 0.025521 0.021296
0 0.732031 0.528704 0.026562 0.022222
0 0.261458 0.651852 0.026042 0.020370
0 0.935156 0.458333 0.023438 0.018519
0 0.953646 0.427315 0.025000 0.019444
0 0.259115 0.616667 0.027604 0.020370
0 0.220573 0.650926 0.027604 0.020370
0 0.273438 0.685185 0.026042 0.020370
0 0.207813 0.617130 0.028125 0.023148
0 0.240365 0.684259 0.025521 0.020370
0 0.979948 0.458796 0.029687 0.021296
0 0.821094 0.494907 0.026562 0.023148
0 0.779427 0.529630 0.026562 0.020370
0 0.118750 0.651389 0.026042 0.019444
0 0.166146 0.653241 0.027083 0.021296
0 0.117448 0.616667 0.027604 0.022222
0 0.157031 0.616667 0.027604 0.022222
0 0.195833 0.690278 0.027083 0.023148
0 0.080208 0.614815 0.025000 0.020370
0 0.989062 0.426389 0.020833 0.019444
0 0.863802 0.494907 0.030729 0.023148
0 0.149479 0.421759 0.027083 0.021296
0 0.484896 0.179630 0.012500 0.053704
0 0.082292 0.650926 0.028125 0.020370
0 0.150521 0.686574 0.027083 0.021296
0 0.906510 0.494444 0.027604 0.024074
0 0.044792 0.616204 0.023958 0.021296
0 0.153646 0.378704 0.025000 0.020370
0 0.480729 0.287963 0.014583 0.053704
0 0.108594 0.687037 0.027604 0.022222
0 0.013542 0.615741 0.022917 0.020370
0 0.036198 0.653704 0.027604 0.024074
0 0.822917 0.529167 0.028125 0.023148
0 0.953125 0.494444 0.028125 0.022222
0 0.524740 0.181481 0.016146 0.051852
0 0.464844 0.369444 0.024479 0.051852
0 0.770312 0.567593 0.025000 0.020370
0 0.068490 0.686111 0.026562 0.020370
0 0.258073 0.416667 0.028646 0.029630
0 0.589323 0.343519 0.023438 0.029630
0 0.002083 0.650463 0.004167 0.021296
0 0.987760 0.494907 0.022396 0.021296
0 0.346094 0.730556 0.025521 0.024074
0 0.027344 0.686574 0.025521 0.021296
0 0.258594 0.582407 0.028646 0.022222
0 0.720313 0.392130 0.023958 0.021296
0 0.810156 0.566204 0.028646 0.025000
0 0.401823 0.243056 0.014063 0.050926
0 0.208333 0.579630 0.025000 0.022222
0 0.009896 0.260185 0.016667 0.051852
0 0.884375 0.563889 0.026042 0.022222
0 0.405990 0.150000 0.011979 0.057407
0 0.047396 0.549537 0.029167 0.023148
0 0.953906 0.529630 0.033854 0.024074
0 0.891146 0.387963 0.027083 0.018519
0 0.978906 0.569907 0.025521 0.023148
0 0.127083 0.201852 0.014583 0.044444
0 0.068229 0.255093 0.021875 0.058333
