0 0.129948 0.178704 0.013021 0.051852
0 0.010677 0.123611 0.013021 0.037963
0 0.046875 0.251389 0.013542 0.043519
0 0.737760 0.569907 0.025521 0.019444
0 0.468750 0.313426 0.012500 0.054630
0 0.467708 0.186574 0.012500 0.052778
0 0.743229 0.498611 0.028125 0.021296
0 0.894271 0.435185 0.029167 0.020370
0 0.849479 0.436574 0.026042 0.017593
0 0.741667 0.463889 0.025000 0.020370
0 0.810156 0.435185 0.024479 0.016667
0 0.781250 0.465278 0.025000 0.023148
0 0.916667 0.470833 0.028125 0.019444
0 0.821615 0.467593 0.026562 0.018519
0 0.781771 0.500000 0.022917 0.020370
0 0.266406 0.638889 0.025521 0.020370
0 0.832812 0.500000 0.028125 0.020370
0 0.941927 0.436111 0.026562 0.018519
0 0.869531 0.471296 0.025521 0.018519
0 0.221615 0.637500 0.027604 0.023148
0 0.732292 0.531019 0.025000 0.019444
0 0.255729 0.603241 0.023958 0.021296
0 0.984115 0.436111 0.027604 0.020370
0 0.181510 0.634259 0.020313 0.024074
0 0.217708 0.599074 0.028125 0.022222
0 0.917188 0.506019 0.027083 0.019444
0 0.957292 0.472222 0.025000 0.018519
0 0.142969 0.633333 0.024479 0.024074
0 0.768750 0.533796 0.025000 0.021296
0 0.257292 0.670833 0.025000 0.019444
0 0.219792 0.668056 0.027083 0.019444
0 0.098437 0.630093 0.027083 0.021296
0 0.955990 0.506944 0.026562 0.019444
0 0.056771 0.629630 0.027083 0.020370
0 0.127865 0.598611 0.027604 0.023148
0 0.159635 0.669444 0.027604 0.022222
0 0.081510 0.598148 0.028646 0.022222
0 0.807031 0.539352 0.025521 0.021296
0 0.884375 0.540741 0.025000 0.020370
0 0.013281 0.626852 0.023438 0.020370
0 0.117708 0.666667 0.027083 0.024074
0 0.776563 0.572685 0.022917 0.019444
0 0.842969 0.537500 0.024479 0.017593
0 0.817448 0.575463 0.025521 0.023148
0 0.260156 0.568981 0.023438 0.019444
0 0.266146 0.529167 0.026042 0.023148
0 0.224740 0.565741 0.025521 0.022222
0 0.854427 0.575463 0.025521 0.019444
0 0.145833 0.560185 0.023958 0.020370
0 0.891667 0.577315 0.028125 0.021296
0 0.170573 0.599537 0.028646 0.026852
0 0.185156 0.565741 0.027604 0.024074
0 0.039583 0.596759 0.027083 0.019444
0 0.929167 0.579167 0.028125 0.023148
0 0.968229 0.579630 0.026042 0.022222
0 0.876563 0.505093 0.029167 0.019444
0 0.227604 0.527778 0.028125 0.024074
0 0.995313 0.580093 0.009375 0.023148
0 0.927344 0.539352 0.026562 0.023148
0 0.991146 0.510185 0.016667 0.018519
0 0.970313 0.542130 0.028125 0.023148
0 0.996875 0.544907 0.005208 0.019444
0 0.607552 0.970370 0.033854 0.051852
0 0.346354 0.481944 0.027083 0.041667
0 0.447917 0.799074 0.018750 0.061111
0 0.057292 0.100000 0.013542 0.057407
0 0.134375 0.242130 0.013542 0.041667
0 0.430208 0.141204 0.011458 0.049074
0 0.447917 0.141204 0.010417 0.052778
0 0.430469 0.053241 0.013021 0.049074
0 0.449219 0.069444 0.011979 0.057407
0 0.196094 0.412963 0.024479 0.024074
0 0.347396 0.705093 0.025000 0.021296
0 0.906510 0.693056 0.029687 0.023148
0 0.491146 0.175463 0.012500 0.052778
0 0.511198 0.133796 0.011979 0.050926
0 0.294271 0.703241 0.023958 0.017593
0 0.858073 0.717593 0.026562 0.020370
0 0.492969 0.049537 0.009896 0.041667
0 0.228906 0.704167 0.027604 0.021296
0 0.125521 0.475926 0.021875 0.053704
0 0.504427 0.361574 0.014063 0.058333
0 0.327604 0.367130 0.027083 0.036111
0 0.113542 0.526852 0.036458 0.024074
0 0.090625 0.703241 0.027083 0.023148
0 0.741667 0.427778 0.050000 0.025926
