0 0.191927 0.583796 0.025521 0.019444
0 0.153646 0.581019 0.026042 0.017593
0 0.065104 0.584259 0.027083 0.022222
0 0.109635 0.582407 0.026562 0.020370
0 0.232552 0.585185 0.028646 0.020370
0 0.913542 0.569444 0.028125 0.024074
0 0.872396 0.571759 0.028125 0.023148
0 0.277604 0.586574 0.027083 0.021296
0 0.747656 0.569444 0.026562 0.022222
0 0.988802 0.572685 0.022396 0.025000
0 0.784375 0.571759 0.027083 0.021296
0 0.231771 0.547222 0.027083 0.018519
0 0.272917 0.553241 0.029167 0.023148
0 0.196094 0.238889 0.013021 0.053704
0 0.457813 0.162500 0.011458 0.039815
0 0.955729 0.569907 0.030208 0.026852
0 0.439583 0.156019 0.015625 0.054630
0 0.022135 0.267130 0.018229 0.056481
0 0.117448 0.273611 0.014063 0.054630
0 0.183333 0.548611 0.023958 0.019444
0 0.456771 0.101852 0.013542 0.061111
0 0.439063 0.088889 0.010417 0.044444
2 0.591146 0.567130 0.102083 0.036111
0 0.475260 0.072685 0.011979 0.060185
0 0.475781 0.141667 0.010937 0.050000
0 0.006510 0.498148 0.013021 0.022222
0 0.994271 0.692130 0.011458 0.023148
0 0.050781 0.474074 0.027604 0.018519
0 0.087240 0.501852 0.026562 0.018519
0 0.248958 0.438426 0.023958 0.019444
0 0.220573 0.509259 0.026562 0.020370
0 0.220052 0.471759 0.026562 0.019444
0 0.589844 0.696759 0.026562 0.021296
1 0.063281 0.411111 0.077604 0.037037
0 0.272135 0.476389 0.026562 0.019444
0 0.164323 0.459259 0.024479 0.020370
0 0.782552 0.621759 0.027604 0.023148
0 0.144010 0.422685 0.027604 0.021296
0 0.909896 0.616667 0.027083 0.022222
0 0.991146 0.652778 0.017708 0.022222
0 0.301563 0.508796 0.025000 0.019444
0 0.848177 0.649074 0.027604 0.020370
0 0.908594 0.681944 0.028646 0.021296
0 0.048177 0.129167 0.010937 0.047222
0 0.365885 0.443056 0.026562 0.021296
0 0.661198 0.659259 0.027604 0.020370
0 0.343750 0.469907 0.023958 0.021296
0 0.378906 0.515278 0.026562 0.023148
0 0.313281 0.420370 0.027604 0.024074
0 0.747656 0.661111 0.028646 0.022222
0 0.847135 0.681481 0.028646 0.022222
0 0.264323 0.389815 0.023438 0.022222
0 0.389583 0.416667 0.028125 0.022222
0 0.524219 0.492130 0.027604 0.021296
0 0.460677 0.494907 0.026562 0.025000
0 0.827083 0.573148 0.027083 0.022222
0 0.007292 0.275000 0.014583 0.055556
0 0.744792 0.792130 0.015625 0.030556
0 0.437760 0.458796 0.027604 0.025000
0 0.114323 0.383333 0.026562 0.024074
0 0.649219 0.619907 0.028646 0.021296
1 0.838542 0.726852 0.104167 0.046296
0 0.556510 0.653704 0.026562 0.022222
0 0.462500 0.418519 0.027083 0.022222
0 0.525260 0.458796 0.027604 0.021296
0 0.201563 0.384722 0.026042 0.019444
0 0.428646 0.945370 0.016667 0.057407
0 0.393229 0.618056 0.027083 0.019444
0 0.532552 0.423148 0.027604 0.022222
0 0.605729 0.331944 0.031250 0.037963
0 0.490104 0.621296 0.025000 0.018519
0 0.583854 0.495370 0.025000 0.020370
0 0.477604 0.696759 0.028125 0.021296
0 0.608594 0.456944 0.027604 0.021296
0 0.419531 0.655556 0.025521 0.022222
0 0.281250 0.620370 0.028125 0.022222
0 0.302865 0.366204 0.024479 0.028704
0 0.643229 0.495833 0.029167 0.023148
0 0.621354 0.418981 0.028125 0.023148
0 0.558854 0.528241 0.030208 0.023148
0 0.669531 0.455556 0.024479 0.018519
0 0.346875 0.696759 0.025000 0.023148
0 0.336458 0.655556 0.027083 0.022222
0 0.682292 0.380093 0.030208 0.026852
0 0.660417 0.532407 0.026042 0.020370
0 0.707292 0.425926 0.025000 0.018519
0 0.251563 0.691204 0.035417 0.023148
0 0.221875 0.656019 0.030208 0.023148
0 0.748958 0.462500 0.026042 0.019444
0 0.129427 0.548611 0.029687 0.017593
0 0.597135 0.782870 0.026562 0.045370
0 0.786979 0.533796 0.028125 0.019444
0 0.212760 0.616667 0.025521 0.018519
0 0.807292 0.464352 0.029167 0.023148
0 0.274740 0.733333 0.025521 0.020370
0 0.714844 0.360185 0.023438 0.018519
0 0.136458 0.652778 0.026042 0.020370
0 0.729688 0.500926 0.028125 0.022222
0 0.796875 0.389352 0.027083 0.021296
0 0.826302 0.429167 0.028646 0.023148
0 0.127083 0.617593 0.034375 0.024074
0 0.407813 0.259722 0.020833 0.058333
0 0.877865 0.460185 0.028646 0.022222
0 0.126302 0.690278 0.027604 0.021296
0 0.886719 0.386111 0.030729 0.024074
0 0.078646 0.654630 0.023958 0.022222
0 0.864323 0.498611 0.029687 0.023148
0 0.905990 0.426852 0.027604 0.020370
0 0.871615 0.533333 0.030729 0.022222
0 0.934896 0.463426 0.029167 0.021296
0 0.038542 0.550463 0.030208 0.023148
0 0.975000 0.423611 0.029167 0.025000
0 0.004687 0.693056 0.005208 0.026852
0 0.004427 0.658796 0.006771 0.019444
