0 0.110937 0.266204 0.012500 0.052778
0 0.010417 0.140741 0.013542 0.038889
0 0.728125 0.571759 0.023958 0.021296
0 0.056771 0.118981 0.018750 0.054630
0 0.768750 0.570370 0.026042 0.020370
0 0.261198 0.578241 0.028646 0.023148
0 0.808333 0.569444 0.029167 0.024074
0 0.214062 0.575000 0.022917 0.024074
0 0.848698 0.569907 0.025521 0.021296
0 0.361198 0.550000 0.026562 0.024074
0 0.882812 0.575463 0.027083 0.023148
0 0.921354 0.573148 0.028125 0.024074
0 0.175521 0.577315 0.025000 0.023148
0 0.665625 0.569907 0.028125 0.023148
0 0.270052 0.543519 0.023438 0.020370
0 0.446094 0.067130 0.013021 0.056481
0 0.429427 0.151389 0.010937 0.047222
0 0.445833 0.143056 0.015625 0.060185
0 0.428646 0.076852 0.013542 0.059259
0 0.228906 0.544907 0.026562 0.023148
0 0.134635 0.575463 0.025521 0.025000
0 0.185417 0.541204 0.023958 0.023148
0 0.148438 0.542130 0.023958 0.023148
0 0.099740 0.534722 0.025521 0.023148
0 0.093229 0.577315 0.028125 0.023148
0 0.057552 0.542130 0.027604 0.023148
0 0.465885 0.125000 0.011979 0.055556
0 0.463021 0.055093 0.011458 0.041667
0 0.087500 0.383333 0.026042 0.020370
0 0.046094 0.268519 0.013021 0.044444
0 0.043490 0.417130 0.027604 0.023148
0 0.227604 0.416204 0.027083 0.023148
0 0.102083 0.420833 0.029167 0.023148
0 0.032292 0.453704 0.028125 0.024074
0 0.589844 0.562500 0.026562 0.025000
0 0.026823 0.489815 0.026562 0.024074
0 0.292448 0.423611 0.023438 0.021296
0 0.311719 0.388426 0.022396 0.021296
0 0.042708 0.122222 0.013542 0.051852
0 0.574479 0.357407 0.029167 0.037037
0 0.176302 0.487963 0.025521 0.024074
0 0.400781 0.417130 0.025521 0.023148
0 0.126823 0.455093 0.024479 0.019444
0 0.349479 0.456481 0.025000 0.022222
0 0.092969 0.486574 0.023438 0.023148
0 0.936458 0.686574 0.026042 0.023148
0 0.973698 0.644444 0.028646 0.020370
0 0.217448 0.454167 0.025521 0.021296
0 0.683594 0.402778 0.024479 0.020370
0 0.850521 0.691667 0.028125 0.025926
0 0.725521 0.396296 0.027083 0.020370
0 0.875521 0.629167 0.029167 0.021296
0 0.310417 0.482407 0.025000 0.022222
0 0.261979 0.497222 0.026042 0.022222
0 0.526563 0.427778 0.022917 0.022222
0 0.725000 0.693981 0.025000 0.023148
0 0.595313 0.431944 0.025000 0.023148
0 0.522656 0.462037 0.024479 0.020370
0 0.701562 0.653241 0.023958 0.021296
0 0.782813 0.643519 0.026042 0.022222
0 0.053125 0.576389 0.027083 0.021296
0 0.450260 0.453704 0.022396 0.022222
0 0.020052 0.537500 0.027604 0.023148
0 0.611458 0.969444 0.031250 0.059259
0 0.015365 0.256944 0.020313 0.056481
0 0.398177 0.492593 0.026562 0.022222
0 0.645312 0.696759 0.027083 0.023148
0 0.670573 0.619444 0.028646 0.022222
0 0.636198 0.651389 0.025521 0.019444
0 0.564063 0.525463 0.028125 0.023148
0 0.773958 0.402778 0.023958 0.018519
0 0.455469 0.487500 0.027604 0.023148
0 0.667969 0.431019 0.026562 0.021296
0 0.551823 0.686574 0.029687 0.023148
0 0.532552 0.616204 0.027604 0.023148
0 0.470833 0.654167 0.026042 0.023148
0 0.647396 0.461111 0.027083 0.022222
0 0.583854 0.637963 0.023958 0.022222
0 0.573958 0.463889 0.027083 0.022222
0 0.718750 0.434259 0.026042 0.018519
0 0.967708 0.575463 0.025000 0.021296
0 0.520833 0.494907 0.025000 0.019444
0 0.011979 0.573148 0.020833 0.022222
0 0.404167 0.618056 0.025000 0.019444
0 0.414844 0.680093 0.025521 0.021296
0 0.771094 0.431944 0.025521 0.019444
0 0.369010 0.649537 0.025521 0.021296
0 0.379427 0.322685 0.025521 0.050926
0 0.805990 0.384259 0.024479 0.018519
0 0.338021 0.611574 0.027083 0.019444
0 0.730729 0.467130 0.026042 0.019444
0 0.827344 0.464815 0.031771 0.024074
0 0.281250 0.647222 0.027083 0.024074
0 0.627604 0.496759 0.027083 0.023148
0 0.300000 0.687500 0.029167 0.021296
0 0.844271 0.427778 0.030208 0.022222
0 0.249740 0.717593 0.024479 0.020370
0 0.235156 0.611574 0.024479 0.021296
0 0.701042 0.495833 0.025000 0.019444
0 0.093750 0.611574 0.026042 0.025000
0 0.213021 0.679630 0.025000 0.022222
0 0.187240 0.644907 0.024479 0.021296
0 0.920052 0.433796 0.029687 0.023148
0 0.143229 0.718519 0.026042 0.020370
0 0.727604 0.533333 0.027083 0.020370
0 0.863542 0.394444 0.027083 0.022222
0 0.023958 0.608796 0.026042 0.025000
0 0.003646 0.265741 0.007292 0.051852
0 0.010677 0.646759 0.011979 0.023148
0 0.111719 0.678241 0.026562 0.023148
0 0.088021 0.648611 0.028125 0.023148
0 0.966406 0.466204 0.027604 0.021296
0 0.062500 0.716204 0.027083 0.021296
0 0.940365 0.535648 0.025521 0.021296
0 0.984375 0.433333 0.025000 0.020370
