0 0.131250 0.483333 0.026042 0.016667
0 0.055469 0.489352 0.031771 0.019444
0 0.192708 0.604630 0.026042 0.020370
0 0.668490 0.642130 0.026562 0.019444
0 0.650781 0.606481 0.028646 0.022222
0 0.793490 0.643056 0.026562 0.021296
0 0.154427 0.603241 0.024479 0.019444
0 0.066406 0.612500 0.027604 0.021296
0 0.109375 0.607870 0.028125 0.021296
0 0.233594 0.603241 0.027604 0.021296
0 0.915365 0.543519 0.027604 0.020370
0 0.776563 0.609259 0.026042 0.018519
0 0.874479 0.547685 0.027083 0.021296
0 0.278906 0.600926 0.024479 0.022222
0 0.919271 0.590278 0.027083 0.021296
0 0.749219 0.553704 0.026562 0.020370
0 0.989583 0.541667 0.018750 0.020370
0 0.786458 0.553704 0.026042 0.020370
0 0.449740 0.494444 0.024479 0.020370
0 0.231771 0.564352 0.027083 0.019444
0 0.673438 0.683333 0.028125 0.022222
0 0.148698 0.521296 0.027604 0.020370
0 0.273438 0.568056 0.027083 0.023148
0 0.280729 0.475463 0.026042 0.019444
0 0.971094 0.617593 0.027604 0.020370
0 0.009635 0.527778 0.019271 0.018519
0 0.503646 0.622222 0.027083 0.020370
0 0.258073 0.510648 0.021354 0.015741
0 0.191146 0.257870 0.011458 0.052778
0 0.451562 0.164815 0.011458 0.044444
0 0.827865 0.551389 0.024479 0.019444
0 0.958594 0.541204 0.028646 0.021296
0 0.430990 0.159259 0.013021 0.048148
0 0.047656 0.303241 0.014063 0.039815
0 0.112760 0.297222 0.011979 0.053704
0 0.183333 0.569907 0.023958 0.019444
0 0.598177 0.674074 0.029687 0.022222
1 0.914844 0.668056 0.099479 0.043519
0 0.448958 0.105093 0.012500 0.050926
0 0.003906 0.304630 0.007812 0.051852
0 0.430729 0.093519 0.010417 0.040741
0 0.018490 0.295833 0.015104 0.056481
0 0.519271 0.656019 0.030208 0.021296
2 0.592969 0.560648 0.081771 0.041667
0 0.751042 0.778241 0.016667 0.032407
0 0.467448 0.072685 0.015104 0.063889
0 0.519010 0.484722 0.026562 0.021296
0 0.008854 0.177315 0.012500 0.034259
0 0.467448 0.143056 0.010937 0.047222
0 0.364063 0.516667 0.026042 0.022222
0 0.152344 0.406019 0.027604 0.023148
0 0.056510 0.420833 0.024479 0.021296
0 0.554688 0.299537 0.027083 0.034259
0 0.478646 0.516667 0.022917 0.016667
0 0.420052 0.459722 0.029687 0.023148
1 0.220833 0.437037 0.071875 0.035185
0 0.413281 0.619907 0.026562 0.021296
0 0.436458 0.926852 0.020833 0.053704
0 0.580729 0.486574 0.027083 0.023148
0 0.598177 0.344444 0.023438 0.029630
0 0.536719 0.450463 0.024479 0.017593
0 0.390625 0.417593 0.026042 0.020370
0 0.498698 0.418056 0.026562 0.023148
0 0.458073 0.703241 0.029687 0.025000
0 0.609115 0.454167 0.025521 0.019444
0 0.413281 0.664815 0.027604 0.022222
0 0.639323 0.520833 0.028646 0.019444
0 0.636979 0.483796 0.027083 0.021296
0 0.680990 0.448148 0.026562 0.018519
0 0.301302 0.668056 0.027604 0.021296
0 0.285417 0.707870 0.028125 0.023148
0 0.270833 0.635648 0.028125 0.021296
0 0.176823 0.641204 0.026562 0.023148
0 0.790104 0.481019 0.028125 0.021296
0 0.729688 0.518519 0.023958 0.018519
0 0.704167 0.486111 0.026042 0.018519
0 0.746875 0.446296 0.022917 0.018519
0 0.724740 0.412037 0.024479 0.018519
0 0.207552 0.676389 0.028646 0.021296
0 0.132031 0.226852 0.013021 0.046296
0 0.195573 0.711574 0.026562 0.019444
0 0.820312 0.516667 0.028125 0.020370
0 0.892448 0.474074 0.028646 0.020370
0 0.111719 0.646759 0.029687 0.023148
2 0.848958 0.404630 0.062500 0.033333
0 0.117708 0.682870 0.031250 0.023148
0 0.979427 0.469907 0.025521 0.021296
0 0.909115 0.437500 0.025521 0.021296
0 0.077344 0.722222 0.029687 0.022222
0 0.003125 0.687963 0.005208 0.020370
0 0.928646 0.398611 0.029167 0.023148
0 0.035937 0.650926 0.026042 0.022222
0 0.018229 0.720833 0.018750 0.019444
0 0.955469 0.361574 0.027604 0.023148
0 0.984375 0.501852 0.016667 0.020370
0 0.996094 0.431481 0.004687 0.018519
