0 0.246094 0.471759 0.027604 0.019444
0 0.173177 0.479630 0.029687 0.020370
0 0.192969 0.602778 0.024479 0.018519
0 0.542188 0.650926 0.026042 0.018519
0 0.011198 0.492593 0.022396 0.018519
0 0.529427 0.618056 0.027604 0.023148
0 0.679167 0.649537 0.027083 0.021296
0 0.154427 0.600926 0.023438 0.016667
0 0.066927 0.610648 0.027604 0.021296
0 0.109635 0.606019 0.026562 0.021296
0 0.233333 0.602315 0.027083 0.021296
0 0.915104 0.543981 0.027083 0.021296
0 0.951562 0.625463 0.028125 0.021296
0 0.640104 0.624537 0.027083 0.019444
0 0.986719 0.663889 0.026562 0.022222
0 0.873958 0.548148 0.027083 0.022222
0 0.278385 0.600000 0.027604 0.020370
0 0.027344 0.458796 0.027604 0.021296
0 0.780469 0.600926 0.026562 0.022222
0 0.748958 0.553241 0.028125 0.021296
0 0.989844 0.542130 0.019271 0.021296
0 0.786198 0.552778 0.027604 0.020370
0 0.525781 0.488889 0.025521 0.020370
0 0.232031 0.563889 0.026562 0.018519
0 0.973177 0.589815 0.027604 0.020370
0 0.563021 0.689815 0.029167 0.024074
0 0.251302 0.516204 0.026562 0.021296
0 0.273698 0.566667 0.028646 0.022222
0 0.378906 0.467130 0.026562 0.021296
0 0.838281 0.627778 0.026562 0.020370
0 0.139844 0.518056 0.027604 0.021296
0 0.401823 0.631019 0.026562 0.021296
0 0.356510 0.504167 0.023438 0.017593
0 0.191406 0.256944 0.011979 0.054630
0 0.451562 0.163889 0.011458 0.042593
0 0.827344 0.552315 0.027604 0.019444
0 0.958073 0.540741 0.027604 0.022222
0 0.040885 0.154630 0.010937 0.050000
0 0.431250 0.159259 0.012500 0.050000
0 0.048698 0.300463 0.013021 0.037963
0 0.113542 0.294907 0.012500 0.054630
0 0.183594 0.568056 0.024479 0.019444
0 0.027083 0.525000 0.027083 0.018519
0 0.482292 0.687500 0.031250 0.025000
1 0.798958 0.676389 0.100000 0.043519
0 0.449479 0.103704 0.013542 0.055556
0 0.004167 0.303241 0.008333 0.050926
0 0.430990 0.093981 0.010937 0.041667
0 0.017969 0.295833 0.017188 0.056481
0 0.408854 0.661574 0.029167 0.019444
2 0.592969 0.560648 0.088021 0.041667
0 0.467708 0.070833 0.015625 0.062037
0 0.590104 0.483333 0.026042 0.022222
0 0.009635 0.175926 0.011979 0.035185
0 0.467708 0.142130 0.010417 0.045370
0 0.474740 0.517130 0.026562 0.023148
0 0.240625 0.388889 0.027083 0.024074
0 0.157031 0.412963 0.024479 0.022222
0 0.566927 0.311574 0.028646 0.037963
0 0.560417 0.515278 0.022917 0.017593
0 0.510677 0.454630 0.029687 0.022222
1 0.317448 0.428241 0.080729 0.032407
0 0.306771 0.630093 0.026042 0.019444
0 0.412240 0.827315 0.025521 0.041667
0 0.657813 0.485185 0.026042 0.022222
0 0.629427 0.359722 0.025521 0.026852
0 0.621094 0.449074 0.025521 0.020370
0 0.502865 0.417130 0.026562 0.021296
0 0.617708 0.417130 0.027083 0.021296
0 0.357292 0.705556 0.029167 0.024074
0 0.694792 0.450000 0.026042 0.020370
0 0.314583 0.669444 0.026042 0.020370
0 0.715625 0.517130 0.027083 0.019444
0 0.725000 0.482870 0.028125 0.023148
0 0.763281 0.445370 0.027604 0.020370
0 0.215365 0.672222 0.027604 0.022222
0 0.199219 0.712037 0.027604 0.022222
0 0.186458 0.640741 0.028125 0.022222
0 0.115104 0.643056 0.026042 0.021296
0 0.882031 0.476389 0.028646 0.023148
0 0.821354 0.514815 0.027083 0.020370
0 0.794271 0.480556 0.027083 0.020370
0 0.824479 0.442130 0.025000 0.019444
0 0.806771 0.407870 0.028125 0.021296
0 0.129688 0.680093 0.026042 0.019444
0 0.114323 0.714815 0.026562 0.020370
0 0.912500 0.511574 0.029167 0.021296
0 0.977344 0.469444 0.026562 0.020370
0 0.060677 0.648611 0.027604 0.021296
0 0.045312 0.684722 0.027083 0.019444
1 0.932813 0.401389 0.098958 0.041667
0 0.380990 0.902315 0.026562 0.086111
0 0.989323 0.431944 0.016146 0.021296
