0 0.111198 0.263426 0.013021 0.056481
0 0.010417 0.134259 0.014583 0.040741
0 0.466667 0.125463 0.011458 0.052778
0 0.464844 0.054630 0.011979 0.040741
0 0.057552 0.112963 0.016146 0.057407
0 0.046615 0.261574 0.013021 0.041667
0 0.721875 0.431944 0.029167 0.021296
0 0.763542 0.436111 0.025000 0.018519
0 0.260937 0.644907 0.028125 0.023148
0 0.871615 0.472222 0.025521 0.018519
0 0.735156 0.467593 0.027604 0.020370
0 0.730729 0.533796 0.026042 0.021296
0 0.778385 0.468981 0.025521 0.019444
0 0.801042 0.436111 0.025000 0.018519
0 0.809375 0.539352 0.029167 0.021296
0 0.837240 0.434722 0.025521 0.017593
0 0.769271 0.536111 0.026042 0.018519
0 0.740104 0.501389 0.028125 0.019444
0 0.827865 0.470833 0.026562 0.019444
0 0.778125 0.502778 0.026042 0.018519
0 0.253125 0.608333 0.026042 0.022222
0 0.849479 0.539815 0.027083 0.020370
0 0.817969 0.504630 0.026562 0.020370
0 0.212240 0.609722 0.029687 0.023148
0 0.258594 0.681481 0.027604 0.020370
0 0.890885 0.539815 0.028646 0.018519
0 0.216927 0.643056 0.027604 0.019444
0 0.911458 0.474074 0.025000 0.018519
0 0.166406 0.611111 0.027604 0.022222
0 0.176042 0.641667 0.026042 0.022222
0 0.122135 0.607407 0.028646 0.020370
0 0.863281 0.505556 0.029687 0.020370
0 0.207292 0.678241 0.031250 0.023148
0 0.950521 0.471759 0.026042 0.017593
0 0.958854 0.442593 0.026042 0.016667
0 0.129167 0.646296 0.030208 0.024074
0 0.930469 0.538889 0.028646 0.022222
0 0.901042 0.505093 0.022917 0.019444
0 0.070312 0.609722 0.029167 0.023148
0 0.082292 0.639352 0.028125 0.019444
0 0.968490 0.542130 0.028646 0.021296
0 0.035156 0.640741 0.028646 0.022222
0 0.256771 0.539815 0.025000 0.024074
0 0.937500 0.506481 0.025000 0.018519
0 0.025781 0.606481 0.028646 0.022222
0 0.440625 0.862963 0.010417 0.053704
0 0.979688 0.507407 0.026042 0.018519
0 0.014844 0.252315 0.019271 0.058333
0 0.774479 0.575926 0.025000 0.018519
0 0.740104 0.575000 0.025000 0.020370
0 0.256250 0.574537 0.025000 0.021296
0 0.517188 0.142593 0.014583 0.055556
0 0.540365 0.332870 0.024479 0.047222
0 0.153385 0.408796 0.026562 0.021296
0 0.440104 0.467130 0.011458 0.049074
0 0.811198 0.575000 0.027604 0.020370
0 0.005208 0.410185 0.010417 0.022222
0 0.607292 0.402315 0.025000 0.025000
0 0.348177 0.737963 0.029687 0.033333
0 0.145313 0.246296 0.030208 0.031481
0 0.337760 0.352315 0.027604 0.041667
0 0.207031 0.576852 0.027604 0.022222
0 0.072917 0.430093 0.028125 0.028704
0 0.991927 0.698148 0.016146 0.018519
0 0.489063 0.156481 0.011458 0.053704
0 0.330729 0.400463 0.023958 0.030556
0 0.908854 0.695370 0.030208 0.024074
0 0.165104 0.331481 0.019792 0.055556
0 0.849740 0.579167 0.027604 0.021296
0 0.493490 0.359259 0.013021 0.059259
0 0.272396 0.714352 0.028125 0.021296
0 0.885677 0.575926 0.026562 0.020370
0 0.488021 0.488426 0.010417 0.049074
0 0.440885 0.669444 0.011979 0.053704
0 0.419531 0.643981 0.010937 0.047222
0 0.445573 0.278704 0.010937 0.048148
0 0.411458 0.479630 0.011458 0.053704
0 0.717187 0.398148 0.025000 0.020370
0 0.997135 0.543056 0.005729 0.019444
0 0.635938 0.757407 0.028125 0.035185
0 0.698958 0.706019 0.022917 0.021296
0 0.926562 0.578241 0.027083 0.019444
0 0.426823 0.346296 0.011979 0.059259
0 0.165104 0.715278 0.028125 0.023148
0 0.412240 0.172222 0.013021 0.050000
0 0.485417 0.724074 0.011458 0.053704
0 0.546354 0.850463 0.021875 0.049074
0 0.429688 0.158796 0.010417 0.047222
0 0.977604 0.627315 0.030208 0.049074
0 0.188802 0.232870 0.011979 0.052778
0 0.073438 0.718056 0.027083 0.019444
0 0.046094 0.540741 0.031771 0.024074
0 0.448177 0.069907 0.014063 0.054630
0 0.728125 0.336111 0.025000 0.011111
0 0.504427 0.966204 0.023438 0.060185
0 0.483854 0.966204 0.026042 0.050926
