0 0.184375 0.236574 0.011458 0.050926
0 0.105990 0.268519 0.011979 0.055556
0 0.006771 0.144907 0.011458 0.036111
0 0.734115 0.568056 0.026562 0.021296
0 0.432552 0.688426 0.013021 0.052778
0 0.419531 0.595370 0.010937 0.051852
0 0.443490 0.577315 0.010937 0.047222
0 0.463021 0.163889 0.012500 0.057407
0 0.737500 0.458796 0.021875 0.021296
0 0.734896 0.426389 0.027083 0.023148
0 0.784375 0.421296 0.027083 0.022222
0 0.773438 0.460185 0.026042 0.022222
0 0.822656 0.425000 0.028646 0.022222
0 0.811198 0.458796 0.025521 0.019444
0 0.851823 0.459259 0.029687 0.022222
0 0.735938 0.493981 0.026042 0.023148
0 0.866927 0.421296 0.026562 0.020370
0 0.041667 0.272222 0.012500 0.040741
0 0.779167 0.494907 0.026042 0.023148
0 0.916406 0.425000 0.027604 0.020370
0 0.896615 0.460648 0.025521 0.021296
0 0.732292 0.528241 0.027083 0.023148
0 0.261979 0.650926 0.027083 0.022222
0 0.935677 0.458796 0.024479 0.019444
0 0.953906 0.427315 0.025521 0.019444
0 0.259375 0.616204 0.028125 0.023148
0 0.221615 0.649537 0.027604 0.023148
0 0.273698 0.684259 0.027604 0.020370
0 0.208073 0.615278 0.027604 0.023148
0 0.241406 0.683333 0.026562 0.020370
0 0.980729 0.458333 0.029167 0.022222
0 0.821615 0.494444 0.026562 0.024074
0 0.779687 0.528704 0.026042 0.022222
0 0.120573 0.649537 0.026562 0.021296
0 0.166927 0.652315 0.028646 0.023148
0 0.119010 0.615741 0.026562 0.024074
0 0.158073 0.615741 0.026562 0.024074
0 0.196354 0.688426 0.028125 0.025000
0 0.081510 0.614352 0.025521 0.021296
0 0.989062 0.426389 0.021875 0.019444
0 0.864062 0.494907 0.031250 0.023148
0 0.083073 0.648611 0.029687 0.023148
0 0.151302 0.685648 0.027604 0.023148
0 0.907031 0.494907 0.032813 0.023148
0 0.046354 0.615741 0.022917 0.020370
0 0.109635 0.686574 0.029687 0.025000
0 0.037760 0.652315 0.028646 0.025000
0 0.822917 0.528704 0.026042 0.022222
0 0.953646 0.495370 0.031250 0.022222
0 0.770052 0.566667 0.024479 0.020370
0 0.069531 0.685185 0.029687 0.022222
0 0.002865 0.649074 0.005729 0.022222
0 0.987760 0.495833 0.022396 0.021296
0 0.028646 0.684722 0.027083 0.023148
0 0.259115 0.581019 0.028646 0.021296
0 0.809896 0.564815 0.028125 0.022222
0 0.442969 0.366204 0.011979 0.056481
0 0.211458 0.579167 0.025000 0.021296
0 0.008333 0.264352 0.013542 0.052778
0 0.850781 0.563889 0.024479 0.018519
0 0.085156 0.422685 0.029687 0.023148
0 0.226823 0.544444 0.026562 0.020370
0 0.873177 0.529630 0.031771 0.024074
0 0.524740 0.206019 0.015104 0.043519
0 0.892708 0.569444 0.029167 0.022222
0 0.127865 0.201389 0.013021 0.043519
0 0.098177 0.537500 0.029687 0.025000
0 0.287760 0.464352 0.025521 0.023148
0 0.421354 0.418056 0.012500 0.058333
0 0.567187 0.316667 0.030208 0.042593
0 0.124740 0.479630 0.017188 0.055556
0 0.002344 0.685648 0.004687 0.021296
0 0.376563 0.327315 0.022917 0.045370
0 0.502604 0.311574 0.010417 0.050926
0 0.486458 0.355556 0.009375 0.051852
0 0.309375 0.724074 0.027083 0.024074
0 0.937240 0.566667 0.029687 0.022222
0 0.508073 0.450926 0.011979 0.051852
0 0.695312 0.388889 0.026042 0.020370
0 0.258073 0.733796 0.015104 0.013889
0 0.482552 0.475926 0.010937 0.046296
0 0.213021 0.721296 0.027083 0.020370
0 0.402865 0.258796 0.013021 0.049074
0 0.489844 0.761111 0.013021 0.055556
0 0.014323 0.615741 0.024479 0.020370
0 0.486979 0.615741 0.011458 0.061111
0 0.124479 0.725926 0.027083 0.022222
0 0.029687 0.578704 0.026042 0.022222
0 0.426042 0.260185 0.012500 0.048148
0 0.525521 0.887500 0.018750 0.054630
0 0.443750 0.190741 0.011458 0.048148
0 0.039583 0.545833 0.025000 0.021296
0 0.408333 0.153241 0.011458 0.056481
0 0.991406 0.543981 0.015104 0.019444
0 0.426302 0.063889 0.014063 0.057407
0 0.444271 0.041204 0.017708 0.052778
0 0.513542 0.971759 0.019792 0.050926
0 0.491406 0.967130 0.018229 0.052778
