0 0.184896 0.243056 0.011458 0.054630
0 0.107552 0.276389 0.013021 0.054630
0 0.472656 0.496296 0.011979 0.050000
0 0.880469 0.489815 0.024479 0.020370
0 0.096354 0.696296 0.027083 0.022222
0 0.733594 0.528241 0.025521 0.021296
0 0.077604 0.625000 0.029167 0.022222
0 0.740885 0.458333 0.025521 0.024074
0 0.724740 0.425463 0.027604 0.021296
0 0.787240 0.456481 0.025521 0.022222
0 0.766927 0.423148 0.025521 0.022222
0 0.733073 0.495833 0.027604 0.023148
0 0.788021 0.494907 0.026042 0.019444
0 0.829688 0.456019 0.025000 0.021296
0 0.835156 0.493519 0.029687 0.022222
0 0.811719 0.422222 0.026562 0.020370
0 0.007031 0.153241 0.010937 0.037963
0 0.872135 0.456481 0.024479 0.022222
0 0.263542 0.690741 0.025000 0.022222
0 0.916406 0.457407 0.027604 0.022222
0 0.869010 0.421759 0.026562 0.021296
0 0.213802 0.625000 0.028646 0.024074
0 0.224219 0.693519 0.030729 0.025926
0 0.255729 0.620833 0.028125 0.023148
0 0.258854 0.656944 0.030208 0.021296
0 0.172656 0.625000 0.027604 0.025926
0 0.216146 0.656944 0.027083 0.023148
0 0.972917 0.452778 0.030208 0.020370
0 0.771615 0.527315 0.027604 0.021296
0 0.906510 0.423148 0.022396 0.022222
0 0.924219 0.493519 0.027604 0.020370
0 0.173958 0.658333 0.035417 0.025926
0 0.187760 0.690741 0.024479 0.024074
0 0.946615 0.423611 0.028646 0.021296
0 0.129688 0.623148 0.026042 0.024074
0 0.130469 0.659722 0.031771 0.025000
0 0.142187 0.694444 0.027083 0.024074
0 0.032292 0.662037 0.027083 0.022222
0 0.075000 0.659259 0.029167 0.024074
0 0.812500 0.527778 0.026042 0.020370
0 0.515104 0.087500 0.012500 0.052778
0 0.972917 0.491667 0.025000 0.018519
0 0.845573 0.526389 0.024479 0.017593
0 0.733854 0.564815 0.027083 0.020370
0 0.264583 0.547222 0.023958 0.022222
0 0.034375 0.622685 0.026042 0.023148
0 0.254948 0.586111 0.026562 0.024074
0 0.779687 0.566204 0.027083 0.021296
0 0.002604 0.661574 0.005208 0.021296
0 0.043229 0.695833 0.030208 0.023148
0 0.891927 0.524074 0.025521 0.016667
0 0.003646 0.625000 0.007292 0.024074
0 0.223438 0.551389 0.026042 0.023148
0 0.929427 0.527778 0.027604 0.020370
0 0.214583 0.585648 0.027083 0.023148
0 0.006771 0.693519 0.011458 0.022222
0 0.175000 0.585648 0.027083 0.023148
0 0.973177 0.525000 0.027604 0.018519
0 0.827865 0.566667 0.027604 0.024074
0 0.463802 0.195833 0.013021 0.058333
0 0.042969 0.281019 0.011979 0.043519
0 0.466927 0.333796 0.010937 0.052778
0 0.131771 0.589815 0.031250 0.025926
0 0.866406 0.564352 0.028646 0.023148
0 0.471615 0.406019 0.015104 0.060185
0 0.092448 0.589352 0.024479 0.023148
0 0.903385 0.564352 0.026562 0.021296
0 0.178646 0.553704 0.025000 0.022222
0 0.047135 0.592130 0.031771 0.025000
0 0.940885 0.563889 0.027604 0.020370
0 0.135677 0.552778 0.027604 0.022222
0 0.464323 0.272222 0.011979 0.050000
0 0.974219 0.562963 0.024479 0.020370
0 0.442188 0.243056 0.011458 0.052778
0 0.380469 0.770370 0.029687 0.050000
0 0.489063 0.313889 0.011458 0.051852
0 0.461979 0.095370 0.012500 0.051852
0 0.010677 0.590278 0.018229 0.021296
0 0.463542 0.014815 0.015625 0.029630
0 0.536719 0.290278 0.025521 0.052778
0 0.486719 0.096759 0.010937 0.050926
0 0.450781 0.942130 0.011979 0.047222
0 0.427865 0.141667 0.013021 0.059259
0 0.741927 0.680556 0.024479 0.022222
0 0.432292 0.882870 0.011458 0.054630
0 0.667448 0.396296 0.025521 0.025926
0 0.489583 0.220370 0.010417 0.051852
0 0.446094 0.751852 0.014063 0.057407
0 0.426823 0.701852 0.010937 0.055556
0 0.077604 0.554167 0.034375 0.025000
0 0.672135 0.702778 0.023438 0.031481
0 0.444010 0.594444 0.013021 0.055556
0 0.426302 0.592130 0.010937 0.049074
0 0.423698 0.456019 0.009896 0.041667
0 0.442969 0.447222 0.011979 0.053704
0 0.627604 0.761574 0.030208 0.036111
1 0.913021 0.672222 0.095833 0.044444
0 0.493229 0.583796 0.011458 0.054630
0 0.560156 0.838889 0.023438 0.046296
0 0.733073 0.787037 0.015104 0.031481
0 0.054167 0.127778 0.016667 0.057407
0 0.116927 0.735185 0.029687 0.025926
0 0.495573 0.815278 0.014063 0.054630
0 0.022656 0.555556 0.027604 0.022222
0 0.513802 0.907407 0.013021 0.051852
0 0.493229 0.991667 0.044792 0.016667
