0 0.183333 0.234722 0.012500 0.054630
0 0.105729 0.268519 0.012500 0.055556
0 0.006510 0.143519 0.011979 0.038889
0 0.733333 0.567130 0.026042 0.021296
0 0.415625 0.904630 0.010417 0.050000
0 0.461979 0.174537 0.015625 0.058333
0 0.035417 0.124537 0.011458 0.049074
0 0.736198 0.458796 0.023438 0.019444
0 0.733854 0.425926 0.026042 0.020370
0 0.783594 0.420370 0.028646 0.022222
0 0.772656 0.458333 0.025521 0.022222
0 0.821875 0.424074 0.027083 0.020370
0 0.809896 0.457870 0.025000 0.019444
0 0.850781 0.458796 0.027604 0.019444
0 0.735677 0.492593 0.025521 0.020370
0 0.866406 0.421759 0.026562 0.019444
0 0.040625 0.272685 0.012500 0.041667
0 0.778385 0.493981 0.025521 0.021296
0 0.915885 0.425463 0.027604 0.019444
0 0.895573 0.460185 0.025521 0.020370
0 0.731510 0.527315 0.027604 0.021296
0 0.261979 0.650463 0.027083 0.021296
0 0.934896 0.457407 0.025000 0.018519
0 0.953385 0.427778 0.024479 0.018519
0 0.258854 0.615741 0.027083 0.020370
0 0.220833 0.648148 0.028125 0.022222
0 0.273177 0.682870 0.026562 0.019444
0 0.207552 0.616204 0.028646 0.023148
0 0.240625 0.682407 0.025000 0.020370
0 0.979167 0.457870 0.028125 0.019444
0 0.820573 0.494444 0.026562 0.020370
0 0.779167 0.528241 0.025000 0.021296
0 0.119531 0.649537 0.026562 0.021296
0 0.166667 0.652315 0.029167 0.025000
0 0.117708 0.616204 0.027083 0.021296
0 0.158333 0.615278 0.027083 0.023148
0 0.196094 0.688426 0.027604 0.025000
0 0.080990 0.613426 0.026562 0.023148
0 0.988542 0.425926 0.020833 0.018519
0 0.863021 0.494907 0.031250 0.021296
0 0.082552 0.649074 0.029687 0.024074
0 0.151042 0.685648 0.028125 0.023148
0 0.906250 0.494444 0.027083 0.020370
0 0.045573 0.615741 0.023438 0.022222
0 0.108854 0.686111 0.029167 0.024074
0 0.036979 0.651389 0.028125 0.025000
0 0.822656 0.528704 0.027604 0.020370
0 0.952604 0.494444 0.028125 0.018519
0 0.769531 0.565741 0.025521 0.020370
0 0.068750 0.684722 0.028125 0.023148
0 0.002604 0.649074 0.005208 0.024074
0 0.987240 0.494907 0.021354 0.015741
0 0.028125 0.684722 0.027083 0.023148
0 0.258333 0.581019 0.028125 0.021296
0 0.809115 0.564352 0.027604 0.021296
0 0.445312 0.662037 0.011458 0.055556
0 0.210677 0.578704 0.025521 0.022222
0 0.850260 0.563426 0.024479 0.017593
0 0.239323 0.544907 0.027604 0.019444
0 0.872396 0.529630 0.030208 0.020370
0 0.891927 0.568981 0.028646 0.019444
0 0.104688 0.447222 0.020833 0.042593
0 0.157031 0.461574 0.028646 0.023148
0 0.418229 0.737963 0.011458 0.053704
0 0.522917 0.192593 0.014583 0.050000
0 0.040625 0.430556 0.027083 0.024074
0 0.002344 0.687037 0.004687 0.024074
0 0.266927 0.397685 0.025521 0.023148
0 0.481771 0.106019 0.011458 0.050926
0 0.352083 0.733333 0.026042 0.029630
0 0.930990 0.566667 0.029687 0.018519
0 0.502344 0.231481 0.014063 0.055556
0 0.631771 0.374537 0.028125 0.030556
0 0.481250 0.206019 0.011458 0.045370
0 0.272917 0.715278 0.026042 0.021296
0 0.361458 0.366667 0.022917 0.038889
0 0.487760 0.458796 0.010937 0.052778
0 0.014063 0.614815 0.022917 0.020370
0 0.483333 0.327315 0.010417 0.054630
0 0.219531 0.725463 0.027604 0.021296
0 0.144531 0.579167 0.027604 0.023148
0 0.416927 0.619444 0.011979 0.051852
0 0.611719 0.753241 0.027604 0.036111
0 0.440365 0.473611 0.009896 0.050926
0 0.101562 0.537037 0.027083 0.029630
0 0.387240 0.289352 0.019271 0.050926
0 0.423177 0.330556 0.011979 0.055556
0 0.442969 0.299074 0.011979 0.050000
0 0.600000 0.799074 0.027083 0.037037
0 0.490625 0.616667 0.010417 0.050000
0 0.969010 0.568981 0.022396 0.015741
0 0.423698 0.191667 0.011979 0.050000
0 0.941667 0.533796 0.028125 0.017593
0 0.489063 0.761111 0.010417 0.046296
0 0.292187 0.741204 0.015625 0.017593
0 0.441927 0.165741 0.013021 0.053704
0 0.510938 0.979167 0.017708 0.041667
