0 0.111198 0.259722 0.011979 0.052778
0 0.009375 0.133796 0.013542 0.037963
0 0.466927 0.124537 0.010937 0.052778
0 0.465104 0.054630 0.012500 0.038889
0 0.057552 0.111574 0.013021 0.056481
0 0.046615 0.260648 0.013021 0.037963
0 0.721615 0.431481 0.029687 0.022222
0 0.763281 0.436111 0.025521 0.022222
0 0.260937 0.643981 0.028125 0.023148
0 0.872396 0.472222 0.026042 0.020370
0 0.735156 0.467593 0.026562 0.020370
0 0.730469 0.532870 0.025521 0.021296
0 0.778385 0.468519 0.025521 0.020370
0 0.801042 0.435185 0.025000 0.022222
0 0.809635 0.537963 0.027604 0.018519
0 0.836979 0.434259 0.027083 0.020370
0 0.769271 0.536111 0.027083 0.022222
0 0.739844 0.501389 0.027604 0.021296
0 0.827865 0.470370 0.027604 0.022222
0 0.778125 0.501852 0.026042 0.018519
0 0.253125 0.606944 0.026042 0.023148
0 0.850000 0.539352 0.028125 0.021296
0 0.818490 0.504167 0.026562 0.021296
0 0.212240 0.608333 0.033854 0.025926
0 0.258073 0.679167 0.027604 0.021296
0 0.890885 0.537963 0.027604 0.018519
0 0.216667 0.641204 0.027083 0.021296
0 0.911719 0.474074 0.025521 0.020370
0 0.166146 0.609259 0.027083 0.024074
0 0.176042 0.641204 0.026042 0.023148
0 0.121615 0.605556 0.028646 0.022222
0 0.863281 0.505556 0.029687 0.022222
0 0.206250 0.675463 0.030208 0.025000
0 0.950260 0.471759 0.025521 0.019444
0 0.959115 0.442593 0.026562 0.018519
0 0.128385 0.644444 0.035937 0.024074
0 0.930208 0.539352 0.028125 0.023148
0 0.900781 0.505556 0.022396 0.022222
0 0.069792 0.607870 0.029167 0.025000
0 0.082031 0.638889 0.027604 0.018519
0 0.968750 0.542593 0.029167 0.022222
0 0.035156 0.637963 0.028646 0.020370
0 0.257292 0.538426 0.026042 0.025000
0 0.937500 0.506481 0.025000 0.020370
0 0.024740 0.605093 0.028646 0.021296
0 0.979688 0.508333 0.027083 0.020370
0 0.014844 0.249537 0.022396 0.056481
0 0.774479 0.575926 0.025000 0.020370
0 0.739844 0.574537 0.025521 0.023148
0 0.256510 0.573611 0.024479 0.021296
0 0.423438 0.468519 0.012500 0.057407
0 0.811458 0.575000 0.028125 0.024074
0 0.535937 0.337037 0.026042 0.051852
0 0.405990 0.943056 0.011979 0.045370
0 0.178646 0.316204 0.014583 0.056481
0 0.048177 0.392130 0.027604 0.021296
0 0.206771 0.575463 0.027083 0.025000
0 0.042708 0.115278 0.013542 0.050926
0 0.850000 0.579167 0.028125 0.023148
0 0.391667 0.813426 0.026042 0.050926
0 0.885677 0.576389 0.027604 0.023148
0 0.614583 0.415741 0.023958 0.024074
0 0.997135 0.543981 0.005729 0.021296
0 0.975781 0.686111 0.029687 0.027778
0 0.924479 0.578241 0.026042 0.021296
0 0.347135 0.745370 0.029687 0.035185
0 0.332813 0.410648 0.026042 0.036111
0 0.489583 0.035648 0.014583 0.060185
0 0.929427 0.720370 0.027604 0.022222
0 0.424479 0.851852 0.012500 0.053704
0 0.188542 0.230556 0.012500 0.053704
0 0.274740 0.718519 0.025521 0.022222
0 0.123438 0.426389 0.032292 0.034259
0 0.442188 0.975000 0.010417 0.046296
0 0.503906 0.240278 0.014063 0.063889
0 0.503125 0.109259 0.012500 0.053704
0 0.424219 0.665741 0.016146 0.062963
0 0.357812 0.348611 0.026042 0.036111
0 0.492448 0.391667 0.015104 0.066667
0 0.445052 0.629630 0.011979 0.050000
0 0.405990 0.226389 0.011979 0.050926
0 0.201823 0.537500 0.022396 0.021296
0 0.428385 0.331481 0.013021 0.050000
0 0.637760 0.748611 0.031771 0.034259
0 0.444271 0.419444 0.011458 0.048148
0 0.494531 0.635185 0.011979 0.053704
0 0.508854 0.695833 0.013542 0.058333
0 0.964063 0.579167 0.030208 0.021296
0 0.123698 0.679167 0.069271 0.036111
0 0.485677 0.865741 0.014063 0.057407
0 0.063281 0.536111 0.027604 0.024074
0 0.447656 0.121759 0.010937 0.045370
0 0.131771 0.193981 0.015625 0.043519
0 0.512760 0.968519 0.026562 0.057407
0 0.431250 0.070833 0.011458 0.047222
