0 0.133854 0.184259 0.016667 0.051852
0 0.010156 0.121296 0.013021 0.040741
0 0.046354 0.250463 0.013542 0.041667
0 0.735417 0.568981 0.026042 0.021296
0 0.741146 0.498611 0.026042 0.023148
0 0.892708 0.436574 0.031250 0.025000
0 0.847135 0.437500 0.025521 0.019444
0 0.740365 0.464815 0.025521 0.022222
0 0.808854 0.435185 0.023958 0.018519
0 0.780208 0.464815 0.023958 0.024074
0 0.915104 0.471296 0.030208 0.024074
0 0.819531 0.468056 0.025521 0.021296
0 0.780469 0.500000 0.022396 0.024074
0 0.265885 0.636574 0.025521 0.021296
0 0.830990 0.500926 0.027604 0.024074
0 0.939844 0.437037 0.029687 0.025926
0 0.866667 0.472222 0.029167 0.022222
0 0.221354 0.635648 0.027083 0.023148
0 0.730208 0.531481 0.025000 0.020370
0 0.014583 0.239352 0.018750 0.056481
0 0.254948 0.600926 0.023438 0.022222
0 0.981510 0.437500 0.034896 0.026852
0 0.180990 0.632870 0.020313 0.023148
0 0.217448 0.595833 0.027604 0.023148
0 0.042969 0.106481 0.010937 0.046296
0 0.915104 0.508333 0.026042 0.022222
0 0.954688 0.473611 0.029167 0.023148
0 0.142708 0.631481 0.023958 0.020370
0 0.767448 0.533796 0.024479 0.021296
0 0.257552 0.669444 0.023438 0.018519
0 0.219271 0.665741 0.028125 0.020370
0 0.098177 0.627778 0.026562 0.022222
0 0.954167 0.509722 0.029167 0.023148
0 0.055990 0.627315 0.026562 0.021296
0 0.127083 0.595833 0.028125 0.023148
0 0.159375 0.666667 0.027083 0.022222
0 0.081771 0.594444 0.028125 0.022222
0 0.804948 0.539815 0.023438 0.020370
0 0.880729 0.541667 0.026042 0.022222
0 0.012500 0.624537 0.023958 0.019444
0 0.117188 0.665278 0.027083 0.023148
0 0.774479 0.573148 0.022917 0.020370
0 0.839583 0.539352 0.026042 0.017593
0 0.816146 0.575463 0.029167 0.023148
0 0.258073 0.568056 0.024479 0.019444
0 0.265365 0.526852 0.026562 0.020370
0 0.224740 0.562963 0.023438 0.020370
0 0.852344 0.576389 0.024479 0.021296
0 0.145833 0.558796 0.023958 0.021296
0 0.889844 0.578241 0.028646 0.023148
0 0.170052 0.596759 0.028646 0.026852
0 0.185156 0.563426 0.024479 0.023148
0 0.037760 0.593519 0.028646 0.020370
0 0.927344 0.579630 0.028646 0.024074
0 0.966146 0.580556 0.027083 0.022222
0 0.873958 0.507407 0.031250 0.022222
0 0.227344 0.526389 0.026562 0.023148
0 0.993750 0.581481 0.011458 0.024074
0 0.925260 0.540741 0.026562 0.024074
0 0.968490 0.543981 0.030729 0.025000
0 0.996094 0.545833 0.007812 0.021296
0 0.604688 0.969444 0.037500 0.055556
0 0.429948 0.142130 0.010937 0.049074
0 0.446875 0.139815 0.009375 0.048148
0 0.430208 0.053241 0.012500 0.047222
0 0.448958 0.068519 0.011458 0.055556
0 0.183073 0.526389 0.033854 0.023148
0 0.134635 0.245370 0.014063 0.044444
0 0.106250 0.558333 0.026042 0.022222
0 0.010677 0.454630 0.021354 0.022222
0 0.108854 0.403704 0.025000 0.022222
0 0.669271 0.625463 0.030208 0.034259
0 0.588802 0.368519 0.026562 0.025926
0 0.594792 0.405093 0.025000 0.023148
0 0.615625 0.616667 0.028125 0.033333
0 0.240625 0.700000 0.026042 0.022222
0 0.379688 0.320833 0.025000 0.045370
0 0.573958 0.556019 0.022917 0.041667
0 0.415625 0.691204 0.022917 0.062037
0 0.478125 0.353704 0.018750 0.061111
0 0.935417 0.659259 0.032292 0.024074
0 0.435156 0.810185 0.015104 0.046296
0 0.857812 0.398148 0.028125 0.022222
0 0.467708 0.154630 0.012500 0.050000
0 0.988542 0.513426 0.022917 0.023148
0 0.456250 0.942130 0.014583 0.049074
0 0.169792 0.190741 0.013542 0.046296
