0 0.109896 0.265278 0.012500 0.052778
0 0.009635 0.139352 0.014063 0.037963
0 0.727344 0.571759 0.024479 0.021296
0 0.768229 0.571296 0.026042 0.020370
0 0.310156 0.578704 0.027604 0.020370
0 0.808073 0.569444 0.027604 0.024074
0 0.216406 0.575000 0.024479 0.022222
0 0.848437 0.569444 0.026042 0.022222
0 0.384896 0.549074 0.026042 0.018519
0 0.882812 0.575000 0.027083 0.022222
0 0.921354 0.572685 0.028125 0.021296
0 0.175000 0.577315 0.026042 0.023148
0 0.665104 0.571296 0.026042 0.022222
0 0.273177 0.542593 0.025521 0.020370
0 0.445573 0.065741 0.011979 0.053704
0 0.428906 0.150000 0.010937 0.048148
0 0.445312 0.142593 0.014583 0.057407
0 0.428125 0.076852 0.013542 0.057407
0 0.228646 0.544444 0.027083 0.022222
0 0.136979 0.575463 0.026042 0.023148
0 0.183073 0.540741 0.025521 0.022222
0 0.147396 0.541667 0.025000 0.020370
0 0.098437 0.533333 0.026042 0.020370
0 0.092708 0.576852 0.025000 0.022222
0 0.056510 0.540278 0.028646 0.021296
0 0.465625 0.124537 0.011458 0.054630
0 0.326823 0.649537 0.028646 0.021296
0 0.462240 0.054630 0.010937 0.042593
0 0.045312 0.267130 0.013542 0.049074
0 0.589063 0.561574 0.026042 0.025000
0 0.013281 0.384259 0.025521 0.020370
0 0.542969 0.295370 0.027604 0.044444
0 0.589323 0.354167 0.029687 0.032407
0 0.161458 0.426389 0.023958 0.023148
0 0.259896 0.420833 0.027083 0.023148
0 0.204687 0.453241 0.026042 0.021296
0 0.051823 0.575926 0.027604 0.018519
0 0.087240 0.454167 0.023438 0.019444
0 0.018750 0.536574 0.026042 0.019444
0 0.014063 0.257407 0.019792 0.061111
0 0.028125 0.487500 0.029167 0.021296
0 0.295312 0.493981 0.026042 0.019444
0 0.601042 0.403704 0.023958 0.018519
0 0.100000 0.484259 0.027083 0.020370
0 0.354948 0.415741 0.026562 0.022222
0 0.924479 0.687037 0.029167 0.022222
0 0.981771 0.621296 0.029167 0.022222
0 0.881771 0.650463 0.027083 0.019444
0 0.369531 0.448148 0.027604 0.022222
0 0.279948 0.457407 0.026562 0.022222
0 0.441146 0.419444 0.026042 0.022222
0 0.967708 0.575463 0.023958 0.019444
0 0.186719 0.488889 0.027604 0.020370
0 0.011458 0.571296 0.020833 0.020370
0 0.878646 0.622222 0.027083 0.020370
0 0.775260 0.664352 0.024479 0.019444
0 0.514583 0.423148 0.023958 0.022222
0 0.715365 0.650463 0.026562 0.019444
0 0.140104 0.391204 0.027083 0.021296
0 0.678906 0.394907 0.026562 0.021296
0 0.812240 0.617130 0.030729 0.023148
0 0.448437 0.451852 0.026042 0.020370
0 0.543229 0.461111 0.030208 0.024074
0 0.656250 0.642593 0.028125 0.024074
0 0.357031 0.493056 0.027604 0.023148
0 0.696094 0.694907 0.027604 0.019444
0 0.721354 0.429167 0.030208 0.023148
0 0.420052 0.906481 0.017188 0.053704
0 0.706771 0.612500 0.028125 0.021296
0 0.425000 0.479167 0.025000 0.019444
0 0.521094 0.612963 0.024479 0.022222
0 0.598177 0.680093 0.026562 0.021296
0 0.573438 0.639815 0.026042 0.022222
0 0.763021 0.432870 0.027083 0.023148
0 0.352344 0.746296 0.027604 0.031481
0 0.402344 0.506944 0.025521 0.021296
0 0.753125 0.393519 0.026042 0.022222
0 0.992188 0.571759 0.015625 0.019444
0 0.421875 0.611111 0.026042 0.022222
0 0.093229 0.648611 0.028125 0.025000
0 0.409635 0.647222 0.024479 0.022222
0 0.512240 0.686111 0.027604 0.024074
0 0.339062 0.614352 0.026042 0.023148
0 0.480729 0.649537 0.028125 0.021296
0 0.961979 0.468519 0.028125 0.022222
0 0.781771 0.464352 0.026042 0.021296
0 0.409115 0.687037 0.026562 0.022222
0 0.292448 0.721759 0.023438 0.019444
0 0.730469 0.530093 0.026562 0.021296
0 0.838802 0.465741 0.027604 0.022222
0 0.815104 0.431019 0.025000 0.021296
0 0.857292 0.535185 0.028125 0.020370
0 0.217448 0.647685 0.023438 0.023148
0 0.871354 0.429167 0.027083 0.023148
0 0.780729 0.532407 0.027083 0.022222
0 0.230208 0.681481 0.023958 0.022222
0 0.331250 0.682870 0.025000 0.021296
0 0.409635 0.160648 0.011979 0.052778
0 0.187500 0.234259 0.011458 0.053704
0 0.788021 0.500926 0.028125 0.022222
0 0.903646 0.465741 0.030208 0.024074
0 0.860156 0.499074 0.025521 0.020370
0 0.056771 0.610185 0.027083 0.022222
0 0.516927 0.753241 0.021354 0.030556
0 0.918229 0.535648 0.028125 0.023148
0 0.009635 0.610648 0.013021 0.025000
0 0.015365 0.681019 0.016146 0.019444
0 0.968750 0.429630 0.054167 0.031481
0 0.996354 0.682407 0.007292 0.018519
