0 0.752604 0.532870 0.027083 0.019444
0 0.917448 0.459259 0.025521 0.018519
0 0.875521 0.461111 0.031250 0.020370
0 0.190365 0.587963 0.025521 0.020370
0 0.190365 0.399537 0.026562 0.019444
0 0.051302 0.658333 0.027604 0.022222
0 0.832812 0.462963 0.027083 0.020370
0 0.095052 0.623148 0.028646 0.022222
0 0.139323 0.659259 0.028646 0.022222
0 0.232552 0.692130 0.025521 0.019444
0 0.147656 0.583796 0.023438 0.017593
0 0.856510 0.669444 0.024479 0.022222
0 0.749479 0.495370 0.027083 0.020370
0 0.793229 0.497685 0.022917 0.019444
0 0.061458 0.588889 0.029167 0.022222
0 0.107292 0.586111 0.027083 0.020370
0 0.262500 0.623611 0.025000 0.023148
0 0.747917 0.460185 0.027083 0.020370
0 0.231250 0.588426 0.029167 0.021296
0 0.790365 0.462963 0.023438 0.020370
0 0.912760 0.566667 0.025521 0.018519
0 0.222656 0.657870 0.028646 0.023148
0 0.095833 0.659259 0.026042 0.020370
0 0.191406 0.693519 0.026562 0.022222
0 0.872135 0.568056 0.025521 0.019444
0 0.276823 0.587963 0.027604 0.022222
0 0.842708 0.529630 0.025000 0.018519
0 0.928385 0.425463 0.027604 0.023148
0 0.801302 0.531944 0.026562 0.019444
0 0.609375 0.543519 0.028125 0.042593
0 0.134115 0.625463 0.027604 0.023148
0 0.757552 0.700000 0.027604 0.022222
0 0.747396 0.567593 0.025000 0.018519
0 0.269531 0.691667 0.027604 0.018519
0 0.988281 0.568981 0.021354 0.017593
0 0.784115 0.568981 0.025521 0.019444
0 0.976562 0.493981 0.025000 0.019444
0 0.227865 0.550000 0.027604 0.020370
0 0.263542 0.657870 0.032292 0.023148
0 0.177865 0.624074 0.027604 0.022222
0 0.055469 0.695370 0.028646 0.022222
0 0.884115 0.530093 0.026562 0.019444
0 0.271615 0.555093 0.027604 0.023148
0 0.959635 0.458796 0.031771 0.023148
0 0.183073 0.656944 0.028646 0.019444
0 0.879687 0.496296 0.028125 0.020370
0 0.041406 0.625000 0.026562 0.022222
0 0.920573 0.495370 0.025521 0.018519
0 0.822656 0.620370 0.030729 0.022222
0 0.002604 0.151852 0.005208 0.048148
0 0.216667 0.622685 0.029167 0.021296
0 0.194010 0.239352 0.010937 0.050926
0 0.455990 0.160185 0.010937 0.038889
0 0.826042 0.569444 0.025000 0.018519
0 0.955990 0.567593 0.027604 0.018519
0 0.046094 0.129630 0.011979 0.048148
0 0.676823 0.588889 0.024479 0.027778
0 0.436979 0.155093 0.011458 0.050926
0 0.050521 0.279630 0.012500 0.037037
0 0.115625 0.275463 0.012500 0.050926
0 0.181771 0.551852 0.025000 0.020370
0 0.827344 0.494907 0.022396 0.017593
0 0.014323 0.695833 0.026562 0.021296
2 0.975000 0.421759 0.050000 0.034259
0 0.454688 0.101852 0.011458 0.050000
0 0.005469 0.277778 0.010937 0.051852
0 0.498698 0.322685 0.021354 0.058333
0 0.437500 0.087963 0.010417 0.048148
0 0.020313 0.268981 0.016667 0.056481
0 0.006510 0.658796 0.013021 0.023148
0 0.167969 0.468981 0.026562 0.023148
0 0.922396 0.699537 0.026042 0.023148
0 0.403646 0.829630 0.025000 0.055556
0 0.744531 0.790278 0.016146 0.030556
0 0.420052 0.606944 0.023438 0.050926
0 0.294792 0.726852 0.028125 0.020370
0 0.466667 0.866204 0.013542 0.047222
0 0.469531 0.782407 0.011979 0.050000
0 0.496354 0.941204 0.010417 0.039815
0 0.476042 0.191204 0.010417 0.049074
0 0.096615 0.733796 0.028646 0.019444
0 0.477604 0.992130 0.034375 0.015741
