0 0.180990 0.240278 0.011979 0.050926
0 0.102604 0.274074 0.015625 0.057407
0 0.884635 0.489815 0.024479 0.020370
0 0.092448 0.699074 0.027604 0.022222
0 0.735417 0.528704 0.023958 0.020370
0 0.073698 0.626389 0.028646 0.021296
0 0.743750 0.456481 0.026042 0.025926
0 0.726823 0.424537 0.027604 0.021296
0 0.790104 0.455556 0.025000 0.022222
0 0.769010 0.421759 0.026562 0.023148
0 0.734896 0.494907 0.027083 0.025000
0 0.790104 0.494444 0.025000 0.022222
0 0.832552 0.455093 0.025521 0.021296
0 0.838021 0.492593 0.031250 0.025926
0 0.814323 0.421296 0.025521 0.022222
0 0.003385 0.151389 0.006771 0.037963
0 0.875521 0.455556 0.023958 0.020370
0 0.260677 0.692130 0.024479 0.021296
0 0.920052 0.456481 0.028646 0.024074
0 0.871354 0.420833 0.026042 0.021296
0 0.210938 0.625463 0.026042 0.023148
0 0.220312 0.694907 0.027083 0.023148
0 0.253385 0.620833 0.027604 0.021296
0 0.255469 0.657870 0.027604 0.021296
0 0.169010 0.626852 0.027604 0.022222
0 0.213281 0.658333 0.026562 0.020370
0 0.977604 0.451852 0.030208 0.024074
0 0.774740 0.528704 0.026562 0.022222
0 0.907292 0.421759 0.020833 0.023148
0 0.927865 0.493981 0.026562 0.021296
0 0.170052 0.659722 0.029687 0.025000
0 0.184115 0.692593 0.023438 0.022222
0 0.951042 0.422222 0.027083 0.022222
0 0.125260 0.623611 0.025521 0.021296
0 0.126562 0.660648 0.027083 0.023148
0 0.138542 0.696759 0.027083 0.021296
0 0.027604 0.664815 0.026042 0.020370
0 0.070833 0.661574 0.029167 0.023148
0 0.814844 0.528241 0.024479 0.021296
0 0.977344 0.491667 0.024479 0.020370
0 0.848958 0.526852 0.025000 0.018519
0 0.735677 0.564352 0.026562 0.019444
0 0.261979 0.548611 0.026042 0.019444
0 0.030208 0.624074 0.027083 0.022222
0 0.252344 0.587037 0.026562 0.024074
0 0.782292 0.566667 0.028125 0.022222
0 0.036979 0.699074 0.032292 0.024074
0 0.894010 0.524074 0.024479 0.016667
0 0.001823 0.627778 0.003646 0.018519
0 0.220312 0.551852 0.027083 0.020370
0 0.933073 0.527315 0.028646 0.023148
0 0.211719 0.586574 0.025521 0.021296
0 0.004167 0.695370 0.008333 0.018519
0 0.171354 0.586111 0.025000 0.020370
0 0.978125 0.525000 0.027083 0.020370
0 0.828125 0.567130 0.027083 0.023148
0 0.127604 0.589815 0.028125 0.022222
0 0.870573 0.564352 0.028646 0.023148
0 0.088021 0.590278 0.027083 0.021296
0 0.906771 0.564352 0.032292 0.023148
0 0.175260 0.553704 0.025521 0.020370
0 0.042188 0.593519 0.028125 0.024074
0 0.944271 0.563889 0.028125 0.022222
0 0.131250 0.552315 0.028125 0.021296
0 0.978385 0.563426 0.025521 0.021296
0 0.928646 0.648148 0.028125 0.022222
0 0.007292 0.593519 0.014583 0.020370
0 0.814583 0.626852 0.027083 0.024074
0 0.426563 0.138426 0.013542 0.056481
0 0.080208 0.554630 0.029167 0.020370
0 0.627344 0.584259 0.029687 0.038889
0 0.038281 0.558333 0.028646 0.020370
0 0.442969 0.138889 0.011979 0.051852
0 0.442188 0.067593 0.010417 0.048148
0 0.426302 0.053241 0.011979 0.049074
0 0.006250 0.558796 0.012500 0.023148
0 0.957812 0.750926 0.026042 0.020370
0 0.988542 0.421296 0.020833 0.022222
0 0.464323 0.140741 0.014063 0.059259
0 0.734115 0.789352 0.016146 0.030556
0 0.005990 0.396296 0.011979 0.020370
0 0.133073 0.468056 0.029687 0.021296
0 0.710677 0.637963 0.031771 0.029630
0 0.290104 0.390741 0.025000 0.024074
0 0.305729 0.497685 0.023958 0.030556
0 0.244271 0.456019 0.023958 0.025000
0 0.351042 0.560185 0.022917 0.044444
0 0.355990 0.373611 0.024479 0.045370
0 0.543750 0.509722 0.016667 0.036111
0 0.392188 0.333333 0.015625 0.051852
0 0.198698 0.729167 0.025521 0.023148
0 0.477865 0.297685 0.016146 0.062037
0 0.423698 0.725000 0.022396 0.055556
0 0.451562 0.852778 0.018750 0.057407
0 0.048177 0.125463 0.014063 0.052778
