0 0.184115 0.235185 0.013021 0.057407
0 0.105990 0.268519 0.013021 0.057407
0 0.005990 0.144444 0.010937 0.037037
0 0.733073 0.566204 0.026562 0.021296
0 0.467448 0.466667 0.013021 0.055556
0 0.736198 0.458333 0.024479 0.022222
0 0.733333 0.425463 0.027083 0.023148
0 0.783594 0.420370 0.028646 0.022222
0 0.772396 0.457870 0.025000 0.023148
0 0.821094 0.422222 0.028646 0.022222
0 0.810417 0.457407 0.026042 0.020370
0 0.850521 0.457407 0.027083 0.022222
0 0.735156 0.492130 0.025521 0.023148
0 0.865885 0.419907 0.026562 0.019444
0 0.040885 0.271759 0.011979 0.039815
0 0.777865 0.493519 0.025521 0.022222
0 0.915885 0.423611 0.029687 0.023148
0 0.895573 0.459259 0.025521 0.020370
0 0.731250 0.526852 0.029167 0.024074
0 0.261719 0.649074 0.027604 0.020370
0 0.933854 0.456944 0.025000 0.019444
0 0.953125 0.426389 0.026042 0.021296
0 0.258854 0.614815 0.027083 0.022222
0 0.220833 0.648148 0.028125 0.022222
0 0.273698 0.682407 0.025521 0.018519
0 0.208073 0.614815 0.028646 0.024074
0 0.240625 0.681481 0.026042 0.020370
0 0.978906 0.456944 0.028646 0.023148
0 0.820312 0.493056 0.027083 0.023148
0 0.778906 0.527315 0.026562 0.023148
0 0.120052 0.648611 0.026562 0.021296
0 0.166667 0.651389 0.029167 0.023148
0 0.117708 0.615278 0.026042 0.021296
0 0.158333 0.615278 0.026042 0.023148
0 0.196094 0.687037 0.027604 0.024074
0 0.081250 0.613889 0.026042 0.020370
0 0.988281 0.425000 0.023438 0.022222
0 0.862760 0.493519 0.031771 0.024074
0 0.082812 0.648611 0.029167 0.023148
0 0.151042 0.684259 0.028125 0.022222
0 0.905990 0.493519 0.027604 0.024074
0 0.046094 0.614815 0.023438 0.020370
0 0.109115 0.684722 0.028646 0.023148
0 0.037500 0.650926 0.027083 0.024074
0 0.822135 0.527778 0.027604 0.022222
0 0.951823 0.493056 0.028646 0.023148
0 0.769010 0.565278 0.025521 0.021296
0 0.069271 0.685185 0.027083 0.020370
0 0.002865 0.649074 0.005729 0.022222
0 0.987500 0.493981 0.022917 0.021296
0 0.028646 0.684722 0.026042 0.023148
0 0.258594 0.581019 0.027604 0.021296
0 0.809115 0.563426 0.027604 0.023148
0 0.210677 0.578241 0.025521 0.023148
0 0.009896 0.259722 0.013542 0.045370
0 0.849740 0.562963 0.025521 0.020370
0 0.239063 0.543519 0.026042 0.018519
0 0.871615 0.528241 0.030729 0.025000
0 0.891667 0.568519 0.029167 0.024074
0 0.438021 0.508333 0.011458 0.057407
0 0.930469 0.565741 0.029687 0.024074
0 0.506250 0.117130 0.015625 0.056481
0 0.440625 0.287963 0.012500 0.061111
0 0.371615 0.757870 0.025521 0.043519
0 0.070052 0.462963 0.027604 0.025926
0 0.014323 0.614815 0.024479 0.020370
0 0.311198 0.721296 0.023438 0.022222
0 0.164323 0.579630 0.026562 0.022222
0 0.958854 0.683796 0.027083 0.021296
0 0.020573 0.449074 0.025521 0.020370
0 0.132812 0.418056 0.025000 0.019444
0 0.626563 0.724537 0.029167 0.039815
0 0.975781 0.631481 0.029687 0.022222
0 0.967969 0.567130 0.024479 0.023148
0 0.420312 0.906944 0.011458 0.049074
0 0.917969 0.531019 0.029687 0.023148
0 0.309375 0.748148 0.017708 0.014815
0 0.441667 0.909259 0.011458 0.051852
0 0.157812 0.474074 0.029167 0.024074
0 0.681510 0.718056 0.032813 0.032407
0 0.200260 0.545833 0.025521 0.019444
0 0.484375 0.135185 0.010417 0.048148
0 0.419271 0.782870 0.012500 0.050926
0 0.971615 0.526389 0.029687 0.025000
0 0.127344 0.202315 0.014063 0.043519
0 0.497396 0.491667 0.011458 0.051852
0 0.421875 0.376852 0.011458 0.051852
0 0.002604 0.686111 0.005208 0.022222
0 0.180990 0.721759 0.025521 0.021296
0 0.507552 0.701389 0.013021 0.058333
0 0.422135 0.237500 0.009896 0.047222
0 0.509896 0.827778 0.011458 0.046296
0 0.441406 0.151852 0.011979 0.059259
0 0.488021 0.835185 0.011458 0.053704
0 0.996875 0.527778 0.005208 0.022222
0 0.424479 0.113889 0.010417 0.044444
0 0.994531 0.561574 0.007812 0.021296
0 0.870052 0.388426 0.027604 0.017593
0 0.388542 0.836111 0.013542 0.038889
