0 0.182812 0.240278 0.011458 0.052778
0 0.104167 0.274074 0.014583 0.055556
0 0.234115 0.486574 0.022396 0.019444
0 0.525521 0.694907 0.026042 0.023148
0 0.649479 0.621296 0.027083 0.020370
0 0.012760 0.463889 0.025521 0.020370
0 0.010677 0.425463 0.021354 0.019444
0 0.141146 0.448148 0.027083 0.022222
0 0.086719 0.475463 0.028646 0.023148
0 0.344792 0.423611 0.029167 0.025000
0 0.004948 0.149537 0.009896 0.037963
0 0.212760 0.462963 0.024479 0.018519
0 0.500260 0.460185 0.025521 0.022222
0 0.451042 0.422685 0.026042 0.021296
0 0.683594 0.459722 0.027604 0.021296
0 0.511198 0.424537 0.018229 0.021296
0 0.445312 0.483796 0.029167 0.021296
0 0.888281 0.681944 0.025521 0.021296
0 0.561719 0.426389 0.025521 0.021296
0 0.908333 0.628241 0.025000 0.019444
0 0.826562 0.653704 0.026042 0.024074
0 0.780208 0.692130 0.027083 0.023148
0 0.507812 0.657407 0.026042 0.020370
0 0.599479 0.660648 0.026042 0.023148
0 0.546615 0.489815 0.026562 0.020370
0 0.058594 0.502315 0.024479 0.017593
0 0.732292 0.566204 0.027083 0.021296
0 0.261979 0.547222 0.025000 0.020370
0 0.485417 0.618981 0.027083 0.023148
0 0.251823 0.585185 0.025521 0.022222
0 0.779167 0.568519 0.027083 0.020370
0 0.433854 0.692130 0.029167 0.025000
0 0.259635 0.508796 0.025521 0.017593
0 0.362240 0.620833 0.024479 0.021296
0 0.221094 0.550926 0.025521 0.020370
0 0.387500 0.509259 0.025000 0.022222
0 0.211979 0.584722 0.026042 0.019444
0 0.350781 0.688426 0.022396 0.021296
0 0.172396 0.583333 0.026042 0.020370
0 0.533594 0.521759 0.024479 0.017593
0 0.819531 0.570370 0.024479 0.020370
0 0.128385 0.587963 0.027604 0.022222
0 0.860677 0.568056 0.027604 0.023148
0 0.089063 0.587963 0.026042 0.022222
0 0.902604 0.568056 0.028125 0.021296
0 0.176302 0.551852 0.024479 0.020370
0 0.048177 0.592130 0.029687 0.023148
0 0.940365 0.568519 0.028646 0.024074
0 0.132552 0.550926 0.026562 0.020370
0 0.972917 0.567593 0.029167 0.024074
0 0.008333 0.589352 0.015625 0.023148
0 0.426823 0.140278 0.013021 0.054630
0 0.081510 0.552778 0.028646 0.022222
0 0.040885 0.555093 0.027604 0.021296
0 0.442708 0.141204 0.011458 0.054630
0 0.426823 0.056481 0.013021 0.053704
0 0.442969 0.070833 0.010937 0.050926
0 0.007031 0.554167 0.014063 0.021296
0 0.953125 0.753704 0.023958 0.018519
0 0.630729 0.429630 0.023958 0.018519
0 0.462760 0.167593 0.016146 0.059259
0 0.166406 0.418519 0.024479 0.020370
0 0.263802 0.389352 0.024479 0.021296
0 0.495573 0.097222 0.017188 0.061111
0 0.519531 0.231481 0.026562 0.062963
0 0.688802 0.496759 0.026562 0.021296
0 0.364583 0.757407 0.027083 0.035185
0 0.750521 0.459259 0.028125 0.022222
0 0.727344 0.427315 0.025521 0.019444
0 0.629427 0.362037 0.026562 0.029630
0 0.648958 0.523611 0.027083 0.021296
0 0.126042 0.206019 0.014583 0.045370
0 0.243490 0.729167 0.026562 0.021296
0 0.282031 0.689352 0.025521 0.021296
0 0.259896 0.657870 0.029167 0.021296
0 0.278906 0.620370 0.024479 0.022222
0 0.761979 0.499074 0.028125 0.022222
0 0.191927 0.728241 0.027604 0.023148
0 0.724740 0.530093 0.024479 0.021296
0 0.719010 0.380093 0.025521 0.019444
0 0.841146 0.462500 0.032292 0.023148
0 0.194531 0.693056 0.025521 0.021296
0 0.808333 0.426389 0.028125 0.023148
0 0.180208 0.621759 0.030208 0.023148
0 0.797135 0.387500 0.028646 0.023148
0 0.848698 0.495370 0.028646 0.022222
0 0.125260 0.658333 0.033854 0.024074
0 0.930469 0.496759 0.028646 0.023148
0 0.118750 0.693519 0.027083 0.020370
0 0.904948 0.460648 0.027604 0.021296
0 0.894010 0.424537 0.027604 0.021296
0 0.092708 0.623611 0.030208 0.023148
0 0.967969 0.460648 0.026562 0.023148
0 0.731250 0.789352 0.015625 0.032407
0 0.904948 0.531481 0.027604 0.020370
0 0.051042 0.733333 0.028125 0.020370
0 0.900000 0.389352 0.028125 0.019444
0 0.036979 0.656019 0.028125 0.021296
0 0.988542 0.424074 0.014583 0.024074
0 0.441667 0.014352 0.015625 0.028704
0 0.408073 0.019907 0.026562 0.039815
0 0.988021 0.392130 0.016667 0.021296
