0 0.119271 0.219444 0.012500 0.048148
0 0.009115 0.125463 0.013021 0.036111
0 0.045312 0.255556 0.013542 0.042593
0 0.737760 0.573148 0.025521 0.020370
0 0.466406 0.127778 0.009896 0.051852
0 0.468750 0.056944 0.010417 0.049074
0 0.742188 0.502315 0.027083 0.021296
0 0.894010 0.439352 0.028646 0.017593
0 0.849740 0.441204 0.025521 0.017593
0 0.741406 0.469444 0.024479 0.022222
0 0.808073 0.439815 0.021354 0.020370
0 0.780990 0.469444 0.024479 0.024074
0 0.915885 0.474074 0.028646 0.020370
0 0.821094 0.471759 0.026562 0.021296
0 0.781250 0.503704 0.022917 0.022222
0 0.264583 0.643056 0.023958 0.021296
0 0.832812 0.504167 0.029167 0.023148
0 0.941406 0.440741 0.027604 0.018519
0 0.869010 0.474537 0.027604 0.019444
0 0.220833 0.642130 0.027083 0.023148
0 0.732031 0.535185 0.026562 0.020370
0 0.013542 0.243519 0.018750 0.057407
0 0.254688 0.607870 0.025000 0.023148
0 0.983854 0.440741 0.028125 0.018519
0 0.179688 0.639815 0.019792 0.024074
0 0.216406 0.602315 0.026562 0.023148
0 0.041406 0.109722 0.011979 0.050926
0 0.916927 0.510648 0.026562 0.021296
0 0.955990 0.476389 0.025521 0.019444
0 0.141667 0.637500 0.023958 0.021296
0 0.768490 0.537037 0.025521 0.020370
0 0.256250 0.675926 0.023958 0.020370
0 0.218229 0.672685 0.027083 0.021296
0 0.096354 0.634722 0.027083 0.023148
0 0.955729 0.511574 0.028125 0.019444
0 0.054427 0.634722 0.027604 0.021296
0 0.126562 0.601852 0.028125 0.022222
0 0.157031 0.672685 0.028646 0.025000
0 0.079687 0.601852 0.028125 0.022222
0 0.806771 0.543056 0.026042 0.021296
0 0.885417 0.544907 0.025000 0.021296
0 0.011458 0.630093 0.021875 0.021296
0 0.115365 0.670833 0.027604 0.021296
0 0.776563 0.576852 0.023958 0.020370
0 0.003125 0.598611 0.006250 0.021296
0 0.842969 0.542130 0.024479 0.017593
0 0.817187 0.578704 0.028125 0.024074
0 0.258594 0.573148 0.022396 0.020370
0 0.265365 0.532870 0.025521 0.019444
0 0.222917 0.569444 0.025000 0.022222
0 0.853906 0.579167 0.026562 0.023148
0 0.143750 0.564352 0.026042 0.021296
0 0.892448 0.581481 0.026562 0.024074
0 0.169792 0.603241 0.034375 0.025000
0 0.183073 0.569444 0.027604 0.022222
0 0.036979 0.600926 0.027083 0.018519
0 0.929167 0.583333 0.028125 0.024074
0 0.187500 0.224537 0.012500 0.050926
0 0.967708 0.584722 0.026042 0.023148
0 0.875781 0.509259 0.029687 0.018519
0 0.226562 0.531944 0.027083 0.021296
0 0.995052 0.584722 0.008854 0.025000
0 0.926562 0.542593 0.027083 0.024074
0 0.990625 0.513889 0.017708 0.020370
0 0.411719 0.650463 0.013021 0.052778
0 0.970833 0.547685 0.029167 0.023148
0 0.996875 0.548611 0.005208 0.019444
0 0.503385 0.559722 0.016146 0.058333
0 0.421354 0.977778 0.010417 0.044444
0 0.901042 0.743519 0.027083 0.018519
0 0.989062 0.706019 0.021875 0.021296
0 0.491406 0.270833 0.015104 0.054630
0 0.493750 0.153241 0.012500 0.052778
0 0.423698 0.793056 0.016146 0.056481
0 0.520312 0.078241 0.011458 0.050926
0 0.031510 0.438426 0.028646 0.025000
0 0.438542 0.919907 0.011458 0.052778
0 0.607812 0.972685 0.033333 0.049074
0 0.488021 0.454167 0.013542 0.054630
0 0.293750 0.709259 0.026042 0.022222
0 0.517708 0.302778 0.012500 0.051852
0 0.440365 0.518519 0.013021 0.057407
0 0.756510 0.398148 0.025521 0.022222
0 0.425000 0.330093 0.016667 0.063889
0 0.057031 0.102778 0.016146 0.059259
0 0.445573 0.373611 0.015104 0.050926
0 0.486979 0.771759 0.012500 0.050926
0 0.555208 0.831944 0.019792 0.041667
0 0.132812 0.246759 0.012500 0.041667
0 0.430208 0.059259 0.011458 0.050000
0 0.448177 0.059722 0.011979 0.050926
0 0.483594 0.900463 0.010937 0.037963
0 0.504427 0.970370 0.028646 0.055556
