0 0.184375 0.244444 0.013542 0.059259
0 0.105990 0.279630 0.013021 0.057407
0 0.475260 0.521296 0.013021 0.053704
0 0.882292 0.492130 0.025000 0.021296
0 0.095052 0.699537 0.027604 0.023148
0 0.734115 0.529630 0.024479 0.024074
0 0.076823 0.627315 0.027604 0.019444
0 0.742448 0.458796 0.027604 0.025000
0 0.725781 0.426852 0.027604 0.022222
0 0.788021 0.457407 0.027083 0.025926
0 0.767708 0.424074 0.026042 0.024074
0 0.733594 0.496296 0.028646 0.025926
0 0.788542 0.496296 0.027083 0.022222
0 0.830990 0.457407 0.026562 0.024074
0 0.836198 0.494444 0.031771 0.025926
0 0.812760 0.424537 0.026562 0.023148
0 0.872917 0.457870 0.025000 0.025000
0 0.262500 0.693519 0.026042 0.022222
0 0.917448 0.457870 0.028646 0.025000
0 0.869792 0.423148 0.027083 0.024074
0 0.213021 0.627778 0.027083 0.024074
0 0.222135 0.695833 0.032813 0.025000
0 0.254427 0.621296 0.028646 0.022222
0 0.257552 0.658796 0.027604 0.021296
0 0.171615 0.627778 0.026562 0.024074
0 0.215104 0.659722 0.028125 0.023148
0 0.975260 0.453241 0.029687 0.023148
0 0.772917 0.528704 0.028125 0.024074
0 0.906771 0.423148 0.021875 0.024074
0 0.925521 0.494907 0.028125 0.023148
0 0.173958 0.660648 0.031250 0.025000
0 0.186979 0.692130 0.023958 0.023148
0 0.948438 0.423148 0.026042 0.020370
0 0.128385 0.625463 0.026562 0.021296
0 0.129688 0.662500 0.029167 0.025000
0 0.141146 0.695833 0.027083 0.021296
0 0.030729 0.665741 0.027083 0.020370
0 0.073958 0.661574 0.029167 0.023148
0 0.813281 0.528704 0.026562 0.024074
0 0.974740 0.493519 0.025521 0.020370
0 0.847135 0.527315 0.025521 0.019444
0 0.734635 0.565741 0.030729 0.024074
0 0.264062 0.550000 0.026042 0.022222
0 0.033073 0.625000 0.027604 0.022222
0 0.253906 0.588426 0.025521 0.023148
0 0.780729 0.567593 0.029167 0.025926
0 0.001823 0.663426 0.003646 0.019444
0 0.040885 0.699074 0.031771 0.022222
0 0.892448 0.524537 0.024479 0.019444
0 0.002344 0.627778 0.004687 0.022222
0 0.222396 0.554167 0.027083 0.023148
0 0.930729 0.528704 0.028125 0.024074
0 0.214062 0.587963 0.026042 0.022222
0 0.005469 0.694444 0.009896 0.020370
0 0.174219 0.587500 0.025521 0.021296
0 0.975000 0.525926 0.027083 0.020370
0 0.829427 0.568056 0.026562 0.025000
0 0.463542 0.202778 0.011458 0.053704
0 0.041146 0.282870 0.013542 0.047222
0 0.467708 0.359259 0.012500 0.053704
0 0.129688 0.591204 0.033333 0.025000
0 0.867448 0.565741 0.033854 0.025926
0 0.476042 0.450463 0.018750 0.062037
0 0.090885 0.591204 0.026562 0.021296
0 0.904427 0.565278 0.029687 0.023148
0 0.177865 0.555093 0.024479 0.021296
0 0.045833 0.595370 0.029167 0.024074
0 0.941667 0.565741 0.030208 0.022222
0 0.134635 0.553704 0.027604 0.022222
0 0.464844 0.291204 0.014063 0.052778
0 0.975521 0.564815 0.023958 0.022222
0 0.461458 0.122685 0.012500 0.056481
0 0.009896 0.594444 0.017708 0.022222
0 0.462760 0.043056 0.013021 0.058333
0 0.426823 0.141667 0.013021 0.050000
0 0.083333 0.556019 0.030208 0.023148
0 0.496094 0.535648 0.011979 0.045370
0 0.042448 0.559259 0.027604 0.022222
0 0.503646 0.016204 0.010417 0.032407
0 0.517188 0.138426 0.013542 0.054630
0 0.443750 0.143056 0.011458 0.050926
0 0.497135 0.092593 0.015104 0.057407
0 0.127344 0.211574 0.015104 0.047222
0 0.443229 0.070833 0.011458 0.049074
0 0.838542 0.684722 0.028125 0.023148
0 0.483073 0.166667 0.014063 0.057407
0 0.241927 0.486111 0.029687 0.029630
0 0.427083 0.056481 0.011458 0.051852
0 0.511458 0.299074 0.014583 0.061111
0 0.582552 0.375000 0.030729 0.035185
0 0.494010 0.414352 0.011979 0.052778
0 0.326823 0.541204 0.026562 0.045370
0 0.008073 0.559722 0.015104 0.021296
0 0.707552 0.390741 0.023438 0.018519
0 0.498958 0.619444 0.016667 0.059259
0 0.587500 0.741667 0.027083 0.042593
0 0.519792 0.950000 0.014583 0.051852
0 0.987500 0.421759 0.021875 0.019444
0 0.950781 0.380556 0.027604 0.016667
0 0.471354 0.990741 0.018750 0.018519
