0 0.182812 0.240278 0.011458 0.050926
0 0.105469 0.273148 0.015104 0.055556
0 0.006250 0.146759 0.011458 0.041667
0 0.732552 0.571296 0.026562 0.024074
0 0.778125 0.665278 0.028125 0.025000
0 0.035156 0.129167 0.010937 0.045370
0 0.736198 0.461574 0.025521 0.023148
0 0.733333 0.430556 0.027083 0.022222
0 0.783594 0.425000 0.028646 0.024074
0 0.772656 0.462963 0.026562 0.024074
0 0.821354 0.427315 0.028125 0.023148
0 0.810677 0.461574 0.027604 0.023148
0 0.850521 0.462500 0.028125 0.025000
0 0.735417 0.496759 0.027083 0.021296
0 0.866146 0.425926 0.027083 0.022222
0 0.040365 0.276389 0.014063 0.041667
0 0.778646 0.497685 0.025000 0.023148
0 0.915885 0.428241 0.028646 0.023148
0 0.895573 0.463889 0.025521 0.024074
0 0.731250 0.531019 0.029167 0.023148
0 0.261458 0.654167 0.027083 0.017593
0 0.934375 0.461574 0.026042 0.023148
0 0.953125 0.431019 0.026042 0.023148
0 0.258333 0.618519 0.029167 0.022222
0 0.220833 0.653241 0.027083 0.021296
0 0.274740 0.687037 0.027604 0.020370
0 0.207292 0.618519 0.029167 0.022222
0 0.240365 0.686574 0.026562 0.021296
0 0.978646 0.461574 0.030208 0.025000
0 0.820833 0.497685 0.027083 0.025000
0 0.779167 0.531944 0.027083 0.023148
0 0.119531 0.653241 0.025521 0.023148
0 0.166406 0.656481 0.027604 0.022222
0 0.117188 0.618519 0.029167 0.022222
0 0.156771 0.619907 0.028125 0.021296
0 0.196094 0.692593 0.027604 0.024074
0 0.079948 0.617593 0.026562 0.020370
0 0.988281 0.429630 0.022396 0.022222
0 0.863281 0.498148 0.031771 0.024074
0 0.082292 0.652778 0.029167 0.024074
0 0.150260 0.688426 0.027604 0.021296
0 0.906250 0.498148 0.029167 0.024074
0 0.044792 0.618981 0.025000 0.023148
0 0.108333 0.688889 0.029167 0.022222
0 0.036198 0.656019 0.028646 0.025000
0 0.822396 0.531944 0.028125 0.021296
0 0.952344 0.497685 0.028646 0.023148
0 0.769792 0.569907 0.027083 0.023148
0 0.068750 0.688426 0.027083 0.021296
0 0.002344 0.653241 0.004687 0.023148
0 0.986198 0.498148 0.024479 0.020370
0 0.027604 0.688889 0.025000 0.022222
0 0.258333 0.584722 0.030208 0.021296
0 0.808854 0.568519 0.029167 0.025926
0 0.210938 0.582870 0.026042 0.021296
0 0.849479 0.567130 0.027083 0.021296
0 0.239063 0.547685 0.026042 0.021296
0 0.871875 0.532870 0.032292 0.023148
0 0.891927 0.571759 0.028646 0.023148
0 0.930469 0.569444 0.028646 0.025926
0 0.573958 0.575000 0.029167 0.038889
0 0.013542 0.618519 0.023958 0.020370
0 0.163802 0.583333 0.026562 0.020370
0 0.651823 0.623148 0.022396 0.024074
0 0.918490 0.535185 0.028646 0.022222
0 0.200000 0.549074 0.023958 0.020370
0 0.971615 0.531481 0.028646 0.024074
0 0.521094 0.483796 0.025521 0.047222
0 0.996875 0.530556 0.005208 0.020370
0 0.462240 0.104167 0.011979 0.049074
0 0.475781 0.366204 0.017188 0.062037
0 0.009896 0.264815 0.015625 0.050000
0 0.461719 0.229167 0.011979 0.054630
0 0.443229 0.067593 0.012500 0.053704
0 0.194531 0.313426 0.029687 0.037963
0 0.969531 0.571296 0.024479 0.022222
0 0.426563 0.152778 0.011458 0.050000
0 0.441927 0.144444 0.015104 0.053704
0 0.424219 0.080093 0.013021 0.050926
0 0.126302 0.205556 0.014063 0.046296
0 0.050000 0.125463 0.017708 0.054630
0 0.503646 0.035648 0.016667 0.058333
0 0.170052 0.459259 0.024479 0.022222
0 0.530729 0.310648 0.027083 0.045370
0 0.391146 0.786574 0.028125 0.047222
0 0.426042 0.013426 0.013542 0.026852
0 0.161979 0.550000 0.027083 0.022222
0 0.357812 0.736574 0.025000 0.026852
0 0.323958 0.483333 0.025000 0.037037
0 0.414844 0.626389 0.022396 0.058333
0 0.361979 0.564352 0.023958 0.039815
0 0.055729 0.424537 0.023958 0.021296
0 0.443490 0.008796 0.013021 0.017593
0 0.465365 0.953704 0.015104 0.053704
0 0.453906 0.827315 0.014063 0.056481
0 0.406510 0.120833 0.010937 0.043519
0 0.406771 0.012963 0.027083 0.025926
