0 0.752344 0.532870 0.028646 0.021296
0 0.917708 0.457870 0.026042 0.017593
0 0.875260 0.460185 0.030729 0.020370
0 0.189844 0.589352 0.030729 0.028704
0 0.050521 0.661574 0.032292 0.028704
0 0.832552 0.462037 0.027604 0.020370
0 0.093750 0.626852 0.037500 0.027778
0 0.138542 0.662037 0.037500 0.029630
0 0.231771 0.695370 0.029167 0.025926
0 0.147396 0.586111 0.029167 0.025926
0 0.749479 0.494907 0.027083 0.019444
0 0.792969 0.497222 0.024479 0.022222
0 0.061198 0.591667 0.039062 0.029630
0 0.106250 0.588889 0.032292 0.027778
0 0.261979 0.625000 0.034375 0.031481
0 0.747656 0.459259 0.027604 0.020370
0 0.230729 0.589815 0.035417 0.027778
0 0.790104 0.462037 0.023958 0.018519
0 0.912760 0.565278 0.027604 0.019444
0 0.222135 0.660185 0.034896 0.029630
0 0.095312 0.663426 0.030208 0.026852
0 0.189583 0.696759 0.035417 0.032407
0 0.872135 0.566667 0.026562 0.020370
0 0.275260 0.590741 0.034896 0.025926
0 0.842708 0.529167 0.025000 0.017593
0 0.927865 0.424537 0.027604 0.021296
0 0.801302 0.531481 0.026562 0.018519
0 0.748698 0.622685 0.024479 0.021296
0 0.133333 0.627778 0.034375 0.031481
0 0.902604 0.693981 0.030208 0.023148
0 0.747135 0.566667 0.026562 0.020370
0 0.269010 0.693519 0.032813 0.025926
0 0.988281 0.567593 0.021354 0.018519
0 0.783854 0.569444 0.026042 0.018519
0 0.976823 0.492593 0.026562 0.020370
0 0.226823 0.551389 0.032813 0.025000
0 0.263542 0.661111 0.036458 0.029630
0 0.177083 0.626389 0.037500 0.032407
0 0.054948 0.698148 0.035937 0.031481
0 0.883854 0.528704 0.027083 0.020370
0 0.270573 0.556481 0.035937 0.031481
0 0.959896 0.457870 0.027083 0.019444
0 0.182552 0.660648 0.036979 0.028704
0 0.879687 0.495833 0.027083 0.019444
0 0.040625 0.629167 0.033333 0.026852
0 0.920312 0.493519 0.026042 0.018519
0 0.216146 0.625463 0.039583 0.032407
0 0.192969 0.240741 0.013021 0.053704
0 0.454688 0.162500 0.010417 0.039815
0 0.826302 0.569444 0.026562 0.020370
0 0.955990 0.566667 0.028646 0.020370
0 0.865625 0.617593 0.026042 0.020370
0 0.435417 0.154630 0.011458 0.051852
0 0.114062 0.276852 0.015625 0.059259
0 0.181771 0.555093 0.033333 0.030556
0 0.827604 0.493981 0.023958 0.017593
0 0.015365 0.699074 0.030729 0.029630
2 0.976042 0.421296 0.045833 0.029630
0 0.453906 0.102315 0.010937 0.049074
0 0.575260 0.487037 0.027604 0.046296
0 0.436458 0.087963 0.011458 0.048148
2 0.863542 0.419907 0.085417 0.034259
0 0.019271 0.269907 0.020833 0.062037
0 0.006510 0.662963 0.013021 0.029630
0 0.745052 0.790741 0.017188 0.033333
0 0.342969 0.506944 0.028646 0.041667
0 0.453125 0.027778 0.011458 0.050000
0 0.353385 0.748611 0.031771 0.034259
0 0.440625 0.712037 0.015625 0.048148
0 0.457292 0.630556 0.019792 0.061111
0 0.523958 0.392593 0.020833 0.053704
0 0.222656 0.729167 0.033854 0.028704
0 0.465885 0.917130 0.016146 0.052778
0 0.481771 0.250463 0.009375 0.036111
0 0.991667 0.458333 0.014583 0.022222
0 0.473958 0.173148 0.010417 0.050000
0 0.475521 0.988426 0.014583 0.021296
