0 0.462760 0.835648 0.020313 0.054630
0 0.181771 0.242593 0.011458 0.051852
0 0.441927 0.372222 0.010937 0.040741
0 0.447396 0.941667 0.017708 0.055556
0 0.425260 0.391667 0.010937 0.051852
0 0.038542 0.283333 0.013542 0.040741
0 0.103385 0.278241 0.011979 0.049074
0 0.441927 0.206944 0.010937 0.054630
0 0.423438 0.232407 0.010417 0.048148
0 0.460417 0.070370 0.015625 0.057407
0 0.459896 0.139352 0.011458 0.047222
0 0.882292 0.486111 0.025000 0.022222
0 0.094271 0.699074 0.027083 0.020370
0 0.500000 0.046296 0.011458 0.055556
0 0.734896 0.525463 0.025000 0.021296
0 0.075000 0.628241 0.029167 0.021296
0 0.741927 0.453704 0.027604 0.024074
0 0.725781 0.421759 0.027604 0.023148
0 0.788281 0.451852 0.025521 0.022222
0 0.767969 0.418981 0.025521 0.023148
0 0.733594 0.490741 0.026562 0.024074
0 0.788542 0.490278 0.027083 0.019444
0 0.831250 0.450926 0.026042 0.022222
0 0.836719 0.488426 0.030729 0.025000
0 0.813802 0.418056 0.025521 0.021296
0 0.003646 0.154630 0.007292 0.035185
0 0.873437 0.450463 0.025000 0.021296
0 0.261979 0.692130 0.025000 0.021296
0 0.917969 0.450926 0.026562 0.024074
0 0.870573 0.416204 0.025521 0.021296
0 0.211719 0.626852 0.027604 0.024074
0 0.221875 0.695370 0.029167 0.024074
0 0.253906 0.622222 0.026562 0.022222
0 0.257292 0.658796 0.029167 0.023148
0 0.389583 0.268056 0.019792 0.050926
0 0.170052 0.627778 0.026562 0.022222
0 0.214323 0.658333 0.027604 0.022222
0 0.975781 0.447222 0.029687 0.022222
0 0.772917 0.524074 0.028125 0.022222
0 0.914323 0.416667 0.021354 0.022222
0 0.926042 0.488889 0.028125 0.022222
0 0.172135 0.660185 0.032813 0.024074
0 0.183073 0.692593 0.024479 0.020370
0 0.949740 0.416667 0.025521 0.020370
0 0.127344 0.624537 0.026562 0.023148
0 0.127865 0.661574 0.027604 0.025000
0 0.140365 0.695833 0.027604 0.021296
0 0.441406 0.059259 0.013021 0.053704
0 0.029687 0.666667 0.027083 0.022222
0 0.424479 0.087500 0.010417 0.049074
0 0.416927 0.877315 0.019271 0.062037
0 0.072656 0.663426 0.028646 0.021296
0 0.814063 0.524074 0.025000 0.020370
0 0.987760 0.415741 0.021354 0.018519
0 0.484115 0.112037 0.011979 0.046296
0 0.472656 0.252778 0.014063 0.048148
0 0.975000 0.486574 0.025000 0.021296
0 0.847917 0.521296 0.023958 0.018519
0 0.739844 0.560648 0.025521 0.021296
0 0.502865 0.246296 0.009896 0.048148
0 0.262500 0.549074 0.023958 0.018519
0 0.734375 0.785185 0.014583 0.031481
0 0.031250 0.625926 0.027083 0.022222
0 0.388802 0.789352 0.029687 0.050926
0 0.253385 0.587500 0.024479 0.023148
0 0.781510 0.562037 0.027604 0.022222
0 0.001302 0.665741 0.002604 0.018519
0 0.040104 0.699537 0.036458 0.023148
0 0.303125 0.726389 0.026042 0.021296
0 0.892969 0.518981 0.026562 0.017593
0 0.001563 0.628704 0.003125 0.020370
0 0.221354 0.553241 0.026042 0.021296
0 0.694010 0.388889 0.025521 0.024074
0 0.931771 0.522685 0.027083 0.021296
0 0.073177 0.428241 0.025521 0.030556
0 0.109635 0.495833 0.022396 0.058333
0 0.212240 0.587500 0.025521 0.023148
0 0.193490 0.734259 0.030729 0.024074
0 0.005208 0.697222 0.010417 0.020370
0 0.404167 0.162500 0.011458 0.052778
0 0.786719 0.381019 0.025521 0.021296
0 0.113281 0.738426 0.028646 0.023148
0 0.068750 0.561111 0.028125 0.022222
0 0.494531 0.840278 0.013021 0.054630
0 0.513542 0.787963 0.010417 0.055556
0 0.935937 0.374074 0.029167 0.020370
0 0.035156 0.591204 0.024479 0.021296
0 0.015625 0.738889 0.015625 0.020370
0 0.994531 0.594907 0.009896 0.026852
