0 0.181510 0.241204 0.013021 0.050926
0 0.102604 0.274537 0.016667 0.058333
0 0.884635 0.491667 0.025521 0.022222
0 0.092969 0.698611 0.026562 0.021296
0 0.735417 0.529167 0.026042 0.023148
0 0.073698 0.626852 0.027604 0.020370
0 0.744010 0.456944 0.028646 0.026852
0 0.727344 0.425000 0.029687 0.024074
0 0.790365 0.456481 0.028646 0.027778
0 0.769271 0.422222 0.028125 0.025926
0 0.734896 0.494907 0.029167 0.026852
0 0.789844 0.496296 0.031771 0.027778
0 0.833333 0.456481 0.028125 0.024074
0 0.837760 0.493981 0.038021 0.030556
0 0.814583 0.422222 0.027083 0.024074
0 0.003906 0.150926 0.007812 0.038889
0 0.875521 0.457407 0.028125 0.024074
0 0.260937 0.693056 0.026042 0.021296
0 0.919531 0.457407 0.035937 0.027778
0 0.871615 0.421759 0.028646 0.023148
0 0.211198 0.626389 0.026562 0.023148
0 0.220833 0.695833 0.027083 0.023148
0 0.253385 0.621759 0.026562 0.021296
0 0.255469 0.659259 0.026562 0.020370
0 0.169010 0.627778 0.027604 0.022222
0 0.213021 0.659259 0.026042 0.020370
0 0.977344 0.452778 0.034896 0.027778
0 0.775000 0.529630 0.032292 0.027778
0 0.908333 0.422222 0.022917 0.024074
0 0.927604 0.495370 0.031250 0.025926
0 0.169792 0.659722 0.033333 0.025000
0 0.184896 0.692593 0.022917 0.020370
0 0.951302 0.422685 0.029687 0.025000
0 0.125260 0.624074 0.025521 0.022222
0 0.126562 0.661574 0.027083 0.023148
0 0.139063 0.695833 0.027083 0.021296
0 0.027344 0.665278 0.025521 0.019444
0 0.071094 0.661111 0.029687 0.024074
0 0.814844 0.529167 0.029687 0.026852
0 0.977604 0.493056 0.028125 0.023148
0 0.849219 0.527315 0.025521 0.019444
0 0.735938 0.564815 0.030208 0.022222
0 0.261979 0.549074 0.023958 0.020370
0 0.030729 0.624537 0.026042 0.023148
0 0.252344 0.587500 0.025521 0.023148
0 0.782552 0.567130 0.029687 0.025000
0 0.036979 0.699074 0.034375 0.024074
0 0.894010 0.524537 0.025521 0.017593
0 0.001823 0.627315 0.003646 0.019444
0 0.220833 0.552778 0.023958 0.020370
0 0.933333 0.528241 0.031250 0.025000
0 0.211979 0.587037 0.023958 0.022222
0 0.004427 0.695833 0.007812 0.019444
0 0.171615 0.587037 0.024479 0.020370
0 0.977604 0.526852 0.030208 0.022222
0 0.827865 0.568519 0.030729 0.027778
0 0.892188 0.649074 0.033333 0.025926
0 0.127865 0.591204 0.028646 0.023148
0 0.870052 0.565278 0.029687 0.025000
0 0.088542 0.590741 0.026042 0.020370
0 0.906250 0.564815 0.034375 0.025926
0 0.175260 0.554167 0.023438 0.021296
0 0.042969 0.594907 0.029687 0.025000
0 0.944531 0.565741 0.033854 0.025926
0 0.132292 0.553241 0.026042 0.021296
0 0.978385 0.564352 0.025521 0.023148
0 0.792448 0.646296 0.027604 0.024074
0 0.007552 0.593981 0.014063 0.023148
0 0.702083 0.602778 0.026042 0.027778
0 0.426302 0.138889 0.015104 0.055556
0 0.080469 0.555093 0.027604 0.023148
0 0.538802 0.483333 0.026562 0.050000
0 0.038281 0.558796 0.028646 0.023148
0 0.442448 0.139815 0.013021 0.055556
0 0.442188 0.066667 0.010417 0.048148
0 0.426302 0.053704 0.013021 0.051852
0 0.006510 0.558796 0.011979 0.025000
0 0.957812 0.750926 0.026042 0.020370
0 0.008333 0.269444 0.015625 0.051852
0 0.509115 0.045370 0.011979 0.055556
0 0.734375 0.789815 0.016667 0.031481
0 0.096615 0.398148 0.024479 0.020370
0 0.236979 0.471759 0.027083 0.023148
0 0.602865 0.583796 0.030729 0.043519
0 0.337500 0.380093 0.028125 0.034259
0 0.358594 0.562500 0.023438 0.047222
0 0.318229 0.494907 0.028125 0.037963
0 0.403646 0.669444 0.020833 0.048148
0 0.376563 0.337037 0.026042 0.059259
0 0.485938 0.362037 0.014583 0.050000
0 0.405208 0.237037 0.011458 0.046296
0 0.108333 0.733796 0.030208 0.026852
0 0.463281 0.131944 0.015104 0.060185
0 0.458594 0.888889 0.017188 0.057407
