0 0.111458 0.260648 0.012500 0.054630
0 0.009375 0.135648 0.013542 0.041667
0 0.446094 0.621296 0.010937 0.055556
0 0.427344 0.749074 0.010937 0.050000
0 0.467187 0.124074 0.011458 0.053704
0 0.465104 0.054167 0.012500 0.043519
0 0.058073 0.112963 0.014063 0.055556
0 0.421615 0.651389 0.013021 0.058333
0 0.427865 0.332870 0.013021 0.052778
0 0.046875 0.262963 0.013542 0.042593
0 0.722917 0.431019 0.029167 0.021296
0 0.764323 0.434722 0.025521 0.021296
0 0.261458 0.644907 0.027083 0.021296
0 0.872656 0.470833 0.027604 0.021296
0 0.735417 0.466204 0.026042 0.021296
0 0.731510 0.531944 0.026562 0.021296
0 0.779948 0.468519 0.025521 0.022222
0 0.801562 0.435185 0.026042 0.022222
0 0.810677 0.537037 0.028646 0.020370
0 0.838542 0.432870 0.025000 0.019444
0 0.770052 0.534722 0.027604 0.021296
0 0.741146 0.499537 0.028125 0.019444
0 0.829688 0.469444 0.027083 0.020370
0 0.778906 0.501389 0.026562 0.021296
0 0.253646 0.609259 0.025000 0.022222
0 0.850521 0.537500 0.027083 0.019444
0 0.819271 0.503241 0.026042 0.019444
0 0.212760 0.610185 0.028646 0.024074
0 0.258594 0.679630 0.026562 0.020370
0 0.891406 0.537963 0.028646 0.018519
0 0.217708 0.642593 0.028125 0.020370
0 0.912760 0.472222 0.024479 0.018519
0 0.167187 0.611111 0.028125 0.022222
0 0.176823 0.641204 0.026562 0.023148
0 0.115625 0.606481 0.029167 0.022222
0 0.864323 0.503241 0.029687 0.023148
0 0.207552 0.676852 0.030729 0.024074
0 0.951042 0.471296 0.026042 0.018519
0 0.129427 0.645370 0.030729 0.025926
0 0.931250 0.537500 0.027083 0.021296
0 0.901823 0.504167 0.022396 0.019444
0 0.070052 0.609259 0.028646 0.024074
0 0.082031 0.638889 0.028646 0.018519
0 0.969792 0.540278 0.028125 0.021296
0 0.035937 0.640278 0.029167 0.021296
0 0.257292 0.539815 0.026042 0.024074
0 0.938802 0.505556 0.025521 0.020370
0 0.510677 0.751852 0.015104 0.025926
0 0.188802 0.230556 0.011979 0.051852
0 0.027344 0.605556 0.026562 0.022222
0 0.449740 0.041667 0.013021 0.055556
0 0.980469 0.506019 0.026562 0.017593
0 0.006510 0.639352 0.013021 0.023148
0 0.015365 0.252315 0.018229 0.060185
0 0.510156 0.069444 0.013021 0.053704
0 0.774479 0.573611 0.023958 0.019444
0 0.740625 0.573611 0.026042 0.021296
0 0.257292 0.574074 0.025000 0.020370
0 0.560677 0.358796 0.030729 0.043519
0 0.048958 0.428241 0.029167 0.025000
0 0.604948 0.391667 0.026562 0.024074
0 0.108333 0.444907 0.019792 0.037963
0 0.353385 0.336574 0.026562 0.043519
0 0.491406 0.402778 0.010937 0.055556
0 0.429427 0.494907 0.011979 0.049074
0 0.812240 0.572685 0.028646 0.021296
0 0.102865 0.526389 0.031771 0.030556
0 0.725260 0.395833 0.024479 0.019444
0 0.249219 0.715278 0.025521 0.023148
0 0.444792 0.437963 0.010417 0.044444
0 0.088542 0.181481 0.029167 0.022222
0 0.400260 0.233796 0.017188 0.056481
0 0.448177 0.234722 0.011979 0.058333
0 0.174219 0.575463 0.026562 0.023148
0 0.030990 0.535648 0.029687 0.023148
0 0.042708 0.118519 0.011458 0.050000
0 0.576302 0.806019 0.020313 0.037963
0 0.490625 0.810185 0.011458 0.055556
0 0.412760 0.147685 0.011979 0.041667
0 0.531250 0.896759 0.020833 0.050926
0 0.430208 0.127315 0.012500 0.050926
0 0.941927 0.581019 0.028646 0.019444
0 0.004687 0.257870 0.009375 0.049074
0 0.488281 0.973148 0.018229 0.053704
