1 0.92500000 0.08046875 0.10000000 0.03906250
1 0.73828125 0.02812500 0.06406250 0.03437500
1 0.89375000 0.03046875 0.08750000 0.03593750
1 0.56093750 0.20625000 0.09687500 0.04687500
1 0.75312500 0.08750000 0.09062500 0.04062500
1 0.05625000 0.27343750 0.08437500 0.04062500
1 0.36250000 0.15312500 0.08125000 0.03750000
1 0.43437500 0.03046875 0.07500000 0.03593750
1 0.76875000 0.45703125 0.09687500 0.03906250
1 0.31171875 0.48593750 0.09531250 0.03750000
1 0.55781250 0.41718750 0.08125000 0.03437500
1 0.10703125 0.34921875 0.08593750 0.03593750
1 0.24453125 0.40312500 0.08906250 0.03437500
1 0.48906250 0.08437500 0.09062500 0.03750000
1 0.22421875 0.08906250 0.08906250 0.04062500
1 0.20937500 0.20937500 0.07812500 0.03437500
1 0.82734375 0.26796875 0.09531250 0.03906250
1 0.61718750 0.02734375 0.09375000 0.03593750
1 0.24765625 0.26875000 0.08593750 0.03750000
1 0.61562500 0.08515625 0.07812500 0.03593750
1 0.65390625 0.26718750 0.09218750 0.03750000
1 0.90937500 0.40468750 0.10937500 0.03750000
1 0.20000000 0.15156250 0.09687500 0.03750000
1 0.41562500 0.27578125 0.07812500 0.03593750
1 0.36406250 0.08671875 0.08437500 0.03906250
1 0.50859375 0.14765625 0.10468750 0.04218750
1 0.30156250 0.03125000 0.08750000 0.03750000
1 0.41796875 0.41015625 0.07656250 0.03281250
1 0.52500000 0.27109375 0.09375000 0.03593750
1 0.17578125 0.03515625 0.09531250 0.03906250
1 0.68906250 0.38359375 0.07812500 0.03593750
1 0.78515625 0.15078125 0.09531250 0.03906250
1 0.64609375 0.14375000 0.08906250 0.04062500
1 0.93671875 0.27031250 0.09218750 0.03750000
