1 0.40859375 0.92265625 0.10156250 0.03906250
1 0.95625000 0.18593750 0.05312500 0.05312500
1 0.73437500 0.78515625 0.10312500 0.04218750
1 0.91640625 0.98046875 0.10468750 0.03906250
1 0.84375000 0.37968750 0.04687500 0.09687500
1 0.32890625 0.28984375 0.09843750 0.04218750
1 0.48359375 0.28593750 0.03593750 0.02500000
1 0.06171875 0.39531250 0.10468750 0.05625000
1 0.90390625 0.86093750 0.08593750 0.04062500
1 0.79687500 0.37656250 0.05312500 0.10000000
1 0.45312500 0.79531250 0.09687500 0.04062500
1 0.65390625 0.97812500 0.09843750 0.04375000
1 0.15859375 0.89921875 0.10468750 0.04218750
1 0.30468750 0.40859375 0.08125000 0.03906250
1 0.31796875 0.79453125 0.10781250 0.03906250
1 0.18906250 0.41484375 0.10937500 0.04531250
1 0.80390625 0.92109375 0.10156250 0.04843750
1 0.61171875 0.29218750 0.05468750 0.03437500
1 0.18515625 0.79921875 0.10156250 0.04531250
1 0.33359375 0.98203125 0.10156250 0.03593750
1 0.16953125 0.66875000 0.11718750 0.05312500
1 0.02968750 0.98359375 0.05937500 0.03281250
1 0.90468750 0.38437500 0.04375000 0.09687500
1 0.95781250 0.37890625 0.06875000 0.10156250
1 0.58046875 0.79218750 0.10156250 0.04062500
1 0.45000000 0.41562500 0.11562500 0.04687500
1 0.10156250 0.24140625 0.07812500 0.08281250
1 0.76406250 0.72421875 0.12500000 0.04218750
1 0.58281250 0.40703125 0.09062500 0.03906250
1 0.63125000 0.61015625 0.10625000 0.04531250
