2 0.24531250 0.80625000 0.02812500 0.02500000
2 0.97656250 0.62109375 0.02500000 0.01718750
2 0.01953125 0.87031250 0.03281250 0.04375000
2 0.20859375 0.66953125 0.04531250 0.02968750
2 0.98125000 0.63203125 0.03750000 0.03906250
2 0.02500000 0.60312500 0.03437500 0.02187500
2 0.49375000 0.62187500 0.01562500 0.01875000
2 0.53828125 0.60546875 0.02031250 0.01406250
2 0.75625000 0.68046875 0.01562500 0.01406250
2 0.01640625 0.60468750 0.01718750 0.01875000
2 0.93359375 0.40625000 0.03906250 0.01250000
2 0.08125000 0.95468750 0.03125000 0.02812500
2 0.76250000 0.67734375 0.02500000 0.02031250
2 0.22656250 0.67968750 0.02187500 0.02187500
2 0.94218750 0.97343750 0.01875000 0.02187500
2 0.17890625 0.58828125 0.01718750 0.02343750
2 0.79687500 0.56406250 0.03437500 0.01875000
2 0.22343750 0.65703125 0.02500000 0.01718750
2 0.28203125 0.59453125 0.02968750 0.01406250
2 0.33359375 0.89453125 0.01093750 0.01718750
2 0.33984375 0.88750000 0.02343750 0.03125000
2 0.21718750 0.65703125 0.03750000 0.01718750
2 0.13671875 0.67109375 0.02343750 0.02968750
2 0.18437500 0.58359375 0.03125000 0.02031250
2 0.35937500 0.68203125 0.02187500 0.02968750
2 0.17109375 0.60937500 0.02343750 0.02187500
2 0.17500000 0.60859375 0.03125000 0.02343750
2 0.48593750 0.62187500 0.02187500 0.01875000
2 0.76171875 0.36328125 0.03281250 0.02031250
2 0.54062500 0.60468750 0.02500000 0.01562500
2 0.79687500 0.56250000 0.03437500 0.01562500
2 0.11015625 0.59218750 0.02656250 0.02187500
2 0.48125000 0.62187500 0.01250000 0.01562500
2 0.35234375 0.66171875 0.02343750 0.02343750
2 0.20781250 0.65546875 0.01875000 0.01406250
2 0.48203125 0.62968750 0.01718750 0.02187500
2 0.11250000 0.59218750 0.03125000 0.02187500
2 0.94453125 0.98671875 0.11093750 0.02656250
2 0.99375000 0.74375000 0.01250000 0.01250000
2 0.26875000 0.76015625 0.03750000 0.03281250
2 0.95546875 0.88515625 0.01718750 0.01718750
2 0.79921875 0.56250000 0.02968750 0.01562500
2 0.35625000 0.68359375 0.01875000 0.02656250
2 0.15937500 0.80937500 0.02500000 0.03125000
2 0.46171875 0.56406250 0.02656250 0.01562500
2 0.14921875 0.80781250 0.04531250 0.03437500
2 0.18125000 0.59765625 0.03750000 0.04531250
2 0.35468750 0.68593750 0.01562500 0.02187500
2 0.51484375 0.57890625 0.02343750 0.01718750
2 0.13515625 0.79921875 0.01718750 0.01718750
2 0.48750000 0.62656250 0.02812500 0.02812500
2 0.18515625 0.58828125 0.02968750 0.02656250
2 0.97578125 0.42109375 0.04218750 0.02968750
2 0.48515625 0.62734375 0.02343750 0.02343750
2 0.17500000 0.60625000 0.03437500 0.02812500
2 0.82578125 0.96953125 0.02031250 0.02031250
2 0.48828125 0.62265625 0.02343750 0.02031250
2 0.08828125 0.81796875 0.02031250 0.01718750
2 0.58281250 0.62812500 0.01875000 0.01875000
2 0.01484375 0.87187500 0.02968750 0.04062500
2 0.03437500 0.60312500 0.02187500 0.02187500
2 0.48046875 0.62343750 0.01093750 0.01562500
2 0.48046875 0.65156250 0.01406250 0.02187500
2 0.48125000 0.65234375 0.01562500 0.02031250
2 0.20703125 0.65703125 0.01718750 0.01718750
2 0.13828125 0.66796875 0.02343750 0.02968750
2 0.06171875 0.83046875 0.04531250 0.04218750
2 0.95546875 0.40781250 0.07968750 0.01562500
2 0.99609375 0.99218750 0.00781250 0.01562500
2 0.58750000 0.62734375 0.02812500 0.02343750
2 0.99296875 0.64296875 0.01406250 0.01718750
2 0.02890625 0.85625000 0.01406250 0.01250000
2 0.70390625 0.65390625 0.02343750 0.01718750
2 0.58750000 0.62968750 0.02812500 0.01875000
2 0.46640625 0.56093750 0.03593750 0.02187500
2 0.76953125 0.91562500 0.01718750 0.02812500
2 0.62500000 0.71953125 0.02812500 0.01406250
2 0.76875000 0.91796875 0.01562500 0.02343750
2 0.99296875 0.01328125 0.01406250 0.02031250
2 0.48671875 0.65078125 0.02656250 0.02343750
2 0.76953125 0.96640625 0.01406250 0.02343750
2 0.02890625 0.60312500 0.02656250 0.02187500
2 0.55390625 0.60156250 0.02343750 0.01875000
2 0.98750000 0.40703125 0.01875000 0.01093750
2 0.15703125 0.80312500 0.02031250 0.01875000
2 0.70937500 0.65234375 0.03437500 0.02031250
2 0.04765625 0.61171875 0.02968750 0.03281250
2 0.51953125 0.57421875 0.03593750 0.02656250
2 0.16328125 0.81640625 0.01718750 0.01718750
2 0.77031250 0.90859375 0.02187500 0.04218750
2 0.47421875 0.55859375 0.02656250 0.02343750
1 0.94843750 0.14843750 0.09687500 0.04062500
1 0.67812500 0.08906250 0.08437500 0.03750000
1 0.29218750 0.57578125 0.08125000 0.05468750
1 0.96328125 0.42031250 0.07343750 0.03437500
1 0.11171875 0.42656250 0.08906250 0.03750000
1 0.47031250 0.36484375 0.09062500 0.03593750
1 0.01640625 0.23828125 0.03281250 0.04531250
1 0.96484375 0.36953125 0.07031250 0.02968750
1 0.10156250 0.48671875 0.08750000 0.03593750
1 0.13125000 0.15625000 0.08125000 0.03437500
1 0.34765625 0.47421875 0.07968750 0.03593750
1 0.99296875 0.01093750 0.01406250 0.02187500
1 0.48203125 0.04140625 0.09843750 0.03593750
1 0.69218750 0.19453125 0.08750000 0.03593750
1 0.45390625 0.18437500 0.08593750 0.04062500
1 0.95546875 0.07500000 0.08906250 0.04062500
1 0.56093750 0.42500000 0.10000000 0.04062500
1 0.67265625 0.48593750 0.08281250 0.05000000
1 0.69296875 0.36328125 0.09531250 0.03593750
1 0.59453125 0.14375000 0.08906250 0.03437500
1 0.71250000 0.03125000 0.08437500 0.03437500
1 0.16875000 0.37031250 0.08437500 0.04375000
0 0.11406250 0.03046875 0.22812500 0.06093750
0 0.89062500 0.19921875 0.07187500 0.02968750
