0 0.67265625 0.45625000 0.24531250 0.05937500
0 0.35625000 0.43515625 0.25937500 0.08281250
0 0.34453125 0.45156250 0.23593750 0.05000000
2 0.82265625 0.53828125 0.03281250 0.02343750
2 0.23750000 0.57265625 0.02500000 0.02031250
1 0.69921875 0.32656250 0.10468750 0.05312500
1 0.68125000 0.21484375 0.02812500 0.03281250
1 0.33828125 0.33046875 0.09531250 0.03906250
1 0.39921875 0.38125000 0.07656250 0.04375000
1 0.92890625 0.39375000 0.08906250 0.03750000
1 0.66328125 0.27890625 0.09218750 0.03593750
1 0.54296875 0.20625000 0.08593750 0.03750000
1 0.02421875 0.37343750 0.04843750 0.04062500
1 0.56718750 0.56562500 0.10000000 0.04062500
1 0.64687500 0.51406250 0.09375000 0.03437500
1 0.08750000 0.04921875 0.09687500 0.03906250
1 0.11640625 0.31953125 0.08593750 0.04531250
1 0.65625000 0.21484375 0.07812500 0.03281250
1 0.17578125 0.37890625 0.09531250 0.04218750
1 0.74140625 0.39375000 0.09843750 0.03750000
1 0.77109375 0.21718750 0.08906250 0.03750000
1 0.98046875 0.45781250 0.03906250 0.03750000
1 0.50859375 0.27343750 0.09531250 0.03750000
1 0.95000000 0.33515625 0.09062500 0.03593750
1 0.76953125 0.50859375 0.08593750 0.03906250
1 0.77109375 0.27343750 0.07968750 0.04062500
