1 0.42656250 0.80078125 0.09687500 0.04218750
1 0.59453125 0.41796875 0.08593750 0.03593750
1 0.96796875 0.20156250 0.05156250 0.05312500
1 0.87968750 0.79843750 0.10937500 0.04375000
1 0.85390625 0.39296875 0.04843750 0.09531250
1 0.04921875 0.74375000 0.09531250 0.03750000
1 0.29375000 0.42890625 0.10000000 0.06093750
1 0.07265625 0.40078125 0.10468750 0.05468750
1 0.95234375 0.61875000 0.09531250 0.04375000
1 0.47578125 0.73359375 0.09531250 0.03906250
1 0.30859375 0.41562500 0.07031250 0.03437500
1 0.36328125 0.67656250 0.07343750 0.04375000
1 0.11406250 0.24609375 0.07812500 0.08281250
1 0.31328125 0.74375000 0.10156250 0.03750000
1 0.18125000 0.73593750 0.10000000 0.03750000
1 0.62265625 0.30546875 0.05781250 0.03593750
1 0.69062500 0.62031250 0.09687500 0.04062500
1 0.06562500 0.44531250 0.10312500 0.03750000
1 0.91406250 0.40078125 0.04687500 0.09843750
1 0.01796875 0.80546875 0.03593750 0.03906250
1 0.50312500 0.68437500 0.09375000 0.04375000
1 0.96796875 0.39843750 0.06406250 0.10625000
1 0.75312500 0.73671875 0.09375000 0.03906250
1 0.60468750 0.73750000 0.10312500 0.04062500
1 0.64687500 0.80000000 0.10625000 0.04062500
1 0.47421875 0.68515625 0.03593750 0.04218750
1 0.46171875 0.42578125 0.11718750 0.04531250
1 0.80156250 0.39140625 0.05312500 0.10468750
1 0.19609375 0.42187500 0.10468750 0.04375000
1 0.17734375 0.79843750 0.07968750 0.03750000
1 0.34062500 0.29921875 0.09687500 0.04531250
0 0.03125000 0.62578125 0.06250000 0.05468750
0 0.06562500 0.44609375 0.10625000 0.03906250
0 0.16562500 0.61796875 0.23125000 0.06718750
0 0.16640625 0.68046875 0.26718750 0.05781250
0 0.01796875 0.67968750 0.03593750 0.04687500
0 0.03046875 0.65078125 0.06093750 0.10468750
0 0.22968750 0.60546875 0.35937500 0.09218750
0 0.52031250 0.68593750 0.06250000 0.04062500
0 0.20390625 0.64843750 0.40781250 0.12187500
0 0.97890625 0.61953125 0.04218750 0.03906250
