1 0.45234375 0.83906250 0.09531250 0.03750000
1 0.85546875 0.65937500 0.08906250 0.04062500
1 0.54296875 0.72031250 0.08906250 0.03750000
1 0.92656250 0.95625000 0.09375000 0.03750000
1 0.88125000 0.71562500 0.09687500 0.04375000
1 0.02890625 0.71953125 0.05781250 0.03593750
1 0.34687500 0.71796875 0.09062500 0.03906250
1 0.02109375 0.78125000 0.04218750 0.03437500
1 0.71250000 0.95625000 0.09687500 0.03750000
1 0.06171875 0.59687500 0.02656250 0.02187500
1 0.33984375 0.95937500 0.09531250 0.03750000
1 0.46093750 0.96171875 0.08437500 0.03906250
1 0.58515625 0.95703125 0.09531250 0.03906250
1 0.19453125 0.95625000 0.08281250 0.03750000
1 0.14921875 0.78203125 0.07968750 0.03906250
1 0.74453125 0.77578125 0.08593750 0.03906250
1 0.17500000 0.71796875 0.09375000 0.03906250
1 0.82500000 0.95703125 0.10000000 0.04218750
1 0.46953125 0.77343750 0.08281250 0.03750000
1 0.45156250 0.89609375 0.09062500 0.03906250
1 0.69453125 0.71171875 0.09843750 0.03906250
1 0.98671875 0.77187500 0.02656250 0.03750000
