0 0.47500000 0.67812500 0.21875000 0.05312500
2 0.38515625 0.89453125 0.00781250 0.01093750
2 0.24843750 0.03125000 0.02812500 0.02812500
2 0.56953125 0.58046875 0.01093750 0.01718750
2 0.24140625 0.55000000 0.01718750 0.02187500
2 0.41406250 0.60859375 0.03125000 0.02343750
2 0.73281250 0.57421875 0.02812500 0.02343750
2 0.00546875 0.39296875 0.01093750 0.00781250
2 0.85546875 0.13671875 0.02031250 0.03906250
2 0.48125000 0.07265625 0.01250000 0.02343750
2 0.20859375 0.54531250 0.02343750 0.03125000
2 0.22031250 0.39609375 0.01875000 0.01718750
2 0.15937500 0.51328125 0.04062500 0.02343750
2 0.15312500 0.45859375 0.01875000 0.02031250
2 0.25468750 0.43437500 0.01562500 0.01875000
2 0.57578125 0.56875000 0.02343750 0.03750000
2 0.48125000 0.58359375 0.01562500 0.01718750
2 0.82578125 0.13593750 0.02031250 0.02187500
2 0.40390625 0.53359375 0.04218750 0.02031250
2 0.45703125 0.43515625 0.03593750 0.02343750
2 0.06562500 0.53906250 0.02812500 0.02187500
2 0.19687500 0.39218750 0.00937500 0.01250000
2 0.91328125 0.59843750 0.02656250 0.02187500
2 0.40937500 0.60703125 0.02187500 0.01718750
2 0.05546875 0.40546875 0.01093750 0.01093750
2 0.07656250 0.40000000 0.01250000 0.01250000
2 0.39296875 0.53125000 0.01718750 0.01562500
2 0.91796875 0.59453125 0.01718750 0.01406250
2 0.57421875 0.57968750 0.02031250 0.01875000
2 0.24296875 0.55468750 0.02031250 0.03125000
2 0.28437500 0.41796875 0.02812500 0.01718750
2 0.25703125 0.42656250 0.02031250 0.01875000
2 0.19609375 0.53046875 0.02031250 0.01718750
2 0.48046875 0.59687500 0.01718750 0.04375000
2 0.99453125 0.39062500 0.01093750 0.02500000
2 0.25625000 0.43046875 0.01875000 0.02656250
2 0.84062500 0.04843750 0.01875000 0.02500000
2 0.44687500 0.43515625 0.01562500 0.02343750
2 0.64453125 0.52500000 0.01406250 0.02187500
2 0.28281250 0.51015625 0.03125000 0.02031250
2 0.53750000 0.41015625 0.02187500 0.01718750
2 0.57968750 0.55781250 0.01562500 0.01562500
2 0.86796875 0.57343750 0.03906250 0.02187500
2 0.53359375 0.39453125 0.02343750 0.02656250
2 0.35625000 0.17500000 0.01875000 0.03125000
2 0.27734375 0.50937500 0.02031250 0.01562500
2 0.95625000 0.46562500 0.03125000 0.03125000
2 0.10703125 0.48828125 0.01406250 0.01718750
2 0.08359375 0.38125000 0.01093750 0.01250000
2 0.99687500 0.65156250 0.00625000 0.02812500
2 0.86484375 0.41953125 0.02031250 0.02968750
2 0.59375000 0.44687500 0.01250000 0.03125000
2 0.07187500 0.53593750 0.02500000 0.01562500
2 0.83671875 0.04062500 0.02343750 0.03437500
2 0.96875000 0.44140625 0.01562500 0.02031250
2 0.52578125 0.52656250 0.02343750 0.02187500
2 0.27890625 0.41796875 0.02031250 0.01718750
2 0.48046875 0.60703125 0.01718750 0.02343750
2 0.58671875 0.61328125 0.02031250 0.02031250
2 0.82187500 0.38203125 0.00937500 0.01093750
2 0.50078125 0.38671875 0.01406250 0.02343750
2 0.61484375 0.56250000 0.02031250 0.02500000
2 0.53671875 0.40156250 0.02343750 0.03437500
2 0.20546875 0.54375000 0.02656250 0.03750000
2 0.38750000 0.04375000 0.02187500 0.02187500
1 0.59062500 0.20546875 0.03750000 0.08906250
1 0.12890625 0.63984375 0.09531250 0.04843750
1 0.71875000 0.77265625 0.09062500 0.03906250
1 0.88125000 0.86171875 0.08750000 0.04218750
1 0.07968750 0.76796875 0.08750000 0.03593750
1 0.30000000 0.75234375 0.09687500 0.04531250
1 0.53046875 0.23750000 0.03906250 0.09062500
1 0.54843750 0.77265625 0.09062500 0.03593750
1 0.91406250 0.78203125 0.09062500 0.03593750
1 0.55625000 0.88515625 0.10312500 0.04218750
1 0.10937500 0.84531250 0.09062500 0.03750000
1 0.47812500 0.11875000 0.04062500 0.11250000
1 0.48281250 0.25312500 0.03437500 0.08125000
1 0.73828125 0.72031250 0.07968750 0.03750000
1 0.21562500 0.80000000 0.09062500 0.03750000
1 0.01328125 0.98125000 0.02656250 0.03750000
1 0.48437500 0.02109375 0.03750000 0.04218750
1 0.96484375 0.71953125 0.07031250 0.03593750
1 0.71562500 0.84218750 0.10312500 0.03750000
1 0.37421875 0.85703125 0.09531250 0.03593750
1 0.58281250 0.00546875 0.03125000 0.01093750
1 0.53437500 0.11015625 0.03750000 0.09218750
1 0.53515625 0.01171875 0.03281250 0.02343750
1 0.39531250 0.41718750 0.06250000 0.08437500
