1 0.92656250 0.09453125 0.09687500 0.03593750
1 0.54140625 0.27265625 0.08281250 0.03593750
1 0.42343750 0.27265625 0.09687500 0.04218750
1 0.20468750 0.09453125 0.08125000 0.03593750
1 0.54453125 0.09375000 0.09531250 0.03750000
1 0.96093750 0.04140625 0.07812500 0.03906250
1 0.78281250 0.27656250 0.09687500 0.04375000
1 0.79375000 0.09453125 0.08125000 0.03906250
1 0.90625000 0.21171875 0.10000000 0.03906250
1 0.20078125 0.15312500 0.08906250 0.03437500
1 0.32968750 0.15546875 0.08750000 0.03593750
1 0.18906250 0.21093750 0.09375000 0.03750000
1 0.67890625 0.09765625 0.09531250 0.03906250
1 0.19375000 0.04140625 0.09062500 0.03906250
1 0.99140625 0.21171875 0.01718750 0.03593750
1 0.85312500 0.04218750 0.08750000 0.03437500
1 0.33203125 0.21250000 0.08906250 0.03750000
1 0.66875000 0.28046875 0.10000000 0.03906250
1 0.19296875 0.27812500 0.08593750 0.03750000
1 0.42500000 0.09531250 0.08750000 0.04062500
1 0.45781250 0.21328125 0.08750000 0.04218750
1 0.83671875 0.40859375 0.09531250 0.03906250
1 0.73984375 0.03750000 0.09843750 0.03750000
1 0.74765625 0.21796875 0.09843750 0.03593750
1 0.31328125 0.09687500 0.08593750 0.03750000
1 0.97500000 0.27109375 0.05000000 0.03593750
1 0.84843750 0.15546875 0.10312500 0.03593750
1 0.95703125 0.15546875 0.08593750 0.03593750
1 0.89531250 0.27734375 0.09062500 0.03906250
1 0.30390625 0.27578125 0.08281250 0.03281250
1 0.58125000 0.15546875 0.10937500 0.03593750
1 0.45390625 0.15390625 0.09218750 0.03593750
1 0.33125000 0.03281250 0.09062500 0.03750000
1 0.60781250 0.21406250 0.10625000 0.03750000
1 0.59296875 0.03203125 0.08906250 0.03906250
1 0.71015625 0.15468750 0.09218750 0.03750000
1 0.45703125 0.03593750 0.08906250 0.04375000
1 0.24531250 0.44062500 0.08437500 0.04062500
