1 0.59921875 0.08515625 0.03906250 0.09843750
1 0.05078125 0.43437500 0.10156250 0.05000000
1 0.53828125 0.00703125 0.03593750 0.01406250
1 0.53906250 0.23593750 0.04375000 0.10000000
1 0.13437500 0.73828125 0.10312500 0.04843750
1 0.33203125 0.62187500 0.08906250 0.06875000
1 0.18359375 0.22187500 0.05781250 0.09687500
1 0.91171875 0.72734375 0.08906250 0.08906250
1 0.20546875 0.89765625 0.10156250 0.04218750
1 0.65703125 0.06250000 0.03906250 0.09687500
1 0.37890625 0.80234375 0.09531250 0.06718750
1 0.07968750 0.90234375 0.09687500 0.03906250
1 0.15000000 0.36718750 0.09062500 0.09062500
1 0.18750000 0.66015625 0.09062500 0.04531250
1 0.79375000 0.59765625 0.06562500 0.09531250
1 0.59296875 0.22968750 0.03906250 0.09687500
1 0.20546875 0.10234375 0.03906250 0.09843750
1 0.07109375 0.96093750 0.10156250 0.04062500
1 0.97187500 0.16875000 0.04062500 0.10312500
1 0.19296875 0.01250000 0.05156250 0.02500000
1 0.47265625 0.51640625 0.05156250 0.09218750
1 0.57812500 0.93437500 0.07812500 0.09062500
1 0.53984375 0.10781250 0.03906250 0.10625000
1 0.65390625 0.20468750 0.04218750 0.10937500
1 0.19843750 0.95625000 0.10000000 0.04062500
2 0.39218750 0.62890625 0.01875000 0.02031250
2 0.41250000 0.45781250 0.02500000 0.03125000
2 0.92109375 0.61484375 0.02031250 0.02031250
2 0.33359375 0.42968750 0.01718750 0.02187500
2 0.30156250 0.55078125 0.02500000 0.01718750
2 0.17734375 0.26796875 0.02031250 0.01093750
2 0.08906250 0.52968750 0.01250000 0.01562500
2 0.72031250 0.84062500 0.03437500 0.04375000
2 0.33984375 0.84296875 0.01406250 0.01406250
2 0.31015625 0.55937500 0.04218750 0.03437500
2 0.20234375 0.41718750 0.02031250 0.02812500
2 0.20703125 0.42109375 0.02968750 0.03281250
2 0.29140625 0.56718750 0.02343750 0.02187500
2 0.60468750 0.46328125 0.03125000 0.03281250
2 0.60468750 0.45625000 0.03125000 0.01562500
2 0.72343750 0.82656250 0.02187500 0.01562500
2 0.41406250 0.46640625 0.02187500 0.01718750
2 0.20078125 0.41484375 0.01718750 0.02343750
