2 0.87812500 0.27890625 0.03437500 0.02343750
2 0.44843750 0.51093750 0.02500000 0.02187500
2 0.88593750 0.27656250 0.01875000 0.01875000
2 0.60625000 0.54921875 0.03750000 0.04843750
2 0.44453125 0.51953125 0.02968750 0.03281250
2 0.76875000 0.31250000 0.01562500 0.02187500
2 0.42343750 0.57578125 0.02187500 0.02656250
2 0.41328125 0.52890625 0.04218750 0.05156250
2 0.42578125 0.53203125 0.02031250 0.02656250
2 0.23359375 0.45156250 0.02968750 0.02500000
2 0.28203125 0.41953125 0.01406250 0.01718750
2 0.43125000 0.56953125 0.03750000 0.03593750
2 0.51171875 0.55703125 0.02968750 0.03593750
2 0.28203125 0.37890625 0.01406250 0.02343750
2 0.37734375 0.51718750 0.04218750 0.07500000
2 0.28515625 0.46484375 0.02343750 0.02656250
2 0.37812500 0.49453125 0.04062500 0.03593750
2 0.41718750 0.37890625 0.01875000 0.03281250
2 0.47968750 0.50703125 0.02812500 0.01718750
2 0.37187500 0.56875000 0.01875000 0.03437500
2 0.31015625 0.35625000 0.02968750 0.03437500
2 0.36953125 0.53671875 0.02031250 0.03593750
2 0.40390625 0.54218750 0.02968750 0.02812500
2 0.82812500 0.27187500 0.01250000 0.01562500
2 0.70312500 0.36171875 0.01562500 0.02031250
2 0.59062500 0.43984375 0.01875000 0.02343750
2 0.31562500 0.35234375 0.01875000 0.02656250
2 0.34453125 0.52187500 0.02968750 0.02500000
2 0.38515625 0.50234375 0.02968750 0.02343750
2 0.41562500 0.51796875 0.02812500 0.03281250
2 0.43828125 0.55625000 0.03906250 0.04375000
2 0.58359375 0.56171875 0.02031250 0.03593750
2 0.41562500 0.38593750 0.02187500 0.04375000
2 0.30703125 0.56171875 0.04843750 0.02656250
2 0.80625000 0.28515625 0.01562500 0.02031250
2 0.61015625 0.43125000 0.02968750 0.03750000
2 0.99531250 0.43828125 0.00937500 0.01406250
2 0.36484375 0.51484375 0.07031250 0.07031250
2 0.33046875 0.05546875 0.02031250 0.05781250
0 0.89531250 0.66718750 0.10000000 0.04375000
0 0.55546875 0.66718750 0.26093750 0.06250000
1 0.84453125 0.41093750 0.11406250 0.04687500
1 0.86015625 0.66640625 0.02968750 0.04218750
1 0.96093750 0.39921875 0.05312500 0.03906250
1 0.78203125 0.78593750 0.10156250 0.04062500
1 0.94296875 0.77890625 0.10468750 0.03906250
1 0.02187500 0.50859375 0.04375000 0.10156250
1 0.97187500 0.71953125 0.05625000 0.03906250
1 0.64453125 0.78906250 0.10468750 0.04062500
1 0.18125000 0.78359375 0.08750000 0.08281250
1 0.32343750 0.22031250 0.04375000 0.09062500
1 0.43906250 0.73359375 0.09687500 0.03906250
1 0.17812500 0.52968750 0.08750000 0.09687500
1 0.75468750 0.66406250 0.06875000 0.03750000
1 0.21562500 0.16406250 0.04375000 0.10312500
1 0.45859375 0.38828125 0.10781250 0.05156250
1 0.10468750 0.35781250 0.05937500 0.10000000
1 0.86484375 0.71562500 0.09531250 0.04062500
1 0.47890625 0.87656250 0.09531250 0.04687500
1 0.51250000 0.79218750 0.09687500 0.04062500
1 0.57265625 0.72343750 0.09843750 0.03750000
1 0.62578125 0.89375000 0.09218750 0.04062500
1 0.49609375 0.23593750 0.07968750 0.08125000
1 0.58046875 0.40859375 0.10468750 0.04218750
1 0.70312500 0.72890625 0.10312500 0.03906250
1 0.72343750 0.28359375 0.09687500 0.04218750
1 0.99609375 0.65781250 0.00781250 0.03125000
