2 0.07109375 0.56171875 0.03281250 0.02031250
2 0.30234375 0.59453125 0.03281250 0.01718750
2 0.20312500 0.61796875 0.02812500 0.01406250
2 0.12421875 0.60156250 0.02343750 0.01875000
2 0.17812500 0.58281250 0.02187500 0.01875000
2 0.03906250 0.83203125 0.01562500 0.01406250
2 0.12343750 0.60078125 0.02187500 0.01718750
2 0.13125000 0.60234375 0.03437500 0.02031250
2 0.09296875 0.61484375 0.01718750 0.01718750
1 0.43906250 0.88906250 0.08750000 0.03750000
1 0.61250000 0.76718750 0.07812500 0.03750000
1 0.92187500 0.60000000 0.05000000 0.02187500
1 0.78906250 0.88750000 0.09375000 0.03750000
1 0.48671875 0.76562500 0.09218750 0.03750000
1 0.92421875 0.94765625 0.09531250 0.03906250
1 0.92187500 0.76015625 0.10000000 0.03906250
1 0.36015625 0.83359375 0.08281250 0.03593750
1 0.43046875 0.71015625 0.07343750 0.03593750
1 0.30000000 0.71406250 0.08750000 0.03750000
1 0.02890625 0.65937500 0.05781250 0.04062500
1 0.91953125 0.88203125 0.08906250 0.04218750
1 0.31718750 0.88906250 0.08750000 0.04062500
1 0.91953125 0.82890625 0.08593750 0.03906250
1 0.67812500 0.88359375 0.09062500 0.04531250
1 0.98203125 0.57578125 0.03593750 0.02031250
1 0.15937500 0.65625000 0.09062500 0.03750000
1 0.19921875 0.83281250 0.09531250 0.03750000
1 0.82421875 0.94765625 0.10468750 0.04531250
1 0.17421875 0.71718750 0.09531250 0.03750000
1 0.75000000 0.76875000 0.09062500 0.03750000
1 0.33984375 0.95390625 0.09531250 0.03906250
1 0.22265625 0.77109375 0.08906250 0.03906250
1 0.07343750 0.61093750 0.05625000 0.02500000
1 0.64375000 0.82578125 0.08750000 0.03906250
1 0.35312500 0.65078125 0.09375000 0.03906250
1 0.96015625 0.70781250 0.07968750 0.03437500
1 0.71093750 0.94921875 0.09687500 0.03906250
1 0.48515625 0.95625000 0.08593750 0.03750000
1 0.50625000 0.82890625 0.10312500 0.04218750
1 0.60156250 0.95000000 0.09687500 0.04062500
1 0.60546875 0.70859375 0.09218750 0.03593750
1 0.77500000 0.83125000 0.09687500 0.03750000
1 0.20234375 0.89218750 0.08281250 0.03750000
1 0.84140625 0.71015625 0.08906250 0.03906250
1 0.73281250 0.70781250 0.05937500 0.03437500
1 0.36250000 0.76875000 0.08437500 0.03750000
1 0.20468750 0.95312500 0.10000000 0.03750000
