2 0.66250000 0.96640625 0.02812500 0.02343750
2 0.43203125 0.61406250 0.01406250 0.02500000
2 0.82734375 0.57656250 0.02656250 0.01875000
2 0.19765625 0.57187500 0.03281250 0.01875000
2 0.68359375 0.60859375 0.02031250 0.02031250
2 0.96953125 0.63281250 0.01718750 0.01562500
2 0.95859375 0.79531250 0.02031250 0.03125000
2 0.82734375 0.59375000 0.02656250 0.05312500
2 0.97421875 0.63046875 0.05156250 0.02343750
2 0.46875000 0.60078125 0.01250000 0.02343750
2 0.82031250 0.57656250 0.01562500 0.01875000
2 0.45234375 0.60234375 0.04531250 0.02968750
2 0.44531250 0.60312500 0.01875000 0.02187500
2 0.92734375 0.67421875 0.02343750 0.02343750
2 0.95625000 0.79062500 0.01875000 0.02187500
2 0.93671875 0.65859375 0.02656250 0.02343750
2 0.78906250 0.59531250 0.02500000 0.02187500
2 0.95468750 0.20625000 0.02187500 0.01562500
2 0.92656250 0.67343750 0.02500000 0.02500000
2 0.93281250 0.66640625 0.03750000 0.03906250
2 0.95234375 0.78906250 0.01093750 0.01875000
2 0.94921875 0.20546875 0.01406250 0.01406250
2 0.96250000 0.64921875 0.02187500 0.01718750
2 0.51093750 0.57734375 0.02187500 0.01406250
2 0.45078125 0.59609375 0.01406250 0.02031250
2 0.51953125 0.57734375 0.01406250 0.01406250
2 0.46328125 0.60000000 0.02343750 0.02500000
2 0.99140625 0.59140625 0.01718750 0.02656250
2 0.43984375 0.60546875 0.02656250 0.02656250
2 0.52500000 0.57578125 0.02187500 0.01718750
2 0.96250000 0.63125000 0.02812500 0.01875000
2 0.28750000 0.58046875 0.01562500 0.01718750
2 0.90703125 0.50468750 0.01718750 0.01562500
2 0.51562500 0.57656250 0.03125000 0.01875000
2 0.90703125 0.49531250 0.02031250 0.03125000
2 0.50703125 0.65781250 0.01093750 0.01250000
2 0.66640625 0.64296875 0.01093750 0.01718750
2 0.23750000 0.60078125 0.02812500 0.01718750
2 0.96796875 0.58437500 0.02343750 0.03437500
2 0.96250000 0.80078125 0.01562500 0.02343750
2 0.96796875 0.59375000 0.02343750 0.02187500
2 0.98750000 0.62812500 0.02500000 0.01875000
2 0.93046875 0.67656250 0.03281250 0.02812500
2 0.80156250 0.64296875 0.01875000 0.01718750
2 0.97812500 0.98671875 0.03437500 0.02656250
2 0.66328125 0.60859375 0.02031250 0.01406250
2 0.67343750 0.60937500 0.03750000 0.02187500
2 0.97812500 0.18125000 0.01562500 0.01875000
2 0.82734375 0.61406250 0.01718750 0.01250000
2 0.34843750 0.68359375 0.01875000 0.01093750
2 0.83203125 0.57734375 0.01718750 0.01718750
2 0.93281250 0.78203125 0.01562500 0.01406250
1 0.63359375 0.29218750 0.08906250 0.04062500
1 0.04375000 0.35468750 0.08750000 0.03750000
1 0.81562500 0.01171875 0.09062500 0.02343750
1 0.50234375 0.41562500 0.09218750 0.03750000
1 0.36328125 0.41093750 0.08906250 0.04062500
1 0.01015625 0.41250000 0.02031250 0.03750000
1 0.49375000 0.29296875 0.08750000 0.03906250
1 0.13984375 0.35390625 0.08281250 0.03593750
1 0.01406250 0.47421875 0.02812500 0.03906250
1 0.71406250 0.52968750 0.10000000 0.04062500
1 0.81875000 0.46953125 0.09062500 0.03906250
1 0.79062500 0.41484375 0.09687500 0.04218750
1 0.09062500 0.47109375 0.08750000 0.03593750
1 0.35625000 0.35312500 0.09375000 0.04062500
1 0.32812500 0.47421875 0.09375000 0.03593750
1 0.77656250 0.35625000 0.09375000 0.03750000
1 0.66328125 0.41250000 0.09218750 0.03437500
1 0.21171875 0.47031250 0.08906250 0.03750000
1 0.62421875 0.35468750 0.09531250 0.03750000
1 0.60312500 0.23750000 0.08437500 0.03750000
1 0.24531250 0.35078125 0.09375000 0.03593750
1 0.11406250 0.41640625 0.09687500 0.03906250
1 0.71718750 0.23281250 0.09687500 0.04062500
1 0.59062500 0.47812500 0.09375000 0.03750000
1 0.47421875 0.35468750 0.09843750 0.04062500
1 0.45312500 0.47187500 0.09062500 0.03437500
1 0.72187500 0.46718750 0.09062500 0.04062500
1 0.77734375 0.29843750 0.09531250 0.03437500
1 0.25000000 0.41093750 0.10000000 0.03750000
1 0.25625000 0.52968750 0.10000000 0.04062500
