1 0.95390625 0.05234375 0.09218750 0.03906250
1 0.55000000 0.29453125 0.10000000 0.03593750
1 0.62734375 0.17109375 0.10468750 0.03906250
1 0.75859375 0.17656250 0.09218750 0.04375000
1 0.52734375 0.49687500 0.09218750 0.03750000
1 0.00703125 0.29062500 0.01406250 0.03437500
1 0.36093750 0.22265625 0.08437500 0.03593750
1 0.88437500 0.29531250 0.10312500 0.04062500
1 0.65625000 0.29140625 0.09375000 0.03593750
1 0.56171875 0.05703125 0.09531250 0.03906250
1 0.35546875 0.16562500 0.07343750 0.03750000
1 0.80625000 0.42890625 0.09375000 0.03593750
1 0.97734375 0.29531250 0.04531250 0.04062500
1 0.33359375 0.36796875 0.08593750 0.04218750
1 0.82656250 0.05390625 0.09375000 0.03593750
1 0.88281250 0.17812500 0.06562500 0.04375000
1 0.36796875 0.28515625 0.09531250 0.03906250
1 0.58593750 0.43984375 0.09062500 0.04531250
1 0.13671875 0.36171875 0.09843750 0.03906250
1 0.34531250 0.10468750 0.08437500 0.04062500
1 0.22734375 0.10703125 0.09218750 0.04218750
1 0.85390625 0.49843750 0.09531250 0.03750000
1 0.50078125 0.16406250 0.09531250 0.04375000
1 0.81250000 0.23281250 0.09062500 0.04062500
1 0.22812500 0.16250000 0.09687500 0.03750000
1 0.14531250 0.29453125 0.08437500 0.03593750
1 0.02734375 0.49375000 0.05468750 0.03437500
1 0.87187500 0.11875000 0.08750000 0.04375000
1 0.99218750 0.43515625 0.01562500 0.03593750
1 0.92890625 0.00625000 0.09218750 0.01250000
1 0.46562500 0.10781250 0.09375000 0.03750000
1 0.96562500 0.11796875 0.06875000 0.05468750
1 0.98125000 0.37265625 0.03750000 0.04218750
1 0.55546875 0.00312500 0.08593750 0.00625000
1 0.42734375 0.05546875 0.07343750 0.03593750
1 0.55390625 0.37812500 0.09218750 0.03750000
1 0.60781250 0.11328125 0.09062500 0.03906250
1 0.76875000 0.29375000 0.08750000 0.03750000
1 0.68593750 0.05390625 0.09687500 0.03906250
1 0.17109375 0.41640625 0.09218750 0.03593750
1 0.75156250 0.11171875 0.10312500 0.03906250
1 0.26406250 0.47265625 0.08750000 0.03906250
1 0.78671875 0.38046875 0.08906250 0.03593750
0 0.92812500 0.00625000 0.09375000 0.01250000
0 0.79062500 0.85468750 0.41875000 0.25312500
0 0.55625000 0.00312500 0.08437500 0.00625000
0 0.96250000 0.18984375 0.07500000 0.20156250
0 0.04687500 0.23359375 0.09375000 0.06406250
0 0.26718750 0.04531250 0.24687500 0.05625000
0 0.77968750 0.78515625 0.38125000 0.11718750
0 0.24921875 0.00234375 0.07656250 0.00468750
0 0.98125000 0.37109375 0.03750000 0.03906250
