0 0.26093750 0.05234375 0.25000000 0.07343750
1 0.10156250 0.55937500 0.09062500 0.04375000
1 0.95312500 0.05312500 0.09375000 0.03750000
1 0.82578125 0.05390625 0.09218750 0.03593750
1 0.45156250 0.29062500 0.09687500 0.03750000
1 0.75156250 0.17500000 0.09687500 0.04062500
1 0.19218750 0.21640625 0.08750000 0.03593750
1 0.30546875 0.22031250 0.08593750 0.03437500
1 0.53125000 0.22890625 0.08437500 0.03281250
1 0.91250000 0.23515625 0.10000000 0.03906250
1 0.62500000 0.17343750 0.10312500 0.04062500
1 0.54765625 0.05625000 0.09843750 0.04062500
1 0.22109375 0.10703125 0.08906250 0.04218750
1 0.03750000 0.50625000 0.05312500 0.04062500
1 0.78906250 0.29687500 0.09687500 0.03750000
1 0.34218750 0.16562500 0.07812500 0.03750000
1 0.99375000 0.23828125 0.01250000 0.03281250
1 0.33046875 0.28671875 0.08593750 0.04218750
1 0.97265625 0.18046875 0.05468750 0.03593750
1 0.56406250 0.29062500 0.09375000 0.03750000
1 0.67578125 0.29453125 0.09218750 0.03906250
1 0.34296875 0.10625000 0.08593750 0.04375000
1 0.93984375 0.11953125 0.04843750 0.05156250
1 0.41796875 0.22890625 0.08281250 0.03593750
1 0.95781250 0.00625000 0.08437500 0.01250000
1 0.22578125 0.16250000 0.09531250 0.03750000
1 0.21328125 0.28203125 0.09843750 0.03906250
1 0.86640625 0.17578125 0.08906250 0.03906250
1 0.90390625 0.29921875 0.08593750 0.03593750
1 0.98750000 0.30000000 0.02500000 0.04062500
1 0.75000000 0.11406250 0.10000000 0.04062500
1 0.65156250 0.23203125 0.08437500 0.03906250
1 0.46406250 0.10781250 0.09375000 0.03750000
1 0.96328125 0.11953125 0.07343750 0.05156250
1 0.49921875 0.16484375 0.09531250 0.03906250
1 0.42500000 0.05468750 0.07500000 0.03750000
1 0.60546875 0.11484375 0.08906250 0.04218750
1 0.68359375 0.05468750 0.09843750 0.03750000
1 0.87031250 0.11718750 0.08750000 0.04062500
1 0.12343750 0.55625000 0.04687500 0.03750000
1 0.78125000 0.22968750 0.08750000 0.04062500
