1 0.93515625 0.09453125 0.09843750 0.03593750
1 0.54609375 0.27265625 0.08281250 0.03281250
1 0.42656250 0.27265625 0.09687500 0.04218750
1 0.20859375 0.09609375 0.07968750 0.03593750
1 0.55000000 0.09375000 0.09375000 0.03750000
1 0.96328125 0.04218750 0.07343750 0.03750000
1 0.78984375 0.27734375 0.09843750 0.04531250
1 0.58750000 0.15546875 0.10937500 0.03593750
1 0.84062500 0.46250000 0.09687500 0.05000000
1 0.80078125 0.09531250 0.07968750 0.04062500
1 0.91328125 0.21171875 0.09843750 0.03906250
1 0.19375000 0.21250000 0.09375000 0.03750000
1 0.85703125 0.04218750 0.08906250 0.03437500
1 0.33671875 0.21406250 0.09218750 0.03750000
1 0.67421875 0.28125000 0.09843750 0.03750000
1 0.19765625 0.28046875 0.08593750 0.03593750
1 0.31718750 0.09765625 0.08437500 0.03593750
1 0.46484375 0.21406250 0.08906250 0.04062500
1 0.45937500 0.15546875 0.09375000 0.03593750
1 0.20625000 0.15312500 0.08750000 0.03437500
1 0.33359375 0.15625000 0.08593750 0.03437500
1 0.75390625 0.21953125 0.09843750 0.03593750
1 0.99453125 0.21171875 0.01093750 0.03281250
1 0.05312500 0.55000000 0.08437500 0.04062500
1 0.97890625 0.27031250 0.04218750 0.03437500
1 0.85468750 0.15625000 0.10312500 0.03750000
1 0.42578125 0.09531250 0.07656250 0.04062500
1 0.96015625 0.15546875 0.07968750 0.03906250
1 0.90312500 0.27968750 0.07812500 0.03750000
1 0.35000000 0.03359375 0.09375000 0.03906250
1 0.19843750 0.04296875 0.09375000 0.03906250
1 0.61484375 0.21484375 0.10781250 0.03906250
1 0.68437500 0.09765625 0.09375000 0.03906250
1 0.62031250 0.53203125 0.09062500 0.03593750
1 0.59609375 0.03203125 0.08593750 0.03906250
1 0.31171875 0.27812500 0.07656250 0.03750000
1 0.71640625 0.15546875 0.09218750 0.03906250
1 0.74609375 0.03750000 0.09843750 0.03750000
1 0.46015625 0.03593750 0.09218750 0.04375000
