2 0.16484375 0.97734375 0.03593750 0.03281250
2 0.26328125 0.74453125 0.03906250 0.03593750
2 0.73046875 0.58046875 0.05781250 0.05781250
2 0.15234375 0.58359375 0.03281250 0.02343750
2 0.11796875 0.62500000 0.03281250 0.01875000
2 0.23046875 0.63046875 0.01718750 0.02656250
2 0.25546875 0.74453125 0.02343750 0.03593750
2 0.12265625 0.77265625 0.01406250 0.01406250
2 0.33203125 0.75625000 0.02968750 0.02812500
2 0.13515625 0.78203125 0.03906250 0.03281250
2 0.23203125 0.58593750 0.01718750 0.02500000
2 0.10781250 0.66875000 0.01562500 0.01562500
2 0.12734375 0.57812500 0.08281250 0.03437500
2 0.13593750 0.64453125 0.04375000 0.02656250
2 0.07500000 0.78671875 0.02187500 0.02343750
2 0.22500000 0.67343750 0.02500000 0.02500000
2 0.11953125 0.60859375 0.03906250 0.02343750
2 0.12812500 0.64609375 0.03125000 0.02343750
2 0.01093750 0.27109375 0.02187500 0.27968750
2 0.26328125 0.65625000 0.02343750 0.02187500
2 0.27421875 0.75078125 0.02031250 0.02656250
2 0.10468750 0.57187500 0.03750000 0.02187500
2 0.26875000 0.57500000 0.01562500 0.02187500
2 0.14531250 0.78281250 0.02187500 0.03125000
2 0.53203125 0.68125000 0.02031250 0.01562500
2 0.15000000 0.64140625 0.01875000 0.02031250
2 0.25546875 0.73750000 0.02031250 0.02187500
1 0.33828125 0.59765625 0.08593750 0.07968750
1 0.50625000 0.18750000 0.09375000 0.04062500
1 0.98828125 0.35468750 0.02343750 0.03437500
1 0.78984375 0.36328125 0.08593750 0.03593750
1 0.31875000 0.40390625 0.07500000 0.04531250
1 0.36093750 0.09062500 0.08750000 0.03750000
1 0.65546875 0.05703125 0.08593750 0.04218750
1 0.01796875 0.45703125 0.03593750 0.03593750
1 0.65703125 0.46796875 0.09218750 0.03593750
1 0.04843750 0.51562500 0.08437500 0.03750000
1 0.49453125 0.01953125 0.08906250 0.03593750
1 0.15625000 0.14687500 0.08750000 0.04062500
1 0.17578125 0.46093750 0.08593750 0.03750000
1 0.57578125 0.35468750 0.09218750 0.03750000
1 0.16406250 0.08359375 0.09062500 0.03906250
1 0.15546875 0.22812500 0.08593750 0.03750000
1 0.06718750 0.27812500 0.08437500 0.03437500
1 0.00312500 0.13593750 0.00625000 0.01875000
1 0.24843750 0.01875000 0.08750000 0.03750000
1 0.43281250 0.46718750 0.09062500 0.03750000
1 0.44531250 0.75000000 0.05937500 0.08437500
1 0.47109375 0.12734375 0.09218750 0.03906250
1 0.50312500 0.08203125 0.08750000 0.03593750
1 0.25546875 0.34843750 0.08281250 0.03750000
1 0.98828125 0.36250000 0.02343750 0.05000000
1 0.64843750 0.40703125 0.09375000 0.03593750
