1 0.93359375 0.76406250 0.10156250 0.04062500
1 0.54609375 0.89062500 0.08281250 0.03125000
1 0.71875000 0.71093750 0.05937500 0.03437500
1 0.62343750 0.76875000 0.08437500 0.03437500
1 0.17968750 0.71953125 0.09687500 0.03593750
1 0.78359375 0.83437500 0.09218750 0.03750000
1 0.93515625 0.95312500 0.09531250 0.03750000
1 0.36953125 0.83671875 0.08593750 0.03593750
1 0.20703125 0.89453125 0.08281250 0.03593750
1 0.68359375 0.88750000 0.08593750 0.03750000
1 0.30625000 0.71562500 0.08437500 0.03750000
1 0.05859375 0.62031250 0.03281250 0.01875000
1 0.34609375 0.95781250 0.09531250 0.03750000
1 0.93125000 0.83203125 0.08750000 0.03906250
1 0.48437500 0.95937500 0.08750000 0.03750000
1 0.20937500 0.95546875 0.10000000 0.03593750
1 0.32109375 0.89296875 0.09218750 0.04218750
1 0.13984375 0.59687500 0.03281250 0.02187500
1 0.83203125 0.95390625 0.10156250 0.04218750
1 0.49531250 0.76875000 0.09062500 0.03750000
1 0.93281250 0.88593750 0.09062500 0.04062500
1 0.22890625 0.77265625 0.08906250 0.03906250
1 0.20468750 0.83593750 0.09687500 0.03750000
1 0.44453125 0.71250000 0.08593750 0.03750000
1 0.96484375 0.71171875 0.07031250 0.03593750
1 0.79843750 0.89296875 0.09375000 0.03593750
1 0.65234375 0.82968750 0.08593750 0.04062500
1 0.44609375 0.89296875 0.08593750 0.03593750
1 0.51484375 0.83203125 0.10468750 0.04218750
1 0.02734375 0.59687500 0.03906250 0.02187500
1 0.61250000 0.71093750 0.09375000 0.03750000
1 0.71953125 0.95468750 0.09531250 0.03750000
1 0.85234375 0.71250000 0.09218750 0.03750000
1 0.76015625 0.77187500 0.08906250 0.03750000
1 0.60937500 0.95468750 0.09687500 0.04062500
1 0.36875000 0.77031250 0.08437500 0.03750000
