1 0.90781250 0.02109375 0.08437500 0.03593750
1 0.86250000 0.19843750 0.10000000 0.04062500
1 0.53984375 0.09062500 0.10781250 0.04062500
1 0.46328125 0.02890625 0.09843750 0.03906250
1 0.04218750 0.04531250 0.08437500 0.03750000
1 0.97656250 0.08125000 0.04687500 0.03750000
1 0.45625000 0.22031250 0.10312500 0.04062500
1 0.30156250 0.04140625 0.10000000 0.03906250
1 0.17109375 0.03593750 0.09843750 0.03750000
1 0.98593750 0.02343750 0.02812500 0.04062500
1 0.24375000 0.10078125 0.10312500 0.03906250
1 0.38046875 0.09843750 0.10156250 0.04062500
1 0.11250000 0.10468750 0.10000000 0.04062500
1 0.70859375 0.57187500 0.09218750 0.04062500
1 0.59453125 0.03046875 0.10468750 0.03906250
1 0.68906250 0.09062500 0.10625000 0.04375000
1 0.73984375 0.02734375 0.09218750 0.03593750
1 0.82343750 0.08437500 0.10000000 0.04062500
