2 0.98359375 0.32031250 0.03281250 0.03437500
2 0.62578125 0.57421875 0.02968750 0.01718750
2 0.66093750 0.92187500 0.02812500 0.03437500
2 0.80234375 0.67187500 0.02031250 0.01875000
2 0.42343750 0.58984375 0.01875000 0.01406250
2 0.88281250 0.15078125 0.04375000 0.03281250
2 0.93515625 0.77734375 0.01718750 0.01718750
2 0.93203125 0.47109375 0.01718750 0.01718750
2 0.84765625 0.49921875 0.01406250 0.01406250
2 0.09843750 0.58203125 0.04375000 0.02031250
2 0.76171875 0.52187500 0.02343750 0.02812500
2 0.76328125 0.08515625 0.02343750 0.01718750
2 0.93515625 0.48359375 0.02031250 0.02656250
2 0.95937500 0.01796875 0.02500000 0.03593750
2 0.89531250 0.14765625 0.02500000 0.03593750
2 0.98750000 0.32421875 0.01875000 0.02343750
2 0.84765625 0.50000000 0.01406250 0.01562500
2 0.95859375 0.78671875 0.02343750 0.02968750
2 0.87187500 0.61484375 0.02187500 0.02968750
2 0.96875000 0.48281250 0.01562500 0.03437500
2 0.54921875 0.99375000 0.02968750 0.01250000
2 0.90156250 0.35156250 0.01875000 0.03125000
2 0.08984375 0.58203125 0.02968750 0.01718750
2 0.43437500 0.55390625 0.02187500 0.01406250
2 0.61328125 0.57734375 0.02031250 0.01406250
2 0.43515625 0.55390625 0.02343750 0.01406250
2 0.88046875 0.57578125 0.05781250 0.02343750
2 0.93828125 0.65078125 0.02656250 0.02343750
2 0.01562500 0.60625000 0.02500000 0.01875000
2 0.85156250 0.49765625 0.02187500 0.02031250
2 0.76718750 0.05234375 0.02187500 0.02968750
2 0.95937500 0.01406250 0.02500000 0.02812500
2 0.78593750 0.47968750 0.02187500 0.01562500
2 0.93750000 0.65234375 0.02500000 0.02031250
2 0.66640625 0.62812500 0.01406250 0.01562500
2 0.10781250 0.58125000 0.01875000 0.01875000
2 0.99531250 0.54218750 0.00937500 0.02500000
2 0.45937500 0.84296875 0.02500000 0.02656250
2 0.87109375 0.15000000 0.02656250 0.03125000
2 0.95468750 0.01875000 0.01250000 0.03750000
2 0.16406250 0.43125000 0.01562500 0.01250000
2 0.70625000 0.93750000 0.03125000 0.04375000
2 0.96093750 0.79140625 0.01875000 0.02031250
2 0.86093750 0.58046875 0.02500000 0.01718750
2 0.15625000 0.60312500 0.14062500 0.03437500
2 0.44375000 0.55000000 0.01875000 0.01562500
2 0.43046875 0.58828125 0.03281250 0.02031250
2 0.18593750 0.62109375 0.03125000 0.02343750
2 0.61718750 0.61953125 0.02500000 0.01718750
2 0.90468750 0.69609375 0.01562500 0.01406250
2 0.93359375 0.47890625 0.02031250 0.03281250
2 0.00625000 0.60859375 0.01250000 0.02031250
2 0.77265625 0.07421875 0.04218750 0.07343750
2 0.21328125 0.40078125 0.02031250 0.01718750
2 0.37578125 0.63828125 0.02656250 0.04843750
2 0.90390625 0.34140625 0.01406250 0.01406250
2 0.88984375 0.86171875 0.03906250 0.16093750
2 0.85156250 0.49843750 0.02187500 0.02500000
2 0.44843750 0.54687500 0.01875000 0.01562500
2 0.95546875 0.78046875 0.01718750 0.01718750
2 0.50937500 0.64687500 0.01250000 0.00937500
2 0.99140625 0.32578125 0.01718750 0.02343750
2 0.11406250 0.58281250 0.01875000 0.02187500
2 0.07734375 0.83359375 0.07031250 0.19218750
2 0.09687500 0.07265625 0.01875000 0.02656250
2 0.97578125 0.98203125 0.03281250 0.03593750
2 0.16015625 0.89531250 0.15156250 0.12500000
2 0.85468750 0.50234375 0.01562500 0.02031250
2 0.78125000 0.62187500 0.02812500 0.01875000
2 0.75937500 0.08515625 0.01875000 0.01406250
2 0.99296875 0.32578125 0.01406250 0.02343750
2 0.89687500 0.57578125 0.02500000 0.02343750
2 0.86250000 0.57890625 0.02500000 0.01718750
2 0.88984375 0.85546875 0.02656250 0.14531250
2 0.75234375 0.52421875 0.03281250 0.02968750
2 0.97656250 0.31250000 0.01875000 0.01875000
2 0.86484375 0.57968750 0.02656250 0.01875000
2 0.66015625 0.95468750 0.02343750 0.02500000
2 0.62734375 0.57343750 0.03593750 0.01875000
2 0.77734375 0.09218750 0.02343750 0.02187500
2 0.82343750 0.83203125 0.02500000 0.02031250
2 0.77109375 0.09140625 0.03593750 0.02656250
2 0.86718750 0.57812500 0.03125000 0.01875000
2 0.77187500 0.05234375 0.03125000 0.02968750
2 0.31562500 0.63203125 0.02500000 0.02031250
2 0.90234375 0.35156250 0.02031250 0.03125000
2 0.85546875 0.49609375 0.01406250 0.02031250
2 0.66562500 0.96953125 0.03437500 0.05156250
2 0.43828125 0.55234375 0.02656250 0.01718750
2 0.63671875 0.98437500 0.03593750 0.03125000
2 0.77031250 0.04687500 0.02500000 0.01875000
2 0.39687500 0.97343750 0.04687500 0.05312500
2 0.87500000 0.61484375 0.02500000 0.02968750
2 0.57109375 0.64218750 0.03281250 0.01562500
1 0.77578125 0.28671875 0.08281250 0.05156250
1 0.11484375 0.39609375 0.09218750 0.03906250
1 0.10781250 0.22343750 0.10000000 0.03750000
1 0.13906250 0.06640625 0.09687500 0.04531250
1 0.39453125 0.40625000 0.10156250 0.03750000
1 0.78359375 0.46328125 0.09843750 0.04531250
1 0.02343750 0.39218750 0.04687500 0.04062500
1 0.77500000 0.22812500 0.08750000 0.03750000
1 0.52968750 0.39843750 0.08750000 0.04062500
1 0.78906250 0.40546875 0.08750000 0.03593750
1 0.25234375 0.39531250 0.09843750 0.03750000
1 0.35078125 0.33750000 0.09843750 0.04375000
1 0.08359375 0.33906250 0.08906250 0.03750000
1 0.76171875 0.34375000 0.08593750 0.03437500
1 0.63906250 0.34453125 0.10312500 0.03906250
1 0.34531250 0.13671875 0.06562500 0.09531250
1 0.62578125 0.46015625 0.10468750 0.03906250
1 0.65468750 0.39921875 0.09062500 0.03906250
1 0.50234375 0.34765625 0.09218750 0.03593750
1 0.21328125 0.34609375 0.09531250 0.03593750
1 0.21328125 0.52968750 0.09218750 0.03750000
0 0.20859375 0.95937500 0.18906250 0.08125000
0 0.27343750 0.21718750 0.08125000 0.03437500
0 0.12890625 0.46328125 0.25781250 0.05156250
0 0.25781250 0.46484375 0.51562500 0.05781250
0 0.27578125 0.95859375 0.07656250 0.08281250
0 0.38828125 0.46640625 0.25468750 0.05468750
0 0.17812500 0.96406250 0.12500000 0.07187500
