1 0.26406250 0.78828125 0.10000000 0.04531250
1 0.54375000 0.39140625 0.08750000 0.03906250
1 0.91015625 0.16640625 0.04843750 0.05468750
1 0.02187500 0.61406250 0.04375000 0.03750000
1 0.28750000 0.28281250 0.09687500 0.04062500
1 0.32734375 0.65781250 0.09218750 0.04375000
1 0.73203125 0.70000000 0.11093750 0.06562500
1 0.44296875 0.27578125 0.03593750 0.02343750
1 0.27500000 0.41484375 0.10312500 0.05781250
1 0.03984375 0.38984375 0.07968750 0.05156250
1 0.59609375 0.71015625 0.11093750 0.04531250
1 0.04921875 0.73281250 0.09843750 0.04062500
1 0.26250000 0.40078125 0.07500000 0.02968750
1 0.14843750 0.40859375 0.10312500 0.04218750
1 0.19375000 0.66718750 0.10312500 0.04062500
1 0.80078125 0.36250000 0.04843750 0.09687500
1 0.56796875 0.27812500 0.05781250 0.03125000
1 0.17031250 0.72421875 0.10312500 0.04218750
1 0.04843750 0.67187500 0.09687500 0.05000000
1 0.45937500 0.51718750 0.05000000 0.03437500
1 0.86171875 0.36484375 0.04843750 0.09531250
1 0.08750000 0.99375000 0.06562500 0.01250000
1 0.49296875 0.65703125 0.10156250 0.03906250
1 0.95937500 0.35625000 0.05625000 0.10625000
1 0.46406250 0.71562500 0.11875000 0.05312500
1 0.41171875 0.40625000 0.11718750 0.05000000
1 0.30390625 0.72343750 0.10781250 0.04375000
1 0.06015625 0.23750000 0.07968750 0.07812500
1 0.75156250 0.36250000 0.05000000 0.10000000
