0 0.92109375 0.01953125 0.15781250 0.03906250
0 0.83984375 0.20312500 0.26093750 0.05625000
0 0.31171875 0.02500000 0.24843750 0.05000000
0 0.58046875 0.02265625 0.25781250 0.04531250
1 0.87421875 0.07812500 0.09843750 0.03750000
1 0.74375000 0.07890625 0.08750000 0.03593750
1 0.40156250 0.39765625 0.08750000 0.04218750
1 0.77890625 0.02265625 0.09531250 0.03906250
1 0.73359375 0.26015625 0.09218750 0.03906250
1 0.37500000 0.14765625 0.08750000 0.03593750
1 0.08281250 0.35625000 0.06562500 0.04687500
1 0.35703125 0.08828125 0.08906250 0.04218750
1 0.40000000 0.20546875 0.09375000 0.03593750
1 0.47968750 0.26796875 0.07187500 0.04218750
1 0.63515625 0.14375000 0.09843750 0.03750000
1 0.49296875 0.08828125 0.09843750 0.03906250
1 0.22500000 0.08515625 0.09375000 0.03593750
1 0.96171875 0.26250000 0.07656250 0.03750000
1 0.92265625 0.13828125 0.08906250 0.03593750
1 0.02812500 0.40625000 0.05625000 0.04687500
1 0.34296875 0.26875000 0.09218750 0.03750000
1 0.20937500 0.14453125 0.09375000 0.03593750
1 0.23593750 0.26718750 0.08750000 0.04062500
1 0.88671875 0.62343750 0.07968750 0.03437500
1 0.75625000 0.14218750 0.08750000 0.03750000
1 0.23281250 0.20781250 0.09062500 0.04062500
1 0.64687500 0.20000000 0.09687500 0.03750000
1 0.97109375 0.07656250 0.05781250 0.04062500
1 0.86250000 0.26015625 0.09687500 0.03906250
1 0.61171875 0.26562500 0.09531250 0.03750000
1 0.47421875 0.14375000 0.08281250 0.03750000
1 0.52343750 0.20156250 0.09062500 0.03437500
1 0.65312500 0.37109375 0.09687500 0.03906250
1 0.62187500 0.08359375 0.10625000 0.03593750
1 0.99453125 0.19687500 0.01093750 0.03125000
