1 0.95234375 0.04921875 0.09531250 0.03906250
1 0.39609375 0.28203125 0.09218750 0.04218750
1 0.94687500 0.11484375 0.04687500 0.05156250
1 0.86093750 0.17187500 0.08750000 0.04062500
1 0.85625000 0.00468750 0.07812500 0.00937500
1 0.91640625 0.29531250 0.09843750 0.03750000
1 0.35234375 0.16093750 0.07343750 0.03437500
1 0.19453125 0.21250000 0.08593750 0.04062500
1 0.42031250 0.22421875 0.08437500 0.03906250
1 0.49843750 0.15937500 0.09375000 0.04062500
1 0.60546875 0.11015625 0.08906250 0.04218750
1 0.55156250 0.05234375 0.09375000 0.03906250
1 0.22109375 0.10156250 0.08593750 0.04375000
1 0.97187500 0.17656250 0.05625000 0.03750000
1 0.30312500 0.21718750 0.08125000 0.03750000
1 0.07265625 0.28125000 0.09531250 0.03750000
1 0.34453125 0.10078125 0.08593750 0.04218750
1 0.22656250 0.15781250 0.09687500 0.03750000
1 0.74921875 0.10781250 0.10156250 0.03750000
1 0.46406250 0.10468750 0.09375000 0.03750000
1 0.68281250 0.05000000 0.10000000 0.03750000
1 0.96250000 0.11484375 0.07500000 0.05156250
1 0.86875000 0.11328125 0.08750000 0.03906250
1 0.62343750 0.16875000 0.10625000 0.04062500
1 0.98359375 0.11406250 0.03281250 0.05000000
1 0.42500000 0.05078125 0.07500000 0.03906250
1 0.62734375 0.28750000 0.08281250 0.04687500
1 0.75312500 0.17187500 0.09687500 0.04062500
1 0.82500000 0.04921875 0.09375000 0.03593750
0 0.76171875 0.84531250 0.47656250 0.25937500
0 0.26328125 0.04296875 0.24843750 0.05781250
0 0.99375000 0.23437500 0.01250000 0.03750000
