1 0.46875000 0.75781250 0.03750000 0.08437500
1 0.00703125 0.28359375 0.01406250 0.03593750
1 0.73515625 0.98203125 0.03593750 0.03593750
1 0.01484375 0.40546875 0.02968750 0.03593750
1 0.47812500 0.13437500 0.03750000 0.09062500
1 0.01171875 0.46328125 0.02343750 0.04218750
1 0.00625000 0.22734375 0.01250000 0.03906250
1 0.85468750 0.79218750 0.04062500 0.03125000
1 0.53593750 0.71562500 0.03437500 0.07812500
1 0.12343750 0.53125000 0.08437500 0.03750000
1 0.68359375 0.49765625 0.03906250 0.09843750
1 0.67656250 0.21562500 0.03437500 0.09062500
1 0.66875000 0.72578125 0.03437500 0.07656250
1 0.47500000 0.49921875 0.04375000 0.09531250
1 0.52890625 0.25546875 0.03906250 0.09218750
2 0.23281250 0.80156250 0.01875000 0.01875000
2 0.17109375 0.98125000 0.03593750 0.03125000
2 0.79765625 0.11250000 0.02031250 0.02812500
2 0.37187500 0.71171875 0.01250000 0.02343750
2 0.08359375 0.60546875 0.03593750 0.01718750
2 0.27265625 0.75625000 0.02343750 0.02500000
2 0.13671875 0.64531250 0.01718750 0.01562500
2 0.12968750 0.13984375 0.01562500 0.02343750
2 0.01640625 0.57968750 0.02343750 0.01562500
2 0.93046875 0.25078125 0.01406250 0.02968750
2 0.35781250 0.46796875 0.01562500 0.03906250
2 0.19921875 0.73203125 0.02031250 0.02656250
2 0.85625000 0.79140625 0.03750000 0.02968750
2 0.16093750 0.04843750 0.01562500 0.01875000
2 0.31953125 0.68671875 0.01406250 0.02343750
2 0.16953125 0.22734375 0.03593750 0.02968750
2 0.06171875 0.57812500 0.02343750 0.01562500
2 0.09296875 0.60546875 0.02343750 0.01718750
2 0.80468750 0.57187500 0.02187500 0.02500000
2 0.36406250 0.54531250 0.02187500 0.02187500
2 0.24765625 0.22656250 0.02031250 0.03125000
2 0.10703125 0.59921875 0.02968750 0.02031250
2 0.27656250 0.44062500 0.01875000 0.02187500
2 0.07578125 0.60546875 0.02031250 0.01406250
2 0.17890625 0.23046875 0.01718750 0.02343750
2 0.34531250 0.57421875 0.01562500 0.02343750
2 0.13359375 0.25234375 0.01406250 0.01718750
2 0.77968750 0.00546875 0.01875000 0.01093750
2 0.13046875 0.65703125 0.01406250 0.01093750
2 0.36953125 0.63750000 0.01718750 0.02812500
2 0.15937500 0.22031250 0.01875000 0.01562500
2 0.76796875 0.09453125 0.01718750 0.03906250
2 0.09765625 0.57890625 0.02656250 0.02656250
2 0.26328125 0.73671875 0.02343750 0.02343750
2 0.15078125 0.78046875 0.02031250 0.01718750
2 0.20703125 0.28125000 0.02343750 0.01875000
2 0.24609375 0.22656250 0.01718750 0.02812500
2 0.26875000 0.74609375 0.03437500 0.04218750
2 0.13515625 0.64921875 0.02031250 0.02343750
2 0.27890625 0.43203125 0.02031250 0.03906250
2 0.12734375 0.13906250 0.02031250 0.02500000
2 0.32421875 0.68671875 0.02343750 0.02656250
2 0.92890625 0.11328125 0.01718750 0.02656250
2 0.20078125 0.28203125 0.01406250 0.01718750
2 0.12968750 0.77812500 0.01875000 0.01562500
2 0.21250000 0.28046875 0.01250000 0.01718750
2 0.33359375 0.78671875 0.01718750 0.02343750
2 0.32109375 0.40703125 0.01406250 0.02343750
2 0.25781250 0.16953125 0.01875000 0.03906250
2 0.32500000 0.40468750 0.02187500 0.02812500
2 0.34218750 0.64687500 0.02500000 0.02812500
2 0.16328125 0.36171875 0.01718750 0.01718750
2 0.92421875 0.26953125 0.02343750 0.06406250
2 0.08281250 0.60546875 0.03437500 0.01718750
2 0.33515625 0.84453125 0.02343750 0.08281250
2 0.36718750 0.99218750 0.02187500 0.01562500
2 0.93203125 0.11562500 0.03281250 0.03437500
2 0.37656250 0.71718750 0.02500000 0.03437500
2 0.41875000 0.99296875 0.04062500 0.01406250
2 0.17421875 0.72500000 0.01718750 0.01562500
2 0.36484375 0.55312500 0.02343750 0.03437500
2 0.16250000 0.05468750 0.01875000 0.03125000
2 0.33750000 0.79140625 0.02500000 0.03281250
2 0.37421875 0.71718750 0.02031250 0.03437500
2 0.12812500 0.13906250 0.01875000 0.02500000
2 0.36484375 0.55781250 0.01718750 0.02500000
2 0.58125000 0.23515625 0.01250000 0.02031250
2 0.37109375 0.82734375 0.02031250 0.02656250
2 0.76796875 0.08828125 0.01718750 0.02656250
2 0.34453125 0.79531250 0.01406250 0.02812500
2 0.79843750 0.10859375 0.01875000 0.02031250
2 0.15156250 0.78828125 0.02187500 0.02968750
2 0.25625000 0.15625000 0.01562500 0.01250000
