1 0.66718750 0.05546875 0.09375000 0.04218750
1 0.60000000 0.20156250 0.11250000 0.04062500
1 0.03984375 0.21171875 0.07968750 0.03906250
1 0.92031250 0.05234375 0.10000000 0.04531250
1 0.86562500 0.19843750 0.09687500 0.04062500
1 0.30156250 0.20859375 0.09687500 0.03906250
1 0.33828125 0.26875000 0.09531250 0.04062500
1 0.32890625 0.03046875 0.06406250 0.03906250
1 0.04296875 0.32578125 0.08593750 0.04218750
1 0.95625000 0.31171875 0.08750000 0.03906250
1 0.17656250 0.33203125 0.09062500 0.03593750
1 0.43125000 0.20234375 0.10312500 0.03906250
1 0.14453125 0.26875000 0.10156250 0.03750000
1 0.23203125 0.09453125 0.08906250 0.03593750
1 0.16875000 0.21328125 0.10312500 0.03906250
1 0.73281250 0.19921875 0.10625000 0.04218750
1 0.97265625 0.19687500 0.05468750 0.03750000
1 0.66015625 0.31953125 0.10468750 0.03906250
1 0.41875000 0.32500000 0.10312500 0.04375000
1 0.52734375 0.12343750 0.09843750 0.04062500
1 0.78281250 0.25390625 0.09062500 0.04218750
0 0.09140625 0.02812500 0.18281250 0.05625000
