2 0.28984375 0.49375000 0.01718750 0.02812500
2 0.66250000 0.50703125 0.67500000 0.10156250
2 0.10000000 0.43984375 0.01875000 0.02031250
2 0.33515625 0.34218750 0.01718750 0.01875000
2 0.21875000 0.39609375 0.01875000 0.01718750
2 0.36718750 0.44609375 0.01250000 0.02031250
2 0.96250000 0.44140625 0.02812500 0.02031250
2 0.06796875 0.81953125 0.01718750 0.03906250
2 0.29296875 0.29765625 0.02968750 0.02656250
2 0.31562500 0.43984375 0.01250000 0.01093750
2 0.36953125 0.43984375 0.01718750 0.03281250
2 0.30312500 0.39765625 0.02812500 0.02656250
2 0.78437500 0.20468750 0.02187500 0.03750000
2 0.19609375 0.39375000 0.00781250 0.01250000
2 0.05312500 0.83906250 0.02187500 0.02500000
2 0.25156250 0.47578125 0.02187500 0.01718750
2 0.07500000 0.40234375 0.01250000 0.01406250
2 0.90234375 0.79296875 0.02031250 0.01718750
2 0.78359375 0.19531250 0.01718750 0.01875000
2 0.28046875 0.43750000 0.01718750 0.01875000
2 0.31718750 0.43125000 0.02187500 0.02500000
2 0.05937500 0.82578125 0.03437500 0.05156250
2 0.22734375 0.55390625 0.02031250 0.02656250
2 0.34140625 0.33437500 0.02656250 0.03437500
2 0.20781250 0.57421875 0.01875000 0.02031250
2 0.31562500 0.43593750 0.01562500 0.02187500
2 0.06875000 0.80781250 0.01562500 0.01562500
2 0.31796875 0.42656250 0.02343750 0.01562500
2 0.21406250 0.50937500 0.02187500 0.02187500
2 0.86093750 0.38125000 0.01250000 0.01250000
2 0.33828125 0.46796875 0.02656250 0.02343750
2 0.96953125 0.44062500 0.01406250 0.01875000
2 0.57109375 0.61953125 0.01093750 0.01406250
2 0.29531250 0.37421875 0.01562500 0.02031250
2 0.36953125 0.43281250 0.01718750 0.01875000
2 0.06640625 0.82578125 0.02031250 0.04843750
2 0.13828125 0.90390625 0.02031250 0.01406250
2 0.89296875 0.43828125 0.02031250 0.03593750
1 0.48125000 0.18828125 0.03437500 0.08906250
1 0.76328125 0.31796875 0.04531250 0.07656250
1 0.41953125 0.40625000 0.03593750 0.09062500
1 0.98906250 0.61328125 0.02187500 0.04218750
1 0.47812500 0.57812500 0.04375000 0.09375000
1 0.07656250 0.64687500 0.08437500 0.04687500
1 0.42500000 0.22734375 0.03437500 0.08906250
1 0.31484375 0.56796875 0.07968750 0.08593750
1 0.47812500 0.02109375 0.04062500 0.04218750
1 0.58750000 0.27968750 0.03750000 0.08750000
1 0.30234375 0.38906250 0.02968750 0.04375000
1 0.01328125 0.98359375 0.02656250 0.03281250
1 0.53125000 0.35234375 0.03750000 0.08593750
1 0.32265625 0.14375000 0.04218750 0.05937500
1 0.52812500 0.02265625 0.04062500 0.04531250
1 0.65703125 0.20156250 0.03593750 0.08750000
