2 0.33281250 0.68437500 0.01875000 0.02500000
2 0.95781250 0.37421875 0.01562500 0.02343750
2 0.28359375 0.56406250 0.01406250 0.02187500
2 0.93203125 0.17421875 0.01406250 0.02656250
2 0.41406250 0.44609375 0.01875000 0.02343750
2 0.01953125 0.75625000 0.01718750 0.03437500
2 0.41093750 0.43046875 0.02187500 0.01718750
2 0.95781250 0.77187500 0.01875000 0.02187500
2 0.40546875 0.34687500 0.02656250 0.07500000
2 0.06718750 0.35312500 0.03125000 0.05000000
2 0.93125000 0.15156250 0.01250000 0.02500000
2 0.99296875 0.44765625 0.01406250 0.02343750
2 0.41015625 0.43671875 0.02031250 0.02343750
2 0.96250000 0.78515625 0.01875000 0.02343750
2 0.38671875 0.69062500 0.05156250 0.05312500
2 0.71015625 0.45546875 0.02656250 0.02031250
2 0.09062500 0.53046875 0.00937500 0.01093750
2 0.26953125 0.43515625 0.03281250 0.03593750
2 0.14296875 0.48281250 0.01718750 0.02812500
2 0.27187500 0.20625000 0.01250000 0.01875000
2 0.29921875 0.56093750 0.01406250 0.01562500
2 0.14843750 0.46953125 0.04375000 0.04218750
2 0.23828125 0.46406250 0.02968750 0.02812500
2 0.40859375 0.45234375 0.02343750 0.02656250
2 0.96093750 0.77812500 0.02187500 0.03437500
2 0.22500000 0.18906250 0.02187500 0.02187500
2 0.95703125 0.72578125 0.01406250 0.02656250
2 0.38203125 0.45781250 0.01718750 0.01875000
2 0.93203125 0.16250000 0.01406250 0.04687500
2 0.95703125 0.72031250 0.01406250 0.03750000
2 0.19843750 0.31328125 0.03125000 0.02656250
2 0.29218750 0.56015625 0.01875000 0.01718750
2 0.38281250 0.68984375 0.04687500 0.05156250
2 0.71093750 0.76250000 0.01875000 0.01875000
2 0.29453125 0.40234375 0.01718750 0.02031250
2 0.32265625 0.40390625 0.04531250 0.04843750
2 0.38750000 0.37500000 0.02500000 0.02500000
2 0.29765625 0.56562500 0.01718750 0.02187500
2 0.41015625 0.40234375 0.02031250 0.02343750
2 0.32500000 0.40546875 0.04062500 0.04531250
2 0.42890625 0.15078125 0.01406250 0.02656250
2 0.23203125 0.45859375 0.01718750 0.01718750
2 0.28984375 0.56484375 0.02656250 0.02656250
2 0.40859375 0.40390625 0.02031250 0.02656250
2 0.25937500 0.43046875 0.01562500 0.02968750
2 0.84453125 0.51875000 0.02656250 0.02812500
2 0.38515625 0.37812500 0.02343750 0.02187500
2 0.39296875 0.33125000 0.01406250 0.01250000
2 0.10625000 0.48750000 0.03125000 0.02812500
2 0.16718750 0.29453125 0.03750000 0.06093750
2 0.40703125 0.71171875 0.01718750 0.01718750
2 0.95390625 0.70546875 0.00781250 0.01406250
2 0.39765625 0.45625000 0.04843750 0.03437500
2 0.31328125 0.16796875 0.03281250 0.02656250
2 0.01250000 0.64609375 0.02187500 0.03281250
2 0.91953125 0.06406250 0.01406250 0.01875000
2 0.96015625 0.37734375 0.01093750 0.01718750
2 0.41406250 0.45937500 0.01562500 0.02187500
2 0.71875000 0.84921875 0.03437500 0.03281250
2 0.41093750 0.44609375 0.02187500 0.03906250
2 0.36875000 0.67187500 0.01562500 0.01250000
2 0.78906250 0.00781250 0.02812500 0.01562500
2 0.40312500 0.45546875 0.03750000 0.03281250
2 0.18046875 0.26796875 0.01718750 0.01093750
2 0.41171875 0.45156250 0.02031250 0.02812500
2 0.43125000 0.15156250 0.01875000 0.02812500
2 0.28437500 0.56953125 0.01562500 0.01718750
2 0.41093750 0.31562500 0.02812500 0.02500000
2 0.10156250 0.46953125 0.02812500 0.03593750
2 0.95781250 0.37734375 0.01250000 0.01718750
2 0.18437500 0.48437500 0.01562500 0.01875000
2 0.38203125 0.13437500 0.01093750 0.01250000
2 0.43203125 0.00390625 0.01406250 0.00781250
2 0.39218750 0.37421875 0.01562500 0.02031250
2 0.95546875 0.70703125 0.01093750 0.01718750
1 0.59375000 0.59531250 0.03750000 0.09687500
1 0.54765625 0.91562500 0.03906250 0.09375000
1 0.72031250 0.61171875 0.04062500 0.09531250
1 0.65781250 0.40000000 0.04375000 0.09687500
1 0.80468750 0.82421875 0.03750000 0.09843750
1 0.05000000 0.43437500 0.10000000 0.05000000
1 0.53828125 0.73906250 0.03906250 0.09062500
1 0.07265625 0.95937500 0.10156250 0.03750000
1 0.19218750 0.21718750 0.08125000 0.10625000
1 0.84765625 0.59687500 0.04218750 0.10000000
1 0.85234375 0.06875000 0.02968750 0.08125000
1 0.59687500 0.76796875 0.04062500 0.09531250
1 0.90078125 0.28671875 0.04218750 0.09843750
1 0.08046875 0.90156250 0.09531250 0.04062500
1 0.53750000 0.18046875 0.03750000 0.09218750
1 0.52968750 0.47031250 0.04062500 0.10625000
1 0.78984375 0.28593750 0.04218750 0.10312500
1 0.71953125 0.35781250 0.03906250 0.09687500
1 0.20390625 0.89453125 0.09843750 0.04218750
1 0.71718750 0.00468750 0.03437500 0.00937500
1 0.20703125 0.10234375 0.03906250 0.09843750
1 0.87109375 0.98750000 0.06093750 0.02500000
1 0.59765625 0.11718750 0.03906250 0.10000000
1 0.97187500 0.17109375 0.04062500 0.10156250
1 0.59296875 0.37343750 0.04218750 0.09687500
1 0.19843750 0.01171875 0.04062500 0.02343750
1 0.63828125 0.86796875 0.03593750 0.08281250
1 0.71250000 0.48984375 0.03750000 0.09531250
1 0.65546875 0.18125000 0.03906250 0.09375000
1 0.71796875 0.23593750 0.03906250 0.09687500
1 0.59218750 0.98437500 0.03750000 0.03125000
1 0.71718750 0.10000000 0.03750000 0.10000000
1 0.15781250 0.35781250 0.10312500 0.10000000
1 0.18984375 0.95625000 0.09843750 0.04062500
