0 0.16250000 0.95625000 0.12812500 0.08750000
0 0.11484375 0.44687500 0.22968750 0.05625000
0 0.25156250 0.44687500 0.50312500 0.05937500
0 0.37500000 0.44921875 0.25625000 0.05468750
1 0.76640625 0.26953125 0.08906250 0.03906250
1 0.62890625 0.33046875 0.10468750 0.03906250
1 0.07187500 0.31875000 0.09375000 0.04062500
1 0.01640625 0.37265625 0.03281250 0.03906250
1 0.38281250 0.39062500 0.10312500 0.03750000
1 0.52343750 0.38359375 0.09062500 0.03906250
1 0.77187500 0.45000000 0.09375000 0.04375000
1 0.54062500 0.20312500 0.08437500 0.03750000
1 0.76796875 0.21484375 0.08593750 0.03906250
1 0.36171875 0.32421875 0.09531250 0.03906250
1 0.94062500 0.50625000 0.02187500 0.03750000
1 0.89218750 0.50546875 0.05937500 0.03593750
1 0.68203125 0.50703125 0.08906250 0.03593750
1 0.10078125 0.37734375 0.09843750 0.03906250
1 0.20156250 0.32890625 0.09687500 0.03906250
1 0.24218750 0.37734375 0.09687500 0.04218750
1 0.65312500 0.21250000 0.07812500 0.03125000
1 0.99062500 0.59375000 0.01875000 0.03125000
1 0.64375000 0.38593750 0.09062500 0.04062500
1 0.50390625 0.27109375 0.09218750 0.03593750
1 0.61562500 0.44609375 0.10937500 0.03906250
1 0.49140625 0.33203125 0.09218750 0.03593750
1 0.64921875 0.27656250 0.09218750 0.03750000
1 0.75156250 0.33046875 0.08750000 0.03593750
1 0.37968750 0.55703125 0.10312500 0.03593750
1 0.98593750 0.54843750 0.02812500 0.02500000
1 0.77890625 0.39296875 0.08906250 0.03593750
