2 0.33125000 0.92109375 0.01562500 0.03593750
2 0.03984375 0.32031250 0.02031250 0.03125000
2 0.00468750 0.36250000 0.00937500 0.04687500
2 0.87812500 0.02109375 0.01875000 0.02031250
2 0.38671875 0.67500000 0.02343750 0.02500000
2 0.16171875 0.87812500 0.02343750 0.01875000
2 0.98359375 0.93203125 0.03281250 0.03906250
2 0.09140625 0.06875000 0.01406250 0.01562500
2 0.39453125 0.99531250 0.01718750 0.00937500
2 0.80156250 0.54687500 0.02187500 0.02187500
2 0.23203125 0.76406250 0.01406250 0.01562500
2 0.34609375 0.99453125 0.01093750 0.01093750
2 0.06953125 0.43046875 0.01406250 0.01718750
2 0.08828125 0.07109375 0.02031250 0.02031250
2 0.26718750 0.81953125 0.01250000 0.01718750
2 0.79609375 0.54609375 0.03281250 0.02343750
2 0.01875000 0.80468750 0.01875000 0.03125000
2 0.03984375 0.31406250 0.02031250 0.02187500
2 0.26484375 0.81953125 0.01093750 0.01406250
2 0.79531250 0.84218750 0.03750000 0.03750000
2 0.04062500 0.33046875 0.01562500 0.01406250
2 0.30859375 0.97812500 0.01718750 0.03750000
2 0.08671875 0.07812500 0.02343750 0.03437500
2 0.25781250 0.89921875 0.04062500 0.02968750
2 0.04375000 0.42734375 0.01562500 0.02343750
2 0.06796875 0.98437500 0.01718750 0.02500000
2 0.40546875 0.00546875 0.01406250 0.01093750
2 0.07421875 0.93671875 0.01718750 0.03906250
2 0.41250000 0.01718750 0.02812500 0.03437500
2 0.50703125 0.63046875 0.02343750 0.02656250
2 0.36875000 0.99609375 0.01250000 0.00781250
2 0.07890625 0.93593750 0.02968750 0.04375000
2 0.79296875 0.54609375 0.02031250 0.02031250
2 0.78125000 0.69531250 0.02187500 0.01562500
1 0.62265625 0.08125000 0.08906250 0.03750000
1 0.76171875 0.14296875 0.08281250 0.03593750
1 0.98046875 0.01718750 0.03906250 0.03437500
1 0.83125000 0.02109375 0.07500000 0.03593750
1 0.90703125 0.13906250 0.10468750 0.04375000
1 0.00390625 0.36406250 0.00781250 0.04687500
1 0.60390625 0.20156250 0.08281250 0.03437500
1 0.33125000 0.92187500 0.01562500 0.03437500
1 0.04453125 0.69375000 0.07343750 0.07500000
1 0.57421875 0.02812500 0.09531250 0.03750000
1 0.60000000 0.14375000 0.09687500 0.03750000
1 0.76250000 0.07812500 0.08437500 0.03750000
1 0.71640625 0.20000000 0.08593750 0.04062500
1 0.98750000 0.07578125 0.02500000 0.03281250
1 0.84062500 0.19843750 0.08750000 0.03750000
1 0.60546875 0.26250000 0.10156250 0.03750000
1 0.74062500 0.26406250 0.09375000 0.03750000
1 0.69843750 0.02343750 0.08750000 0.03750000
1 0.88750000 0.07500000 0.09062500 0.03750000
0 0.25390625 0.95156250 0.11406250 0.09687500
