1 0.94843750 0.09140625 0.09375000 0.03906250
1 0.52031250 0.46328125 0.08750000 0.04531250
1 0.73359375 0.15390625 0.08593750 0.03593750
1 0.97500000 0.02890625 0.05000000 0.03906250
1 0.94687500 0.27109375 0.08125000 0.03593750
1 0.71718750 0.09453125 0.08437500 0.03593750
1 0.59843750 0.04062500 0.09375000 0.04062500
1 0.86328125 0.03281250 0.09531250 0.04062500
1 0.98046875 0.21171875 0.03906250 0.03906250
1 0.71093750 0.27734375 0.07500000 0.03281250
1 0.31875000 0.57265625 0.08750000 0.04531250
1 0.59453125 0.21015625 0.09218750 0.03593750
1 0.59921875 0.27812500 0.09218750 0.03750000
1 0.60625000 0.15078125 0.08750000 0.03593750
1 0.85937500 0.15156250 0.09375000 0.03750000
1 0.75000000 0.02968750 0.09375000 0.03750000
1 0.61015625 0.09375000 0.07968750 0.03750000
1 0.82578125 0.26953125 0.09218750 0.04218750
1 0.73671875 0.21093750 0.09218750 0.03750000
1 0.82578125 0.09140625 0.07656250 0.03906250
1 0.96640625 0.15312500 0.06718750 0.03750000
1 0.86406250 0.21015625 0.09062500 0.03906250
2 0.29140625 0.46093750 0.02031250 0.02500000
