1 0.92421875 0.07500000 0.09843750 0.04062500
1 0.54062500 0.20000000 0.08125000 0.03125000
1 0.92109375 0.14296875 0.08593750 0.03906250
1 0.95859375 0.02187500 0.08281250 0.03437500
1 0.64453125 0.13984375 0.08906250 0.03906250
1 0.36171875 0.14843750 0.07968750 0.03750000
1 0.20468750 0.20468750 0.08437500 0.03437500
1 0.44140625 0.20312500 0.08593750 0.03750000
1 0.92500000 0.26171875 0.09375000 0.03906250
1 0.08671875 0.50078125 0.07656250 0.04843750
1 0.71250000 0.26406250 0.09687500 0.03750000
1 0.30234375 0.02734375 0.08593750 0.03906250
1 0.92265625 0.19609375 0.09218750 0.03906250
1 0.34140625 0.26875000 0.09531250 0.03750000
1 0.84296875 0.02343750 0.08593750 0.03750000
1 0.31796875 0.20468750 0.08906250 0.04062500
1 0.20625000 0.26718750 0.10312500 0.03750000
1 0.48906250 0.08046875 0.09062500 0.03593750
1 0.77578125 0.14609375 0.09531250 0.03593750
1 0.73359375 0.02187500 0.05781250 0.03437500
1 0.36406250 0.08203125 0.08437500 0.03593750
1 0.22500000 0.08437500 0.09062500 0.03750000
1 0.20078125 0.14765625 0.09531250 0.03906250
1 0.99375000 0.37421875 0.01250000 0.06093750
1 0.75234375 0.08203125 0.08906250 0.03593750
1 0.67656250 0.19531250 0.08750000 0.04375000
1 0.60234375 0.26484375 0.09531250 0.03906250
1 0.50781250 0.14296875 0.10312500 0.04218750
1 0.48671875 0.26875000 0.08593750 0.03750000
1 0.17578125 0.03125000 0.09531250 0.03750000
1 0.60781250 0.02265625 0.09062500 0.03593750
1 0.61484375 0.08125000 0.07968750 0.03750000
1 0.79140625 0.20312500 0.09218750 0.03437500
1 0.82421875 0.26406250 0.09843750 0.04062500
1 0.43437500 0.02500000 0.07500000 0.03437500
