1 0.59531250 0.41640625 0.09062500 0.03906250
1 0.46250000 0.42421875 0.11875000 0.04843750
1 0.96953125 0.20000000 0.05156250 0.05000000
1 0.75937500 0.25937500 0.08125000 0.03437500
1 0.85781250 0.79765625 0.10937500 0.04218750
1 0.85468750 0.39062500 0.04687500 0.09375000
1 0.85234375 0.61718750 0.10468750 0.04375000
1 0.06718750 0.44218750 0.11562500 0.04062500
1 0.19843750 0.61953125 0.11562500 0.06406250
1 0.31328125 0.74453125 0.10156250 0.03906250
1 0.36640625 0.67421875 0.06718750 0.04531250
1 0.01562500 0.80390625 0.03125000 0.03906250
1 0.06953125 0.39765625 0.10781250 0.05781250
1 0.58515625 0.79921875 0.09531250 0.04218750
1 0.11250000 0.24453125 0.07812500 0.08281250
1 0.18203125 0.73593750 0.09843750 0.04062500
1 0.50625000 0.53593750 0.05000000 0.03125000
1 0.19609375 0.42031250 0.10468750 0.04375000
1 0.04921875 0.74296875 0.09531250 0.03906250
1 0.91718750 0.39687500 0.04687500 0.09375000
1 0.50468750 0.68359375 0.09375000 0.04218750
1 0.34062500 0.29609375 0.09687500 0.04218750
1 0.96796875 0.39218750 0.06406250 0.09687500
1 0.75312500 0.73515625 0.09375000 0.03906250
1 0.60703125 0.73750000 0.10781250 0.04062500
1 0.37109375 0.80000000 0.07968750 0.03750000
1 0.47890625 0.73046875 0.09218750 0.03906250
1 0.62343750 0.30625000 0.05625000 0.04062500
1 0.80390625 0.38828125 0.05156250 0.10156250
1 0.14609375 0.80312500 0.10468750 0.04375000
1 0.30546875 0.41562500 0.07968750 0.03437500
0 0.17734375 0.67890625 0.28906250 0.06093750
