1 0.94375000 0.09531250 0.09375000 0.03750000
1 0.58593750 0.39062500 0.10000000 0.04687500
1 0.72890625 0.15781250 0.08593750 0.03437500
1 0.24453125 0.28046875 0.08593750 0.06406250
1 0.97421875 0.03125000 0.05156250 0.04062500
1 0.82265625 0.27343750 0.09531250 0.04375000
1 0.94218750 0.27265625 0.08437500 0.03281250
1 0.82421875 0.09609375 0.08906250 0.04218750
1 0.70937500 0.27890625 0.08125000 0.03593750
1 0.57656250 0.21250000 0.09375000 0.03750000
1 0.71250000 0.10000000 0.08437500 0.03750000
1 0.97656250 0.21562500 0.04687500 0.03750000
1 0.85625000 0.03593750 0.08750000 0.04375000
1 0.13125000 0.80234375 0.03750000 0.02343750
1 0.59453125 0.04375000 0.08906250 0.04062500
1 0.59218750 0.27968750 0.08437500 0.03750000
1 0.60078125 0.15468750 0.08906250 0.03437500
1 0.60468750 0.09609375 0.07812500 0.03593750
1 0.96093750 0.15625000 0.07812500 0.03437500
1 0.73203125 0.21406250 0.08906250 0.03750000
1 0.85781250 0.21484375 0.08750000 0.04218750
1 0.71718750 0.03437500 0.09062500 0.03750000
1 0.85390625 0.15625000 0.09218750 0.03750000
