0 0.25703125 0.04531250 0.24531250 0.05937500
1 0.82343750 0.05234375 0.09375000 0.03593750
1 0.45078125 0.29062500 0.09531250 0.03750000
1 0.62343750 0.17031250 0.10312500 0.03750000
1 0.22421875 0.16093750 0.09531250 0.03750000
1 0.74921875 0.17421875 0.09218750 0.03906250
1 0.95234375 0.05234375 0.09531250 0.03906250
1 0.78750000 0.29609375 0.09687500 0.03593750
1 0.95859375 0.50468750 0.08281250 0.03437500
1 0.91171875 0.23515625 0.09843750 0.03906250
1 0.19140625 0.21562500 0.08593750 0.03750000
1 0.41562500 0.22812500 0.07812500 0.03750000
1 0.52578125 0.22734375 0.08906250 0.03281250
1 0.54453125 0.05468750 0.09843750 0.04062500
1 0.22031250 0.10546875 0.08750000 0.04218750
1 0.34140625 0.16484375 0.07968750 0.03593750
1 0.32968750 0.28593750 0.08437500 0.04062500
1 0.97109375 0.17812500 0.05781250 0.03750000
1 0.56406250 0.29140625 0.09375000 0.03906250
1 0.67421875 0.29531250 0.09218750 0.03750000
1 0.20937500 0.28046875 0.09062500 0.03906250
1 0.34218750 0.10546875 0.08437500 0.04531250
1 0.96406250 0.11796875 0.07187500 0.05156250
1 0.30312500 0.21953125 0.08437500 0.03593750
1 0.49765625 0.16406250 0.09531250 0.04062500
1 0.86875000 0.11640625 0.08750000 0.04218750
1 0.98750000 0.29921875 0.02500000 0.04218750
1 0.74843750 0.11250000 0.10000000 0.03750000
1 0.46171875 0.10781250 0.09531250 0.03750000
1 0.90312500 0.29843750 0.08437500 0.03750000
1 0.42343750 0.05468750 0.07500000 0.03750000
1 0.65000000 0.23046875 0.08437500 0.03906250
1 0.60468750 0.11328125 0.09375000 0.04218750
1 0.77968750 0.22890625 0.08750000 0.04218750
1 0.68203125 0.05390625 0.09843750 0.03906250
1 0.99375000 0.23593750 0.01250000 0.03437500
1 0.86328125 0.17500000 0.09218750 0.04062500
