1 0.88203125 0.20468750 0.03906250 0.09687500
1 0.65312500 0.17109375 0.04375000 0.10781250
1 0.89843750 0.81328125 0.09375000 0.07343750
1 0.19218750 0.00625000 0.03750000 0.01250000
1 0.07656250 0.89453125 0.09687500 0.03906250
1 0.20156250 0.09062500 0.04375000 0.09687500
1 0.14609375 0.35859375 0.08906250 0.08593750
1 0.59921875 0.00703125 0.03593750 0.01406250
1 0.96406250 0.52031250 0.07187500 0.08437500
1 0.19765625 0.88984375 0.09531250 0.03906250
1 0.60859375 0.90859375 0.03906250 0.10156250
1 0.65312500 0.67578125 0.04062500 0.09843750
1 0.06406250 0.95546875 0.10000000 0.03906250
1 0.18593750 0.94765625 0.10000000 0.04531250
1 0.17734375 0.21015625 0.04843750 0.10468750
1 0.52734375 0.45390625 0.03906250 0.09218750
1 0.72500000 0.48750000 0.04375000 0.09687500
1 0.05000000 0.42421875 0.10000000 0.04843750
1 0.65546875 0.51406250 0.03906250 0.09687500
1 0.97109375 0.16093750 0.04218750 0.10312500
1 0.78437500 0.67031250 0.06875000 0.09062500
1 0.65937500 0.84531250 0.04062500 0.10000000
1 0.59296875 0.71328125 0.03906250 0.09531250
1 0.59375000 0.51171875 0.03750000 0.10781250
1 0.58828125 0.19921875 0.04218750 0.09843750
1 0.65546875 0.02968750 0.03906250 0.05937500
1 0.72031250 0.31718750 0.04062500 0.10000000
1 0.71562500 0.07890625 0.04062500 0.10156250
2 0.38359375 0.45390625 0.02343750 0.02968750
2 0.29765625 0.56796875 0.04843750 0.04843750
2 0.38125000 0.39296875 0.01250000 0.01406250
2 0.39375000 0.33203125 0.01250000 0.01406250
2 0.40625000 0.43046875 0.01562500 0.02968750
2 0.33203125 0.44609375 0.01718750 0.02343750
2 0.31328125 0.39843750 0.04843750 0.02187500
2 0.01328125 0.48359375 0.02656250 0.01093750
2 0.29296875 0.55781250 0.03593750 0.02812500
2 0.08359375 0.52109375 0.01093750 0.01093750
2 0.32109375 0.41484375 0.02343750 0.02343750
2 0.96953125 0.62812500 0.01406250 0.02187500
2 0.28828125 0.55937500 0.02968750 0.03125000
2 0.19843750 0.40937500 0.02812500 0.02812500
2 0.28906250 0.55312500 0.02500000 0.01875000
2 0.71953125 0.83593750 0.03281250 0.04687500
2 0.42187500 0.13828125 0.02812500 0.02968750
2 0.48046875 0.45546875 0.02968750 0.02968750
2 0.36562500 0.41640625 0.01875000 0.02031250
2 0.42968750 0.14218750 0.01250000 0.02187500
2 0.23984375 0.45703125 0.03906250 0.03281250
2 0.40546875 0.44140625 0.02031250 0.05156250
2 0.71640625 0.82187500 0.01718750 0.01875000
2 0.47578125 0.50312500 0.02656250 0.03437500
2 0.18046875 0.47890625 0.01406250 0.01718750
2 0.34687500 0.14140625 0.02187500 0.03281250
2 0.28437500 0.56171875 0.02187500 0.02031250
2 0.22968750 0.45078125 0.01875000 0.02031250
