1 0.90937500 0.07812500 0.10000000 0.04062500
1 0.34843750 0.09687500 0.10000000 0.04062500
1 0.68984375 0.57187500 0.09531250 0.04687500
1 0.08671875 0.10625000 0.10156250 0.04375000
1 0.94921875 0.20234375 0.10156250 0.04531250
1 0.07265625 0.35937500 0.10468750 0.05000000
1 0.99296875 0.06796875 0.01406250 0.03593750
1 0.63906250 0.21406250 0.10312500 0.04375000
1 0.21796875 0.10000000 0.10468750 0.04062500
1 0.06171875 0.21250000 0.10156250 0.04375000
1 0.51093750 0.08671875 0.11875000 0.04843750
1 0.66562500 0.08671875 0.10625000 0.04531250
1 0.79140625 0.07890625 0.10156250 0.03906250
1 0.79140625 0.01875000 0.10781250 0.03750000
1 0.81875000 0.25546875 0.10625000 0.04218750
0 0.42812500 0.29140625 0.26875000 0.07656250
