2 0.95390625 0.41953125 0.02031250 0.01406250
2 0.32890625 0.67578125 0.04531250 0.02343750
2 0.23437500 0.55078125 0.01562500 0.02656250
2 0.53281250 0.52031250 0.01562500 0.01875000
2 0.98750000 0.32578125 0.02500000 0.02656250
2 0.96250000 0.48359375 0.02500000 0.02031250
2 0.94687500 0.88984375 0.02187500 0.01406250
2 0.27500000 0.54765625 0.01875000 0.02968750
2 0.98437500 0.88828125 0.02187500 0.01406250
2 0.31796875 0.67500000 0.02343750 0.01875000
2 0.85312500 0.40703125 0.01250000 0.01093750
2 0.99453125 0.39296875 0.01093750 0.01406250
2 0.27734375 0.23125000 0.02031250 0.01562500
2 0.34375000 0.67968750 0.01562500 0.01250000
2 0.05859375 0.18984375 0.03593750 0.05781250
2 0.53750000 0.52421875 0.02500000 0.02656250
2 0.58125000 0.45468750 0.01875000 0.01250000
2 0.27734375 0.60937500 0.02656250 0.01562500
1 0.71875000 0.91796875 0.08750000 0.04218750
1 0.44609375 0.70234375 0.08906250 0.03906250
1 0.77578125 0.98281250 0.09531250 0.03437500
1 0.83984375 0.70781250 0.08906250 0.04062500
1 0.34765625 0.84531250 0.05781250 0.07812500
1 0.10859375 0.21250000 0.04218750 0.09062500
1 0.29843750 0.92890625 0.08750000 0.04218750
1 0.49296875 0.97890625 0.08593750 0.04218750
1 0.63281250 0.97890625 0.08437500 0.04218750
1 0.14218750 0.79453125 0.09375000 0.03593750
1 0.31718750 0.45468750 0.04375000 0.09062500
1 0.12421875 0.46328125 0.04843750 0.07031250
1 0.03359375 0.44218750 0.05156250 0.09375000
1 0.98281250 0.64296875 0.03437500 0.04218750
1 0.01718750 0.24609375 0.03437500 0.06718750
1 0.55156250 0.40000000 0.04062500 0.09062500
