0 0.16562500 0.01093750 0.26875000 0.02187500
1 0.60703125 0.05000000 0.10468750 0.04062500
1 0.44062500 0.60703125 0.04687500 0.01406250
1 0.28046875 0.11171875 0.07968750 0.03593750
1 0.71328125 0.59531250 0.09531250 0.04375000
1 0.50781250 0.11328125 0.09375000 0.04218750
1 0.04843750 0.05625000 0.09687500 0.03750000
1 0.75390625 0.04843750 0.09218750 0.04062500
1 0.50859375 0.60703125 0.04531250 0.01406250
1 0.31406250 0.05625000 0.10312500 0.03750000
1 0.74375000 0.11250000 0.10937500 0.04375000
1 0.50312500 0.00937500 0.09375000 0.01875000
1 0.19765625 0.42656250 0.04531250 0.02500000
1 0.18281250 0.04765625 0.10000000 0.03906250
1 0.06562500 0.11875000 0.10000000 0.04375000
1 0.97500000 0.11015625 0.05000000 0.04218750
1 0.57656250 0.60703125 0.04687500 0.01406250
1 0.36562500 0.00625000 0.06875000 0.01250000
1 0.47812500 0.04609375 0.09375000 0.03906250
1 0.64765625 0.60703125 0.04218750 0.01406250
