2 0.64687500 0.66718750 0.02500000 0.01875000
2 0.46796875 0.57890625 0.02031250 0.02031250
2 0.05156250 0.52031250 0.02812500 0.02187500
2 0.15859375 0.54765625 0.02343750 0.02031250
2 0.37421875 0.64062500 0.02656250 0.02187500
2 0.44140625 0.61250000 0.02031250 0.01875000
2 0.17734375 0.44687500 0.01406250 0.01875000
2 0.06796875 0.40468750 0.01718750 0.03750000
2 0.99218750 0.66718750 0.01562500 0.03437500
2 0.45859375 0.64218750 0.03281250 0.02187500
2 0.64140625 0.66953125 0.01406250 0.01406250
2 0.12343750 0.77656250 0.04375000 0.03437500
2 0.25703125 0.53437500 0.01406250 0.01875000
2 0.47031250 0.55859375 0.01875000 0.01718750
2 0.44453125 0.59062500 0.01718750 0.02187500
2 0.12109375 0.53671875 0.02031250 0.01718750
2 0.01484375 0.23906250 0.01718750 0.02812500
2 0.49140625 0.59765625 0.01718750 0.02031250
2 0.72187500 0.54687500 0.02187500 0.04375000
2 0.65312500 0.66718750 0.01250000 0.01875000
2 0.47421875 0.56562500 0.02656250 0.03437500
2 0.26015625 0.53671875 0.02343750 0.02343750
2 0.34296875 0.62734375 0.03593750 0.02968750
1 0.91484375 0.73281250 0.08906250 0.03437500
1 0.59218750 0.90156250 0.09062500 0.03750000
1 0.01796875 0.48125000 0.03593750 0.08437500
1 0.99140625 0.66796875 0.01718750 0.03593750
1 0.85625000 0.85234375 0.08750000 0.03593750
1 0.60625000 0.79140625 0.09062500 0.03593750
1 0.15078125 0.47890625 0.04218750 0.03593750
1 0.27031250 0.56718750 0.03125000 0.02500000
1 0.96953125 0.85390625 0.06093750 0.03906250
1 0.62343750 0.84765625 0.09687500 0.04531250
1 0.98359375 0.79609375 0.03281250 0.03593750
1 0.08906250 0.62578125 0.09375000 0.06718750
1 0.30781250 0.58125000 0.03125000 0.03125000
1 0.45781250 0.64218750 0.03437500 0.02500000
1 0.83437500 0.97031250 0.09687500 0.03750000
1 0.88750000 0.79453125 0.10000000 0.04218750
1 0.36484375 0.69218750 0.08906250 0.03750000
1 0.73203125 0.79375000 0.08281250 0.04062500
1 0.95078125 0.91250000 0.09218750 0.03437500
1 0.12734375 0.57968750 0.03906250 0.02500000
1 0.12343750 0.77734375 0.04375000 0.03593750
1 0.95468750 0.97890625 0.09062500 0.03593750
1 0.73515625 0.85000000 0.08593750 0.03750000
1 0.98906250 0.73203125 0.02187500 0.05156250
1 0.70703125 0.90546875 0.09218750 0.03906250
1 0.72890625 0.97265625 0.09218750 0.03906250
1 0.56640625 0.73046875 0.09843750 0.03906250
1 0.61953125 0.97187500 0.09218750 0.04375000
1 0.82734375 0.91015625 0.09531250 0.03906250
1 0.69140625 0.73828125 0.08906250 0.03593750
1 0.80546875 0.73593750 0.08281250 0.03750000
