2 0.90312500 0.28593750 0.01875000 0.01875000
2 0.32265625 0.57421875 0.03281250 0.02968750
2 0.50625000 0.61953125 0.04375000 0.02968750
2 0.23046875 0.57343750 0.03593750 0.03437500
2 0.26250000 0.63046875 0.02812500 0.03281250
2 0.17812500 0.45390625 0.03437500 0.02968750
2 0.56796875 0.45234375 0.02031250 0.02656250
2 0.31640625 0.47343750 0.02031250 0.02187500
2 0.90156250 0.28359375 0.01562500 0.01406250
2 0.99531250 0.30312500 0.00937500 0.02187500
2 0.26640625 0.57031250 0.02343750 0.02812500
2 0.09531250 0.23203125 0.01250000 0.01406250
2 0.27890625 0.56562500 0.04218750 0.02500000
2 0.29218750 0.46093750 0.01875000 0.02187500
2 0.00625000 0.61250000 0.01250000 0.02187500
2 0.85703125 0.45546875 0.01718750 0.01406250
2 0.58281250 0.44062500 0.03437500 0.02500000
2 0.18281250 0.45156250 0.02187500 0.01875000
2 0.74375000 0.45625000 0.01875000 0.01562500
2 0.28593750 0.56015625 0.03125000 0.01406250
2 0.17187500 0.45000000 0.02187500 0.01875000
2 0.26875000 0.62578125 0.01562500 0.02343750
2 0.84375000 0.28203125 0.01250000 0.01718750
2 0.32812500 0.57031250 0.02187500 0.02187500
2 0.90703125 0.39218750 0.01406250 0.01562500
2 0.59375000 0.56796875 0.02187500 0.02656250
2 0.02421875 0.95078125 0.04843750 0.07031250
2 0.22890625 0.47187500 0.02031250 0.01875000
2 0.35312500 0.44062500 0.02187500 0.03125000
2 0.99609375 0.29921875 0.00781250 0.01718750
2 0.41015625 0.34843750 0.02031250 0.02812500
2 0.22500000 0.57109375 0.02500000 0.02968750
2 0.25000000 0.49531250 0.02500000 0.03125000
2 0.88750000 0.29375000 0.02500000 0.01562500
2 0.68984375 0.43593750 0.02968750 0.03125000
2 0.91562500 0.53281250 0.03125000 0.03125000
2 0.67109375 0.29062500 0.02343750 0.01562500
2 0.22500000 0.47421875 0.02812500 0.02343750
2 0.00781250 0.96718750 0.01562500 0.04062500
2 0.89453125 0.28906250 0.03593750 0.02500000
2 0.65000000 0.52109375 0.02812500 0.03906250
2 0.89453125 0.36796875 0.01718750 0.02656250
2 0.60390625 0.55859375 0.04218750 0.04218750
2 0.61328125 0.55703125 0.02343750 0.03906250
2 0.31562500 0.47812500 0.02187500 0.03125000
2 0.02421875 0.92968750 0.04843750 0.02812500
2 0.82187500 0.29453125 0.01562500 0.01718750
2 0.33593750 0.96953125 0.02187500 0.02656250
2 0.25859375 0.63515625 0.02343750 0.02343750
2 0.99453125 0.45859375 0.01093750 0.00781250
0 0.64921875 0.67265625 0.33593750 0.06718750
0 0.61796875 0.67500000 0.27031250 0.06250000
1 0.85937500 0.42031250 0.11562500 0.05000000
1 0.45546875 0.80703125 0.10156250 0.03906250
1 0.59531250 0.41640625 0.10625000 0.04218750
1 0.96718750 0.79765625 0.06562500 0.03906250
1 0.72343750 0.41328125 0.10000000 0.03281250
1 0.87656250 0.72890625 0.09687500 0.03906250
1 0.02421875 0.95156250 0.04843750 0.07187500
1 0.97812500 0.73359375 0.04375000 0.03906250
1 0.14062500 0.86406250 0.09375000 0.06562500
1 0.33750000 0.22343750 0.04375000 0.09375000
1 0.22890625 0.16484375 0.04218750 0.10468750
1 0.44921875 0.74140625 0.09531250 0.03906250
1 0.80625000 0.80156250 0.09375000 0.04062500
1 0.29843750 0.82500000 0.08750000 0.04687500
1 0.15312500 0.56484375 0.09062500 0.08593750
1 0.72421875 0.42343750 0.10156250 0.05000000
1 0.97421875 0.41015625 0.05156250 0.03906250
1 0.58125000 0.73203125 0.10000000 0.03906250
1 0.46953125 0.39296875 0.11093750 0.05781250
1 0.34062500 0.04531250 0.04062500 0.06875000
1 0.51015625 0.24140625 0.07656250 0.08281250
1 0.71328125 0.73984375 0.10156250 0.03906250
1 0.65703125 0.79843750 0.10781250 0.04062500
1 0.73828125 0.29218750 0.09843750 0.04062500
1 0.87109375 0.66796875 0.06718750 0.05468750
