0 0.32265625 0.02578125 0.26093750 0.05156250
1 0.91093750 0.10937500 0.09687500 0.04062500
1 0.63125000 0.07968750 0.08750000 0.04062500
1 0.04296875 0.21250000 0.08593750 0.04062500
1 0.95781250 0.03671875 0.08437500 0.04531250
1 0.82890625 0.25781250 0.09843750 0.04062500
1 0.52656250 0.26015625 0.08750000 0.04218750
1 0.00625000 0.27187500 0.01250000 0.03750000
1 0.30781250 0.21015625 0.09687500 0.03906250
1 0.60078125 0.20390625 0.10156250 0.04218750
1 0.01796875 0.33125000 0.03593750 0.03750000
1 0.17343750 0.21328125 0.10312500 0.03906250
1 0.97031250 0.31171875 0.05937500 0.03593750
1 0.22031250 0.32656250 0.10625000 0.04062500
1 0.14453125 0.27109375 0.09531250 0.03906250
1 0.38281250 0.11796875 0.10000000 0.03593750
1 0.97421875 0.19531250 0.05156250 0.03750000
1 0.43593750 0.20234375 0.10000000 0.03906250
1 0.45625000 0.32265625 0.10625000 0.03906250
1 0.73750000 0.31484375 0.08125000 0.03906250
1 0.73515625 0.19921875 0.10468750 0.03906250
1 0.60390625 0.02031250 0.05781250 0.04062500
1 0.86875000 0.19765625 0.09687500 0.03906250
