2 0.45390625 0.54062500 0.02968750 0.03125000
2 0.46484375 0.51250000 0.02343750 0.02187500
2 0.98828125 0.53750000 0.02343750 0.01875000
2 0.48046875 0.49765625 0.01406250 0.03593750
2 0.69453125 0.54687500 0.01406250 0.02500000
2 0.47031250 0.50156250 0.03437500 0.04062500
2 0.46328125 0.51796875 0.04843750 0.07343750
2 0.68203125 0.61015625 0.01718750 0.02343750
1 0.88281250 0.41406250 0.10625000 0.05000000
1 0.53984375 0.99453125 0.09531250 0.01093750
1 0.96953125 0.35390625 0.06093750 0.07656250
1 0.74921875 0.94765625 0.09531250 0.04218750
1 0.86718750 0.89062500 0.09687500 0.04062500
1 0.30234375 0.90000000 0.09531250 0.03750000
1 0.03593750 0.90312500 0.07187500 0.04062500
1 0.38281250 0.95546875 0.10000000 0.03906250
1 0.43359375 0.89375000 0.10156250 0.03750000
1 0.57187500 0.89375000 0.10000000 0.04062500
1 0.02734375 0.96328125 0.05468750 0.03906250
1 0.97421875 0.88828125 0.05156250 0.03906250
1 0.24843750 0.96250000 0.10000000 0.03750000
1 0.63750000 0.95156250 0.08125000 0.03750000
1 0.12265625 0.96640625 0.10156250 0.03906250
1 0.37265625 0.41406250 0.04218750 0.08437500
1 0.17109375 0.90390625 0.10156250 0.03906250
1 0.78750000 0.99140625 0.09375000 0.01718750
1 0.32890625 0.68906250 0.09531250 0.04375000
1 0.30000000 0.43125000 0.04375000 0.08750000
1 0.51953125 0.95468750 0.10156250 0.04062500
1 0.02109375 0.43984375 0.04218750 0.06406250
1 0.73359375 0.89140625 0.10156250 0.03906250
