1 0.85703125 0.04375000 0.03906250 0.08750000
1 0.75234375 0.16015625 0.03906250 0.09531250
1 0.57265625 0.80312500 0.04218750 0.09375000
1 0.75312500 0.30546875 0.04062500 0.10156250
1 0.76171875 0.03515625 0.03906250 0.07031250
1 0.63203125 0.43671875 0.03906250 0.09843750
1 0.07968750 0.40390625 0.10312500 0.04843750
1 0.24453125 0.07421875 0.03906250 0.10156250
1 0.82500000 0.73281250 0.04375000 0.10312500
1 0.64531250 0.01250000 0.03750000 0.02500000
1 0.06250000 0.88281250 0.09687500 0.04062500
1 0.22109375 0.21093750 0.04843750 0.06250000
1 0.87890625 0.63515625 0.03906250 0.09218750
1 0.24843750 0.93828125 0.10625000 0.04531250
1 0.62734375 0.61640625 0.04218750 0.09843750
1 0.63515625 0.22890625 0.04218750 0.11093750
1 0.18671875 0.32890625 0.09843750 0.09843750
1 0.19375000 0.88046875 0.10312500 0.03906250
1 0.82578125 0.28203125 0.03906250 0.09531250
1 0.68906250 0.48828125 0.04375000 0.09843750
1 0.88515625 0.91328125 0.03906250 0.09843750
1 0.01484375 0.98750000 0.02968750 0.02500000
1 0.57109375 0.15859375 0.04218750 0.10156250
1 0.88437500 0.27109375 0.04375000 0.11093750
1 0.74921875 0.98437500 0.03906250 0.03125000
1 0.75156250 0.62187500 0.04375000 0.10000000
1 0.56406250 0.55234375 0.04375000 0.10468750
1 0.68515625 0.76562500 0.04218750 0.09687500
1 0.70234375 0.05078125 0.04218750 0.10156250
1 0.62421875 0.90000000 0.04218750 0.10000000
1 0.21250000 0.38671875 0.10625000 0.06718750
1 0.75468750 0.46406250 0.04062500 0.10625000
0 0.15937500 0.98671875 0.25625000 0.02656250
2 0.43671875 0.33828125 0.01718750 0.02031250
2 0.94609375 0.09843750 0.01406250 0.06250000
2 0.28359375 0.46406250 0.03593750 0.02812500
2 0.97578125 0.48437500 0.02656250 0.04062500
2 0.10312500 0.63828125 0.02812500 0.02343750
2 0.33281250 0.37812500 0.01562500 0.02187500
2 0.22812500 0.59375000 0.01875000 0.01562500
2 0.30859375 0.31875000 0.01406250 0.01562500
2 0.98125000 0.30859375 0.01562500 0.03281250
2 0.35859375 0.57500000 0.01718750 0.01562500
