1 0.31015625 0.96796875 0.07968750 0.03906250
1 0.42734375 0.90546875 0.09531250 0.03906250
1 0.54531250 0.96484375 0.08437500 0.03906250
1 0.81953125 0.64765625 0.03906250 0.02343750
1 0.16406250 0.72734375 0.09687500 0.03906250
1 0.94843750 0.63437500 0.03750000 0.02187500
1 0.89765625 0.97343750 0.07343750 0.03750000
1 0.35234375 0.84687500 0.08593750 0.03750000
1 0.42578125 0.96406250 0.09531250 0.05000000
1 0.19062500 0.89609375 0.09062500 0.03593750
1 0.90000000 0.85312500 0.10000000 0.04687500
1 0.57265625 0.78906250 0.09531250 0.04062500
1 0.40390625 0.73125000 0.08281250 0.03750000
1 0.02187500 0.96328125 0.04375000 0.03593750
1 0.76250000 0.96875000 0.09687500 0.04375000
1 0.05546875 0.64453125 0.03906250 0.02031250
1 0.96953125 0.79140625 0.06093750 0.03593750
1 0.18125000 0.96796875 0.08437500 0.03593750
1 0.28828125 0.73281250 0.08906250 0.03437500
1 0.30625000 0.90078125 0.09375000 0.03906250
1 0.38828125 0.78984375 0.09218750 0.04218750
1 0.91328125 0.61718750 0.02968750 0.01562500
1 0.22187500 0.84453125 0.09375000 0.03906250
1 0.72109375 0.79218750 0.09843750 0.03437500
1 0.22343750 0.78750000 0.09062500 0.03750000
1 0.97656250 0.96718750 0.04687500 0.03437500
1 0.63046875 0.84687500 0.08906250 0.03437500
1 0.97656250 0.73984375 0.04687500 0.03906250
1 0.55000000 0.90625000 0.09062500 0.03437500
1 0.65000000 0.97343750 0.10000000 0.03750000
1 0.94609375 0.60312500 0.03593750 0.01875000
1 0.72109375 0.90625000 0.09843750 0.04062500
1 0.51250000 0.72734375 0.08750000 0.03593750
1 0.85156250 0.79453125 0.09375000 0.03906250
