1 0.67109375 0.07734375 0.10468750 0.03906250
1 0.92421875 0.01171875 0.10468750 0.02343750
1 0.43671875 0.02343750 0.09531250 0.04687500
1 0.10937500 0.03671875 0.09687500 0.04531250
1 0.01484375 0.42265625 0.02968750 0.02343750
1 0.01484375 0.43671875 0.02968750 0.05156250
1 0.22578125 0.09375000 0.11406250 0.05000000
1 0.09921875 0.10000000 0.09843750 0.04062500
1 0.21328125 0.27968750 0.10156250 0.04375000
1 0.70546875 0.26953125 0.09843750 0.04843750
1 0.41015625 0.08750000 0.10468750 0.05000000
1 0.11562500 0.20000000 0.10937500 0.04687500
1 0.77734375 0.01796875 0.09531250 0.03593750
1 0.95156250 0.06718750 0.09687500 0.03750000
1 0.84609375 0.49140625 0.02968750 0.02343750
1 0.54375000 0.21171875 0.11250000 0.04843750
1 0.68437500 0.56250000 0.09375000 0.04687500
1 0.54140625 0.08046875 0.09218750 0.03906250
1 0.80625000 0.07656250 0.10625000 0.04062500
2 0.03515625 0.14843750 0.02343750 0.03750000
