0 0.70781250 0.04687500 0.25312500 0.05312500
1 0.84921875 0.11171875 0.09531250 0.03593750
1 0.98046875 0.05156250 0.03906250 0.03437500
1 0.78906250 0.22343750 0.09687500 0.03750000
1 0.93671875 0.17187500 0.09218750 0.03750000
1 0.70234375 0.16875000 0.07343750 0.03437500
1 0.33203125 0.16406250 0.08593750 0.03750000
1 0.18984375 0.21328125 0.08906250 0.03593750
1 0.43281250 0.28437500 0.09687500 0.03750000
1 0.88359375 0.29062500 0.10156250 0.03750000
1 0.58750000 0.16640625 0.10000000 0.03906250
1 0.20468750 0.10390625 0.08750000 0.03593750
1 0.32421875 0.28515625 0.08906250 0.03906250
1 0.87578125 0.05937500 0.08906250 0.03750000
1 0.54921875 0.22500000 0.09218750 0.03437500
1 0.90546875 0.22968750 0.10156250 0.03437500
1 0.54921875 0.29296875 0.09843750 0.03906250
1 0.65546875 0.28750000 0.09218750 0.03750000
1 0.21875000 0.28359375 0.09375000 0.04218750
1 0.48750000 0.10703125 0.10000000 0.04218750
1 0.51250000 0.04609375 0.08750000 0.03593750
1 0.22265625 0.16250000 0.09531250 0.04375000
1 0.45390625 0.16562500 0.08906250 0.03437500
1 0.30468750 0.21875000 0.09062500 0.03750000
1 0.32890625 0.10703125 0.07968750 0.04218750
1 0.96953125 0.35546875 0.06093750 0.07968750
1 0.67109375 0.22578125 0.08906250 0.03906250
1 0.42656250 0.22343750 0.09687500 0.03750000
1 0.40468750 0.04843750 0.08437500 0.03437500
1 0.98828125 0.11406250 0.02343750 0.04062500
1 0.28906250 0.05078125 0.09062500 0.03593750
1 0.16406250 0.04218750 0.09687500 0.03750000
1 0.61484375 0.11015625 0.09531250 0.03593750
1 0.80859375 0.17109375 0.08593750 0.03906250
1 0.73515625 0.11328125 0.08906250 0.03593750
1 0.30781250 0.52109375 0.09375000 0.04218750
1 0.99375000 0.23046875 0.01250000 0.03593750
1 0.77343750 0.29062500 0.08750000 0.03750000
