2 0.47109375 0.13593750 0.01406250 0.02187500
2 0.39296875 0.29296875 0.01406250 0.03281250
2 0.96718750 0.05000000 0.01250000 0.01562500
2 0.75234375 0.83750000 0.03281250 0.03750000
2 0.27890625 0.47421875 0.04218750 0.02656250
2 0.31484375 0.56171875 0.02656250 0.02656250
2 0.00625000 0.37968750 0.01250000 0.04375000
2 0.30937500 0.55625000 0.01562500 0.01562500
2 0.07421875 0.56015625 0.02343750 0.02343750
2 0.33437500 0.38203125 0.02187500 0.01718750
2 0.28515625 0.47031250 0.02968750 0.01875000
2 0.11875000 0.50781250 0.01250000 0.01250000
2 0.21718750 0.46640625 0.01250000 0.01718750
2 0.06953125 0.55625000 0.01406250 0.01562500
2 0.32500000 0.18437500 0.01562500 0.02187500
2 0.29687500 0.03203125 0.01250000 0.02031250
2 0.43671875 0.34218750 0.01718750 0.01562500
2 0.88359375 0.23125000 0.01093750 0.01250000
0 0.16640625 0.98828125 0.25468750 0.02343750
1 0.21875000 0.20703125 0.05312500 0.08593750
1 0.75234375 0.16484375 0.04218750 0.09218750
1 0.58515625 0.77812500 0.04531250 0.09375000
1 0.08359375 0.41171875 0.10468750 0.04843750
1 0.90781250 0.04140625 0.03750000 0.08281250
1 0.75859375 0.03593750 0.03906250 0.07187500
1 0.63359375 0.43437500 0.03906250 0.09062500
1 0.89687500 0.86015625 0.04062500 0.09531250
1 0.59062500 0.98906250 0.04062500 0.02187500
1 0.89218750 0.58281250 0.04062500 0.10000000
1 0.69687500 0.24453125 0.03750000 0.09531250
1 0.24453125 0.07812500 0.03906250 0.09687500
1 0.06718750 0.88750000 0.09687500 0.04062500
1 0.25312500 0.94218750 0.10312500 0.03750000
1 0.64218750 0.70781250 0.04062500 0.10625000
1 0.51562500 0.18046875 0.04062500 0.08906250
1 0.99609375 0.16250000 0.00781250 0.09687500
1 0.19921875 0.88437500 0.10156250 0.04062500
1 0.70312500 0.02421875 0.04062500 0.04843750
1 0.75468750 0.46562500 0.04062500 0.10625000
1 0.57812500 0.22343750 0.04062500 0.09375000
1 0.18125000 0.34609375 0.08437500 0.08593750
1 0.08984375 0.94375000 0.10468750 0.04687500
1 0.83750000 0.12421875 0.04062500 0.09843750
1 0.69062500 0.48515625 0.03750000 0.09531250
1 0.01875000 0.98984375 0.03750000 0.02031250
1 0.83828125 0.80000000 0.04218750 0.10937500
1 0.75390625 0.98437500 0.03906250 0.03125000
1 0.75390625 0.62421875 0.04218750 0.09843750
1 0.57500000 0.53593750 0.04375000 0.10312500
1 0.69375000 0.86093750 0.03750000 0.09375000
1 0.64140625 0.11953125 0.03906250 0.08906250
1 0.75078125 0.30859375 0.03906250 0.10156250
1 0.65234375 0.98359375 0.03906250 0.03281250
1 0.89687500 0.28203125 0.04062500 0.09843750
1 0.36171875 0.48281250 0.08906250 0.09062500
1 0.97031250 0.45625000 0.05937500 0.09687500
1 0.82656250 0.52109375 0.04062500 0.10156250
1 0.58203125 0.03125000 0.04218750 0.06250000
