0 0.05078125 0.66875000 0.10156250 0.05625000
1 0.05468750 0.40390625 0.10937500 0.08281250
1 0.94296875 0.17500000 0.05156250 0.05000000
1 0.82109375 0.77109375 0.10156250 0.03906250
1 0.98515625 0.36406250 0.02968750 0.10000000
1 0.63828125 0.65859375 0.10156250 0.03906250
1 0.88281250 0.90312500 0.09375000 0.05625000
1 0.77968750 0.36796875 0.04687500 0.09843750
1 0.45937500 0.71328125 0.09687500 0.04218750
1 0.53203125 0.77968750 0.11718750 0.04062500
1 0.68750000 0.77968750 0.10937500 0.04375000
1 0.17656250 0.40859375 0.10312500 0.04218750
1 0.24218750 0.78906250 0.10312500 0.04062500
1 0.38593750 0.66718750 0.09687500 0.04062500
1 0.21484375 0.66562500 0.06718750 0.04062500
1 0.25390625 0.72890625 0.10156250 0.03906250
1 0.80937500 0.64843750 0.10625000 0.04062500
1 0.44062500 0.40781250 0.11562500 0.05000000
1 0.97656250 0.76640625 0.04687500 0.04218750
1 0.10000000 0.72656250 0.10000000 0.04062500
1 0.10937500 0.79296875 0.10000000 0.03906250
1 0.83203125 0.36796875 0.04531250 0.09531250
1 0.90546875 0.70703125 0.08593750 0.03593750
1 0.75234375 0.98593750 0.10781250 0.02812500
1 0.31953125 0.28359375 0.09843750 0.04218750
1 0.37890625 0.78593750 0.10156250 0.04062500
1 0.08984375 0.23593750 0.07968750 0.08125000
1 0.58437500 0.71718750 0.10625000 0.04062500
1 0.57187500 0.39765625 0.09375000 0.04218750
1 0.72109375 0.71484375 0.09218750 0.03593750
1 0.60000000 0.28281250 0.05312500 0.03437500
1 0.89375000 0.37187500 0.04062500 0.09687500
1 0.94609375 0.65234375 0.10781250 0.03593750
1 0.98593750 0.70859375 0.02812500 0.03906250
