1 0.50156250 0.71796875 0.09062500 0.03593750
1 0.86093750 0.96093750 0.08437500 0.03750000
1 0.05703125 0.77578125 0.08906250 0.04218750
1 0.23359375 0.77890625 0.08281250 0.03593750
1 0.07343750 0.83750000 0.09062500 0.03750000
1 0.73984375 0.95781250 0.09531250 0.03750000
1 0.96484375 0.83359375 0.07031250 0.03593750
1 0.30703125 0.89609375 0.09218750 0.03906250
1 0.47265625 0.84296875 0.07968750 0.03593750
1 0.59453125 0.95625000 0.08593750 0.03750000
1 0.09921875 0.57265625 0.08906250 0.06718750
1 0.24062500 0.83906250 0.08750000 0.04062500
1 0.85312500 0.77890625 0.08125000 0.03593750
1 0.37031250 0.65625000 0.08750000 0.03437500
1 0.96875000 0.95625000 0.06250000 0.03750000
1 0.98750000 0.71328125 0.02500000 0.03906250
1 0.02578125 0.42187500 0.05156250 0.08125000
1 0.52734375 0.77890625 0.08906250 0.03593750
1 0.73359375 0.89140625 0.09218750 0.03906250
1 0.85000000 0.71875000 0.09687500 0.03750000
1 0.65937500 0.71640625 0.09062500 0.03906250
1 0.09609375 0.89140625 0.08906250 0.03593750
0 0.90000000 0.29218750 0.20000000 0.15312500
2 0.13359375 0.45234375 0.02343750 0.02656250
2 0.48046875 0.55625000 0.01718750 0.01250000
2 0.15625000 0.40937500 0.01875000 0.02187500
2 0.00546875 0.05781250 0.01093750 0.01562500
2 0.97812500 0.60625000 0.02812500 0.01562500
2 0.79609375 0.35546875 0.01406250 0.02343750
2 0.21953125 0.58437500 0.03281250 0.01875000
2 0.05625000 0.67890625 0.03750000 0.02343750
2 0.17187500 0.43828125 0.01562500 0.02343750
2 0.21875000 0.59609375 0.03437500 0.04218750
2 0.41718750 0.52109375 0.01562500 0.02343750
2 0.40468750 0.60625000 0.01875000 0.01562500
2 0.09453125 0.43437500 0.02031250 0.03437500
2 0.82734375 0.56093750 0.02343750 0.04375000
2 0.72421875 0.53046875 0.02656250 0.03906250
2 0.97343750 0.55390625 0.02812500 0.02656250
2 0.49531250 0.59375000 0.03437500 0.01562500
2 0.47265625 0.56171875 0.03281250 0.02343750
2 0.41250000 0.60625000 0.03750000 0.01875000
2 0.05312500 0.13593750 0.02187500 0.04062500
2 0.73046875 0.57812500 0.03281250 0.01562500
2 0.21718750 0.60390625 0.01875000 0.02656250
2 0.74765625 0.56015625 0.02968750 0.02656250
