1 0.97109375 0.34609375 0.05781250 0.07343750
1 0.75078125 0.94140625 0.09531250 0.04218750
1 0.49296875 0.88593750 0.10781250 0.04687500
1 0.89140625 0.93984375 0.10468750 0.04531250
1 0.86953125 0.88437500 0.09843750 0.04062500
1 0.02812500 0.95390625 0.05625000 0.03906250
1 0.38593750 0.94843750 0.10000000 0.04062500
1 0.97500000 0.88281250 0.05000000 0.03750000
1 0.12421875 0.95703125 0.10156250 0.03906250
1 0.25000000 0.95468750 0.09687500 0.03437500
1 0.30234375 0.42265625 0.04218750 0.08906250
1 0.42265625 0.99296875 0.09531250 0.01406250
1 0.03750000 0.99531250 0.07500000 0.00937500
1 0.88593750 0.40703125 0.10000000 0.04843750
1 0.63984375 0.94296875 0.07968750 0.03906250
1 0.79062500 0.98750000 0.09375000 0.02500000
1 0.52031250 0.94531250 0.10625000 0.04687500
1 0.02187500 0.43125000 0.04375000 0.06562500
1 0.37656250 0.40546875 0.04375000 0.08593750
1 0.13828125 0.99375000 0.27656250 0.01250000
1 0.54140625 0.99140625 0.09531250 0.01718750
0 0.92031250 0.98984375 0.15937500 0.02031250
2 0.92031250 0.50312500 0.01250000 0.01250000
2 0.08203125 0.51015625 0.02031250 0.01406250
2 0.69765625 0.53750000 0.01406250 0.02187500
2 0.37500000 0.53203125 0.02812500 0.01718750
2 0.08359375 0.50937500 0.02343750 0.01875000
2 0.88281250 0.55312500 0.02187500 0.02187500
2 0.04531250 0.55000000 0.04062500 0.01562500
2 0.02031250 0.49140625 0.04062500 0.01718750
2 0.62812500 0.63203125 0.03437500 0.01718750
2 0.08984375 0.50390625 0.03593750 0.02656250
2 0.68437500 0.60625000 0.01250000 0.02500000
2 0.69843750 0.54375000 0.01562500 0.03437500
2 0.76875000 0.59062500 0.01250000 0.02187500
