1 0.87734375 0.21171875 0.09531250 0.03906250
1 0.42109375 0.35000000 0.09843750 0.03750000
1 0.73750000 0.21875000 0.08437500 0.03750000
1 0.97578125 0.20703125 0.04843750 0.03906250
1 0.03593750 0.30078125 0.07187500 0.04218750
1 0.31093750 0.29531250 0.09375000 0.04062500
1 0.95312500 0.38828125 0.09375000 0.03593750
1 0.57968750 0.28437500 0.09375000 0.03750000
1 0.48984375 0.22890625 0.09531250 0.04531250
1 0.29375000 0.41250000 0.08750000 0.03750000
1 0.54453125 0.34765625 0.08906250 0.04218750
1 0.04375000 0.36015625 0.08750000 0.03906250
1 0.10468750 0.23750000 0.10312500 0.04062500
1 0.25156250 0.35000000 0.09687500 0.03750000
1 0.71718750 0.27656250 0.09375000 0.03750000
1 0.17343750 0.29687500 0.10312500 0.04062500
1 0.37734375 0.23203125 0.10156250 0.04218750
1 0.96875000 0.26640625 0.06250000 0.03906250
1 0.45000000 0.28671875 0.09687500 0.03906250
1 0.60703125 0.40390625 0.08906250 0.04218750
1 0.70000000 0.34375000 0.05000000 0.03750000
1 0.61640625 0.22265625 0.09531250 0.03906250
1 0.14140625 0.35625000 0.08593750 0.03437500
1 0.97265625 0.33281250 0.05468750 0.03437500
1 0.86953125 0.27031250 0.10156250 0.03750000
