0 0.70546875 0.73515625 0.25468750 0.05468750
1 0.43281250 0.97109375 0.09687500 0.03906250
1 0.61484375 0.79765625 0.09531250 0.03593750
1 0.16562500 0.73125000 0.09687500 0.03750000
1 0.98046875 0.73828125 0.03906250 0.03593750
1 0.78984375 0.91093750 0.09843750 0.03750000
1 0.90546875 0.91640625 0.10156250 0.03593750
1 0.33203125 0.85078125 0.08593750 0.03593750
1 0.22265625 0.84921875 0.09531250 0.03906250
1 0.45390625 0.85312500 0.08906250 0.03750000
1 0.16640625 0.67265625 0.08281250 0.03593750
1 0.93515625 0.85859375 0.08906250 0.03906250
1 0.30546875 0.90625000 0.09218750 0.03750000
1 0.87578125 0.74609375 0.09218750 0.03593750
1 0.55078125 0.91250000 0.09218750 0.03437500
1 0.67187500 0.91250000 0.09375000 0.04062500
1 0.19062500 0.90156250 0.09062500 0.03750000
1 0.40546875 0.73671875 0.08281250 0.03593750
1 0.28906250 0.73984375 0.09062500 0.03593750
1 0.77812500 0.97656250 0.09062500 0.03750000
1 0.85000000 0.79843750 0.09375000 0.03437500
1 0.70234375 0.85546875 0.07343750 0.03281250
1 0.20390625 0.79140625 0.08906250 0.03593750
1 0.73515625 0.80078125 0.08906250 0.03593750
1 0.32343750 0.97187500 0.08750000 0.04062500
1 0.21796875 0.97265625 0.09218750 0.04218750
1 0.99453125 0.91718750 0.01093750 0.03437500
1 0.54921875 0.98046875 0.09843750 0.03906250
1 0.98828125 0.80078125 0.02343750 0.03906250
1 0.58906250 0.85468750 0.10312500 0.03750000
1 0.48750000 0.79531250 0.10000000 0.04062500
1 0.42656250 0.91171875 0.09687500 0.03906250
1 0.03046875 0.60859375 0.04843750 0.02656250
1 0.65625000 0.97500000 0.09375000 0.03750000
1 0.51328125 0.73359375 0.08593750 0.03593750
1 0.33046875 0.79453125 0.08281250 0.04218750
1 0.80937500 0.85859375 0.08437500 0.03906250
