1 0.69765625 0.03046875 0.10781250 0.04218750
1 0.50234375 0.09921875 0.09843750 0.04218750
1 0.62812500 0.09218750 0.11250000 0.05000000
1 0.82421875 0.02265625 0.10781250 0.04531250
1 0.01875000 0.88281250 0.03750000 0.09375000
1 0.05078125 0.12890625 0.08906250 0.07968750
1 0.81171875 0.08515625 0.09843750 0.05468750
1 0.06718750 0.75625000 0.04062500 0.10937500
1 0.01640625 0.75000000 0.03281250 0.09687500
1 0.43984375 0.03984375 0.10781250 0.04218750
1 0.95703125 0.02187500 0.08593750 0.04375000
1 0.88046875 0.57812500 0.05156250 0.01562500
1 0.56484375 0.03046875 0.09843750 0.03906250
1 0.01953125 0.98281250 0.03906250 0.03437500
