2 0.56796875 0.50625000 0.01093750 0.01562500
2 0.19765625 0.39921875 0.01406250 0.02031250
2 0.98281250 0.37890625 0.01875000 0.02343750
2 0.93750000 0.51718750 0.02812500 0.02187500
2 0.95234375 0.56015625 0.02656250 0.02343750
2 0.97656250 0.53984375 0.02500000 0.02031250
2 0.25625000 0.29921875 0.01250000 0.01718750
2 0.22187500 0.56250000 0.01875000 0.02500000
2 0.24062500 0.46328125 0.02812500 0.02031250
2 0.95156250 0.47343750 0.02500000 0.02187500
2 0.87265625 0.47187500 0.01406250 0.03437500
2 0.85000000 0.46328125 0.02500000 0.02656250
2 0.89296875 0.39453125 0.01406250 0.01718750
2 0.96953125 0.44296875 0.02031250 0.01718750
2 0.21953125 0.40390625 0.01718750 0.01406250
1 0.75078125 0.23281250 0.03906250 0.08437500
1 0.65625000 0.03437500 0.03437500 0.06875000
1 0.59218750 0.31250000 0.04375000 0.09375000
1 0.66875000 0.64062500 0.03437500 0.08750000
1 0.53046875 0.63750000 0.03593750 0.09062500
1 0.72812500 0.01171875 0.03750000 0.02343750
1 0.84531250 0.54296875 0.07812500 0.07968750
1 0.61484375 0.68828125 0.04531250 0.09531250
1 0.02031250 0.92656250 0.04062500 0.04375000
1 0.58906250 0.02500000 0.03750000 0.05000000
1 0.52968750 0.29062500 0.03437500 0.08750000
1 0.47109375 0.66171875 0.03281250 0.07343750
1 0.48281250 0.24140625 0.04375000 0.08906250
1 0.00468750 0.98750000 0.00937500 0.02500000
1 0.60156250 0.56718750 0.04062500 0.08750000
1 0.53203125 0.88593750 0.03593750 0.09687500
1 0.59296875 0.45781250 0.03906250 0.08437500
1 0.61875000 0.83671875 0.03750000 0.08281250
1 0.58437500 0.14453125 0.03750000 0.08906250
1 0.66015625 0.25937500 0.03593750 0.08750000
1 0.47734375 0.88750000 0.03593750 0.09062500
1 0.67031250 0.47890625 0.04062500 0.08281250
