1 0.76093750 0.01250000 0.03437500 0.02500000
1 0.67187500 0.05000000 0.04062500 0.10000000
1 0.47890625 0.78203125 0.09218750 0.08593750
1 0.54296875 0.24921875 0.03906250 0.09218750
1 0.87500000 0.51796875 0.08125000 0.07343750
1 0.60390625 0.21093750 0.04218750 0.09062500
1 0.55312500 0.01796875 0.03750000 0.03593750
1 0.54687500 0.12109375 0.03437500 0.08906250
1 0.49140625 0.23984375 0.03906250 0.10156250
1 0.77656250 0.39609375 0.06562500 0.08281250
1 0.60390625 0.00781250 0.03593750 0.01562500
1 0.37734375 0.38125000 0.05781250 0.03125000
1 0.49609375 0.11015625 0.03593750 0.09218750
1 0.96328125 0.59921875 0.07343750 0.05781250
1 0.57656250 0.60312500 0.07187500 0.09062500
1 0.49765625 0.01953125 0.03593750 0.03906250
1 0.60781250 0.09531250 0.03437500 0.08750000
1 0.66875000 0.26718750 0.03750000 0.08437500
