1 0.75859375 0.35390625 0.04531250 0.10468750
1 0.91718750 0.15937500 0.05312500 0.05312500
1 0.86875000 0.33515625 0.04062500 0.04843750
1 0.91796875 0.96484375 0.11406250 0.04531250
1 0.93906250 0.63828125 0.10000000 0.04218750
1 0.29218750 0.27500000 0.09687500 0.04375000
1 0.90859375 0.75859375 0.10781250 0.03906250
1 0.25390625 0.40625000 0.11093750 0.05937500
1 0.03906250 0.39687500 0.07812500 0.09062500
1 0.66718750 0.76796875 0.10937500 0.04218750
1 0.11093750 0.90156250 0.10625000 0.04687500
1 0.55000000 0.38828125 0.09375000 0.04218750
1 0.40859375 0.61328125 0.10468750 0.07031250
1 0.35000000 0.77812500 0.10000000 0.04062500
1 0.99296875 0.24375000 0.01406250 0.04062500
1 0.15234375 0.40156250 0.10468750 0.04375000
1 0.21953125 0.78281250 0.10468750 0.04062500
1 0.41718750 0.40078125 0.11562500 0.05156250
1 0.97500000 0.87343750 0.05000000 0.04062500
1 0.96640625 0.34921875 0.06093750 0.10468750
1 0.08750000 0.78906250 0.10000000 0.04375000
1 0.92812500 0.56953125 0.09687500 0.04218750
1 0.80859375 0.35546875 0.04531250 0.09531250
1 0.64531250 0.69843750 0.10312500 0.04375000
1 0.97343750 0.36171875 0.05000000 0.07968750
1 0.96640625 0.31875000 0.05468750 0.04375000
1 0.46250000 0.89140625 0.10000000 0.03906250
1 0.51171875 0.76875000 0.11718750 0.04375000
1 0.06171875 0.22968750 0.07968750 0.08125000
1 0.64765625 0.92031250 0.09531250 0.04375000
1 0.79687500 0.76015625 0.09375000 0.03906250
1 0.57421875 0.27109375 0.05468750 0.03281250
1 0.86875000 0.36015625 0.04062500 0.09843750
1 0.30078125 0.95078125 0.09843750 0.03906250
1 0.99375000 0.74765625 0.01250000 0.03906250
