1 0.46015625 0.15078125 0.09218750 0.03593750
1 0.21015625 0.08984375 0.07968750 0.03593750
1 0.96328125 0.03515625 0.07343750 0.03906250
1 0.94765625 0.26718750 0.08906250 0.03750000
1 0.93593750 0.08906250 0.09687500 0.03750000
1 0.33515625 0.15156250 0.08593750 0.03437500
1 0.35156250 0.02734375 0.09375000 0.03906250
1 0.33750000 0.20781250 0.09062500 0.03750000
1 0.46250000 0.02968750 0.09375000 0.03750000
1 0.33359375 0.27265625 0.08593750 0.03593750
1 0.51875000 0.26796875 0.08750000 0.04531250
1 0.31718750 0.09218750 0.08437500 0.03750000
1 0.80390625 0.08906250 0.08281250 0.03437500
1 0.42578125 0.08984375 0.07656250 0.03593750
1 0.20625000 0.14765625 0.08750000 0.03281250
1 0.19531250 0.20703125 0.09375000 0.03593750
1 0.20546875 0.27421875 0.08593750 0.03593750
1 0.58750000 0.15156250 0.10937500 0.03750000
1 0.85546875 0.15078125 0.10468750 0.03593750
1 0.46718750 0.20859375 0.09375000 0.03906250
1 0.19921875 0.03671875 0.09531250 0.03906250
1 0.55000000 0.08906250 0.09375000 0.03750000
1 0.71796875 0.15000000 0.09218750 0.03750000
1 0.59609375 0.02578125 0.08593750 0.03906250
1 0.85781250 0.03750000 0.08750000 0.03437500
1 0.68593750 0.09375000 0.09687500 0.03750000
1 0.74765625 0.03281250 0.09843750 0.03750000
1 0.95859375 0.15000000 0.08281250 0.03437500
