1 0.46093750 0.97421875 0.09687500 0.03906250
1 0.62265625 0.91328125 0.09531250 0.03906250
1 0.95781250 0.36796875 0.08437500 0.09218750
1 0.50000000 0.91796875 0.09375000 0.04218750
1 0.88671875 0.90234375 0.09531250 0.03906250
1 0.04140625 0.98281250 0.08281250 0.03437500
1 0.32187500 0.98125000 0.09375000 0.03750000
1 0.18359375 0.98203125 0.10468750 0.03593750
1 0.11640625 0.92421875 0.10468750 0.03906250
1 0.85937500 0.43515625 0.10312500 0.04843750
1 0.97265625 0.95781250 0.05468750 0.03750000
1 0.98046875 0.90000000 0.03906250 0.03750000
1 0.87734375 0.96093750 0.09843750 0.03750000
1 0.59062500 0.97343750 0.09687500 0.03750000
1 0.72578125 0.96718750 0.09531250 0.03750000
1 0.74609375 0.90859375 0.08593750 0.03906250
1 0.38671875 0.92109375 0.10156250 0.04218750
