2 0.91015625 0.51484375 0.02031250 0.02031250
2 0.98984375 0.52890625 0.02031250 0.02656250
1 0.03437500 0.44375000 0.05937500 0.09375000
1 0.98437500 0.48515625 0.03125000 0.02031250
1 0.77656250 0.98437500 0.09687500 0.03125000
1 0.01171875 0.78359375 0.02343750 0.03906250
1 0.35546875 0.91953125 0.08593750 0.03906250
1 0.04062500 0.62812500 0.07187500 0.03437500
1 0.71484375 0.92187500 0.09531250 0.04062500
1 0.11250000 0.21484375 0.04375000 0.08906250
1 0.00546875 0.92812500 0.01093750 0.03125000
1 0.12578125 0.46406250 0.04531250 0.06875000
1 0.50156250 0.97968750 0.08750000 0.04062500
1 0.08515625 0.91796875 0.09218750 0.03593750
1 0.23750000 0.92578125 0.08750000 0.03593750
1 0.60000000 0.92421875 0.08750000 0.03593750
1 0.32109375 0.45703125 0.04531250 0.08906250
1 0.63359375 0.97968750 0.08593750 0.04062500
1 0.36718750 0.98125000 0.09062500 0.03437500
1 0.01953125 0.24843750 0.03906250 0.06562500
1 0.48593750 0.92656250 0.09375000 0.03750000
1 0.55390625 0.40312500 0.03906250 0.09062500
1 0.24218750 0.98359375 0.09062500 0.03281250
1 0.66406250 0.80546875 0.10000000 0.04843750
