2 0.23593750 0.98515625 0.02187500 0.02343750
2 0.28125000 0.59453125 0.01562500 0.01406250
2 0.60546875 0.57578125 0.01718750 0.01406250
2 0.95859375 0.79609375 0.02031250 0.03281250
2 0.35156250 0.58125000 0.02187500 0.01562500
2 0.45312500 0.60000000 0.04375000 0.02812500
2 0.46718750 0.60078125 0.01562500 0.02031250
2 0.96171875 0.63203125 0.02656250 0.01718750
2 0.96484375 0.17578125 0.03593750 0.02656250
2 0.95390625 0.78828125 0.01406250 0.01718750
2 0.98984375 0.62656250 0.02031250 0.01875000
2 0.93125000 0.47421875 0.01875000 0.01718750
2 0.95546875 0.17968750 0.01406250 0.01562500
2 0.96250000 0.64453125 0.02500000 0.02343750
2 0.44218750 0.60078125 0.02500000 0.02656250
2 0.27656250 0.59296875 0.02500000 0.01406250
2 0.45234375 0.59375000 0.01718750 0.01562500
2 0.46171875 0.59843750 0.02656250 0.02500000
2 0.28750000 0.56406250 0.02812500 0.01875000
2 0.83828125 0.57734375 0.02656250 0.01718750
2 0.96171875 0.80234375 0.01406250 0.02031250
2 0.99296875 0.59140625 0.01406250 0.02656250
2 0.78125000 0.65078125 0.01562500 0.02343750
2 0.66640625 0.60625000 0.02968750 0.01562500
2 0.60000000 0.57578125 0.03437500 0.01718750
2 0.81093750 0.62968750 0.02500000 0.02187500
2 0.78828125 0.59531250 0.02656250 0.01875000
2 0.96953125 0.58437500 0.01406250 0.02812500
2 0.96953125 0.60156250 0.01718750 0.02187500
2 0.93359375 0.78281250 0.01093750 0.01250000
2 0.43984375 0.60781250 0.02031250 0.01250000
1 0.63359375 0.29218750 0.08906250 0.04062500
1 0.35156250 0.52734375 0.10000000 0.04218750
1 0.04375000 0.35390625 0.08750000 0.03593750
1 0.36562500 0.41093750 0.08750000 0.04062500
1 0.24531250 0.35000000 0.09375000 0.03437500
1 0.01093750 0.41328125 0.02187500 0.03906250
1 0.80000000 0.52968750 0.08437500 0.04375000
1 0.01406250 0.47343750 0.02812500 0.03750000
1 0.95000000 0.57578125 0.04375000 0.02968750
1 0.82187500 0.46796875 0.09687500 0.03906250
1 0.59062500 0.47812500 0.09375000 0.03750000
1 0.09062500 0.47187500 0.08750000 0.03750000
1 0.47421875 0.35312500 0.09843750 0.04375000
1 0.32734375 0.47343750 0.09531250 0.03750000
1 0.77734375 0.35546875 0.09531250 0.03593750
1 0.21250000 0.47109375 0.09062500 0.03593750
1 0.62421875 0.35468750 0.09531250 0.03750000
1 0.35703125 0.35234375 0.09218750 0.04218750
1 0.13984375 0.35390625 0.08281250 0.03593750
1 0.11484375 0.41640625 0.09531250 0.03906250
1 0.71718750 0.23281250 0.09375000 0.04062500
1 0.94140625 0.67031250 0.03906250 0.05000000
1 0.39531250 0.98046875 0.04375000 0.03906250
1 0.79140625 0.41328125 0.09843750 0.03906250
1 0.72343750 0.46718750 0.09375000 0.04062500
1 0.45390625 0.47187500 0.08906250 0.03437500
1 0.66562500 0.01718750 0.09375000 0.03437500
1 0.02187500 0.24609375 0.04375000 0.03906250
1 0.50234375 0.41562500 0.09218750 0.03750000
1 0.49375000 0.29296875 0.08750000 0.03906250
1 0.60078125 0.23750000 0.07968750 0.03750000
1 0.66406250 0.41093750 0.09062500 0.03437500
1 0.77734375 0.29687500 0.09531250 0.03437500
1 0.25000000 0.41093750 0.10000000 0.03750000
