2 0.95156250 0.46875000 0.01875000 0.02187500
2 0.50781250 0.53203125 0.01562500 0.01406250
2 0.96875000 0.48671875 0.01562500 0.02031250
2 0.00625000 0.48046875 0.01250000 0.03906250
2 0.10468750 0.56250000 0.01562500 0.02812500
2 0.97187500 0.77734375 0.01875000 0.02968750
2 0.28046875 0.23437500 0.01718750 0.01562500
2 0.40078125 0.53515625 0.02656250 0.01718750
2 0.05859375 0.18593750 0.03593750 0.06250000
2 0.27500000 0.54921875 0.01875000 0.02656250
2 0.04687500 0.17343750 0.05937500 0.08437500
2 0.05937500 0.53046875 0.02500000 0.02031250
2 0.99531250 0.39375000 0.00937500 0.01250000
2 0.72890625 0.64296875 0.01406250 0.02343750
2 0.02890625 0.14843750 0.02343750 0.03437500
2 0.51250000 0.53281250 0.02500000 0.01562500
2 0.72968750 0.58671875 0.00937500 0.02343750
2 0.23750000 0.54375000 0.02187500 0.04687500
1 0.31875000 0.45546875 0.04062500 0.08906250
1 0.90390625 0.66796875 0.08593750 0.05468750
1 0.12500000 0.46328125 0.04687500 0.07031250
1 0.22890625 0.70000000 0.09218750 0.04375000
1 0.11015625 0.21406250 0.04218750 0.08750000
1 0.74062500 0.98281250 0.09687500 0.03437500
1 0.09609375 0.66250000 0.09218750 0.03437500
1 0.03437500 0.44218750 0.05312500 0.09375000
1 0.55312500 0.40078125 0.04062500 0.09218750
1 0.33593750 0.87265625 0.08750000 0.07343750
1 0.01796875 0.24765625 0.03593750 0.06718750
1 0.20312500 0.98046875 0.05312500 0.03906250
