1 0.83125000 0.03281250 0.10937500 0.05000000
1 0.01171875 0.19375000 0.02343750 0.09375000
1 0.50781250 0.11171875 0.10000000 0.04218750
1 0.14453125 0.61640625 0.05156250 0.10781250
1 0.88750000 0.59140625 0.04687500 0.01406250
1 0.44921875 0.00781250 0.09531250 0.01562500
1 0.06953125 0.04531250 0.05468750 0.09062500
1 0.07031250 0.14765625 0.05312500 0.10781250
1 0.95703125 0.58906250 0.04218750 0.01562500
1 0.01875000 0.71875000 0.03750000 0.10000000
1 0.06953125 0.10078125 0.05468750 0.20156250
1 0.59140625 0.00468750 0.09218750 0.00937500
1 0.63359375 0.10546875 0.11406250 0.04843750
1 0.06875000 0.46953125 0.03750000 0.10156250
1 0.01718750 0.50000000 0.03437500 0.09687500
1 0.44531250 0.05156250 0.10937500 0.04375000
1 0.95937500 0.03203125 0.08125000 0.04843750
1 0.01171875 0.00781250 0.02343750 0.01562500
1 0.81875000 0.59296875 0.04062500 0.01406250
1 0.57421875 0.04296875 0.09843750 0.04218750
1 0.07265625 0.72343750 0.03593750 0.08750000
1 0.70546875 0.04375000 0.10781250 0.04062500
