1 0.93906250 0.11171875 0.09687500 0.03906250
1 0.37734375 0.41015625 0.09531250 0.03906250
1 0.61796875 0.15937500 0.09843750 0.03750000
1 0.41718750 0.15703125 0.09062500 0.03593750
1 0.99531250 0.03203125 0.00937500 0.02968750
1 0.76171875 0.28281250 0.09218750 0.04375000
1 0.99531250 0.16875000 0.00937500 0.03125000
1 0.02343750 0.26640625 0.04687500 0.03281250
1 0.25078125 0.21562500 0.09843750 0.04062500
1 0.46484375 0.27968750 0.08281250 0.03750000
1 0.55468750 0.21640625 0.10312500 0.04218750
1 0.03515625 0.41093750 0.07031250 0.04375000
1 0.02109375 0.09140625 0.04218750 0.03593750
1 0.97500000 0.22734375 0.05000000 0.04218750
1 0.87343750 0.05078125 0.10000000 0.03906250
1 0.25156250 0.09375000 0.10000000 0.04375000
1 0.17265625 0.03281250 0.09218750 0.03750000
1 0.19843750 0.27500000 0.09375000 0.03750000
1 0.15234375 0.15937500 0.09218750 0.04062500
1 0.96640625 0.41562500 0.06718750 0.03750000
1 0.40859375 0.03750000 0.09218750 0.03750000
1 0.60000000 0.52343750 0.10000000 0.03750000
1 0.57343750 0.04375000 0.09687500 0.03750000
1 0.65390625 0.36406250 0.09531250 0.04062500
1 0.21562500 0.35625000 0.08125000 0.03437500
1 0.69296875 0.10546875 0.08906250 0.03906250
0 0.89609375 0.48359375 0.20781250 0.05781250
0 0.33203125 0.48203125 0.23906250 0.05781250
0 0.33359375 0.46718750 0.24218750 0.08750000
