0 0.70312500 0.73281250 0.25625000 0.05625000
1 0.31796875 0.96875000 0.08593750 0.04375000
1 0.44843750 0.84921875 0.09062500 0.03593750
1 0.54453125 0.91015625 0.08906250 0.03593750
1 0.42734375 0.96875000 0.09531250 0.03750000
1 0.61093750 0.79453125 0.09687500 0.03593750
1 0.16093750 0.72578125 0.09687500 0.03906250
1 0.10078125 0.65078125 0.03593750 0.01718750
1 0.69921875 0.85468750 0.07343750 0.03437500
1 0.96406250 0.61718750 0.07187500 0.03750000
1 0.10937500 0.59296875 0.07187500 0.02031250
1 0.78593750 0.90937500 0.09687500 0.03750000
1 0.97578125 0.73828125 0.04843750 0.03593750
1 0.87968750 0.97656250 0.10312500 0.04062500
1 0.93203125 0.86015625 0.08906250 0.04218750
1 0.32890625 0.84609375 0.08593750 0.03593750
1 0.41640625 0.90781250 0.09531250 0.03750000
1 0.50859375 0.73046875 0.08906250 0.03593750
1 0.18515625 0.89687500 0.08906250 0.03750000
1 0.28671875 0.73437500 0.08906250 0.03750000
1 0.05000000 0.61796875 0.05000000 0.02031250
1 0.30078125 0.90156250 0.09218750 0.03750000
1 0.66640625 0.90859375 0.09218750 0.03906250
1 0.21328125 0.96718750 0.09531250 0.04062500
1 0.02031250 0.63906250 0.04062500 0.02500000
1 0.21640625 0.84453125 0.09218750 0.03906250
1 0.84609375 0.79609375 0.09531250 0.03593750
1 0.73203125 0.80000000 0.08906250 0.03750000
1 0.90078125 0.91640625 0.09843750 0.03593750
1 0.19843750 0.78593750 0.09375000 0.03437500
1 0.03125000 0.60625000 0.03750000 0.01875000
1 0.97578125 0.97656250 0.04843750 0.04062500
1 0.40078125 0.73281250 0.08281250 0.03437500
1 0.98593750 0.80078125 0.02812500 0.03906250
1 0.48125000 0.79140625 0.10000000 0.04218750
1 0.58437500 0.85234375 0.10625000 0.04218750
1 0.65000000 0.97265625 0.09375000 0.03593750
1 0.87109375 0.74609375 0.08593750 0.03593750
1 0.54375000 0.97578125 0.09687500 0.03593750
1 0.32578125 0.78906250 0.08281250 0.04062500
1 0.98906250 0.91796875 0.02187500 0.03906250
1 0.80781250 0.85781250 0.09062500 0.04062500
1 0.76718750 0.97500000 0.08750000 0.03750000
