1 0.46718750 0.71406250 0.09062500 0.04687500
1 0.69140625 0.77812500 0.09218750 0.03750000
1 0.95703125 0.65937500 0.08593750 0.03437500
1 0.91875000 0.95625000 0.09375000 0.03750000
1 0.94062500 0.77578125 0.10000000 0.03906250
1 0.32109375 0.77812500 0.08281250 0.03750000
1 0.21093750 0.83359375 0.08750000 0.03281250
1 0.33906250 0.83593750 0.08750000 0.03437500
1 0.20546875 0.72187500 0.08906250 0.04062500
1 0.01015625 0.98515625 0.02031250 0.02968750
1 0.97500000 0.83750000 0.05000000 0.03750000
1 0.34140625 0.89453125 0.08906250 0.03906250
1 0.51406250 0.95703125 0.09375000 0.03593750
1 0.19921875 0.89296875 0.09218750 0.03593750
1 0.81406250 0.95781250 0.10000000 0.04062500
1 0.42890625 0.77343750 0.07656250 0.03750000
1 0.80703125 0.77500000 0.08281250 0.03437500
1 0.35625000 0.71328125 0.09375000 0.03906250
1 0.21484375 0.77500000 0.07968750 0.03437500
1 0.98671875 0.95937500 0.02656250 0.03750000
1 0.75234375 0.71875000 0.09843750 0.03750000
1 0.62031250 0.83671875 0.10937500 0.03906250
1 0.96796875 0.72187500 0.06406250 0.03750000
1 0.79687500 0.83593750 0.09375000 0.03750000
1 0.46484375 0.83515625 0.09531250 0.03593750
1 0.55468750 0.77421875 0.09375000 0.03906250
1 0.60234375 0.71171875 0.09218750 0.03906250
1 0.86562500 0.72265625 0.08750000 0.03281250
1 0.65703125 0.95625000 0.09531250 0.03750000
1 0.33281250 0.96250000 0.08437500 0.03750000
