1 0.92031250 0.76562500 0.10000000 0.04062500
1 0.50546875 0.83359375 0.10468750 0.04218750
1 0.71328125 0.71406250 0.05468750 0.03750000
1 0.43906250 0.89375000 0.08750000 0.03750000
1 0.17500000 0.72031250 0.09687500 0.03750000
1 0.61250000 0.77265625 0.07812500 0.03593750
1 0.92265625 0.95312500 0.09531250 0.03750000
1 0.19218750 0.55390625 0.05937500 0.02343750
1 0.36171875 0.83906250 0.08281250 0.03750000
1 0.20312500 0.89453125 0.08125000 0.03593750
1 0.91953125 0.83359375 0.08593750 0.03593750
1 0.29921875 0.71796875 0.08593750 0.03593750
1 0.01796875 0.67109375 0.03593750 0.03593750
1 0.91953125 0.88750000 0.08906250 0.03750000
1 0.31328125 0.89296875 0.08281250 0.04218750
1 0.66875000 0.88750000 0.07500000 0.04062500
1 0.19609375 0.95625000 0.08593750 0.03750000
1 0.99453125 0.64453125 0.01093750 0.03593750
1 0.82109375 0.95625000 0.09843750 0.04062500
1 0.48671875 0.77031250 0.08906250 0.03750000
1 0.77265625 0.83593750 0.09531250 0.03750000
1 0.75000000 0.77343750 0.09062500 0.03750000
1 0.33906250 0.95781250 0.09375000 0.03750000
1 0.22265625 0.77421875 0.08906250 0.03906250
1 0.19921875 0.83671875 0.09531250 0.03906250
1 0.64375000 0.83125000 0.08750000 0.04062500
1 0.43125000 0.71640625 0.07500000 0.03593750
1 0.95937500 0.71484375 0.08125000 0.03593750
1 0.78750000 0.89375000 0.09375000 0.03750000
1 0.71015625 0.95468750 0.09531250 0.03750000
1 0.48437500 0.95937500 0.08437500 0.03750000
1 0.60000000 0.95468750 0.09687500 0.03750000
1 0.60468750 0.71328125 0.09375000 0.03593750
1 0.84062500 0.71562500 0.09062500 0.03750000
1 0.36093750 0.77265625 0.08437500 0.03906250
