1 0.43750000 0.77656250 0.09375000 0.03750000
1 0.45703125 0.96171875 0.08593750 0.03906250
1 0.92109375 0.95781250 0.09218750 0.03750000
1 0.94218750 0.77578125 0.10000000 0.03906250
1 0.21171875 0.83437500 0.08906250 0.03437500
1 0.82109375 0.95937500 0.10156250 0.04062500
1 0.55625000 0.77578125 0.09375000 0.03906250
1 0.32734375 0.95859375 0.09531250 0.03593750
1 0.53046875 0.89531250 0.09218750 0.03750000
1 0.32265625 0.77890625 0.08281250 0.03906250
1 0.20000000 0.89375000 0.09375000 0.03750000
1 0.46718750 0.71796875 0.09062500 0.03906250
1 0.20546875 0.72265625 0.08906250 0.03906250
1 0.34062500 0.83906250 0.08750000 0.03750000
1 0.75390625 0.71875000 0.09843750 0.03750000
1 0.21562500 0.77656250 0.08125000 0.03437500
1 0.19375000 0.95546875 0.08750000 0.03593750
1 0.86562500 0.72265625 0.08750000 0.03281250
1 0.98359375 0.96015625 0.03281250 0.03593750
1 0.50937500 0.83593750 0.09375000 0.03750000
1 0.35703125 0.71484375 0.09218750 0.03906250
1 0.70781250 0.95781250 0.09687500 0.03750000
1 0.58046875 0.95781250 0.09531250 0.03750000
1 0.60390625 0.71171875 0.09218750 0.03906250
1 0.69296875 0.78046875 0.09531250 0.03906250
1 0.80781250 0.77656250 0.08437500 0.03750000
