1 0.79921875 0.03515625 0.12031250 0.04218750
1 0.71250000 0.58203125 0.09375000 0.04531250
1 0.22421875 0.19609375 0.08281250 0.03906250
1 0.33906250 0.30468750 0.10000000 0.04062500
1 0.35000000 0.24296875 0.09687500 0.04218750
1 0.06953125 0.11484375 0.08593750 0.03593750
1 0.08125000 0.30625000 0.10000000 0.03750000
1 0.31640625 0.10546875 0.10468750 0.03906250
1 0.18437500 0.11015625 0.10312500 0.04218750
1 0.74218750 0.09687500 0.10312500 0.04062500
1 0.93125000 0.28437500 0.10937500 0.04062500
1 0.10000000 0.04531250 0.10000000 0.04375000
1 0.45156250 0.10781250 0.09687500 0.04062500
1 0.47343750 0.03828125 0.08750000 0.04218750
1 0.57812500 0.10390625 0.10000000 0.03593750
