1 0.62656250 0.78046875 0.10625000 0.03593750
1 0.96406250 0.96093750 0.07187500 0.03750000
1 0.87968750 0.77578125 0.10000000 0.03906250
1 0.47265625 0.96406250 0.09218750 0.03750000
1 0.25546875 0.90234375 0.09843750 0.04843750
1 0.22968750 0.55546875 0.05937500 0.02343750
1 0.40468750 0.90000000 0.09062500 0.03750000
1 0.48046875 0.83750000 0.08906250 0.03437500
1 0.21328125 0.59687500 0.03593750 0.02187500
1 0.73671875 0.95781250 0.09218750 0.03750000
1 0.35000000 0.96171875 0.09687500 0.03593750
1 0.52734375 0.89609375 0.09218750 0.03281250
1 0.92656250 0.83593750 0.09062500 0.03437500
1 0.37968750 0.84218750 0.08750000 0.03750000
1 0.61484375 0.96093750 0.09531250 0.03750000
1 0.65000000 0.89687500 0.09687500 0.03750000
1 0.24218750 0.95859375 0.09062500 0.04218750
1 0.36953125 0.78281250 0.08906250 0.04062500
1 0.53671875 0.60625000 0.03906250 0.02500000
1 0.75078125 0.77656250 0.08906250 0.03437500
1 0.86562500 0.95859375 0.09687500 0.03906250
1 0.46406250 0.71484375 0.03125000 0.05468750
1 0.24296875 0.77890625 0.09218750 0.03593750
1 0.24843750 0.83750000 0.09375000 0.03750000
1 0.97343750 0.77421875 0.05312500 0.04218750
1 0.63906250 0.83906250 0.10000000 0.03750000
1 0.49687500 0.78203125 0.09687500 0.03593750
1 0.76093750 0.83671875 0.09062500 0.03281250
1 0.78515625 0.72031250 0.09531250 0.04062500
0 0.92343750 0.71406250 0.15312500 0.05000000
0 0.84296875 0.90000000 0.26093750 0.05312500
0 0.31796875 0.71796875 0.25156250 0.05156250
0 0.58203125 0.71406250 0.26093750 0.05312500
0 0.62890625 0.29453125 0.38906250 0.16093750
2 0.70078125 0.41015625 0.02343750 0.02343750
