1 0.41796875 0.92343750 0.03593750 0.09687500
1 0.69843750 0.21640625 0.04062500 0.10156250
1 0.08984375 0.24843750 0.10781250 0.04687500
1 0.77187500 0.59843750 0.04062500 0.09687500
1 0.01562500 0.30468750 0.03125000 0.03750000
1 0.29375000 0.38515625 0.09687500 0.04218750
1 0.41953125 0.39140625 0.07656250 0.05468750
1 0.83671875 0.73437500 0.04218750 0.09375000
1 0.58125000 0.01953125 0.03750000 0.03906250
1 0.82968750 0.04609375 0.04062500 0.09218750
1 0.00781250 0.37109375 0.01562500 0.03906250
1 0.88593750 0.59765625 0.03750000 0.08906250
1 0.64843750 0.92500000 0.03750000 0.09687500
1 0.77265625 0.95000000 0.03906250 0.09687500
1 0.25234375 0.24921875 0.10156250 0.04218750
1 0.15390625 0.36875000 0.09531250 0.03750000
1 0.89218750 0.90703125 0.04062500 0.10781250
1 0.83984375 0.34062500 0.04218750 0.10312500
1 0.76015625 0.40625000 0.03906250 0.07812500
1 0.89218750 0.17656250 0.03750000 0.09375000
1 0.69765625 0.75781250 0.03906250 0.10000000
1 0.60078125 0.77656250 0.04218750 0.09687500
1 0.01640625 0.19296875 0.03281250 0.03906250
1 0.64687500 0.66796875 0.04062500 0.09843750
1 0.58906250 0.24375000 0.04375000 0.10000000
1 0.77265625 0.77031250 0.03906250 0.09687500
1 0.63593750 0.02343750 0.04375000 0.04687500
1 0.35000000 0.98437500 0.04375000 0.03125000
0 0.16406250 0.31406250 0.25625000 0.05937500
2 0.75156250 0.14296875 0.03125000 0.04531250
2 0.44843750 0.57187500 0.03125000 0.06250000
2 0.31953125 0.56093750 0.01718750 0.02500000
2 0.52109375 0.20078125 0.02031250 0.02968750
2 0.45078125 0.59843750 0.01718750 0.02187500
2 0.53906250 0.60625000 0.02187500 0.02812500
2 0.05078125 0.48281250 0.02031250 0.01562500
2 0.47187500 0.22578125 0.01875000 0.02656250
2 0.55546875 0.57890625 0.02031250 0.04218750
2 0.42187500 0.14843750 0.01875000 0.02812500
2 0.00937500 0.38906250 0.01875000 0.07500000
2 0.50390625 0.33750000 0.02343750 0.04687500
2 0.54609375 0.58046875 0.03593750 0.04218750
2 0.50156250 0.33203125 0.01875000 0.03281250
2 0.28906250 0.00312500 0.02500000 0.00625000
2 0.74531250 0.15000000 0.01875000 0.03125000
2 0.38359375 0.47500000 0.01718750 0.02500000
2 0.51875000 0.20625000 0.01562500 0.01875000
2 0.03281250 0.48203125 0.01562500 0.01406250
2 0.22578125 0.54531250 0.02656250 0.01562500
2 0.29218750 0.00546875 0.02812500 0.01093750
2 0.45937500 0.60000000 0.01875000 0.02500000
2 0.28515625 0.47109375 0.02031250 0.01406250
2 0.53515625 0.78671875 0.02343750 0.05156250
2 0.35546875 0.10312500 0.01718750 0.02500000
2 0.49687500 0.26953125 0.01875000 0.03281250
2 0.40625000 0.05078125 0.01250000 0.02343750
2 0.43593750 0.46875000 0.02187500 0.02187500
2 0.36250000 0.15468750 0.01875000 0.01562500
2 0.41875000 0.53515625 0.01875000 0.02031250
2 0.43437500 0.52578125 0.03437500 0.02343750
2 0.32968750 0.57656250 0.01562500 0.01875000
2 0.89296875 0.32968750 0.01718750 0.01875000
2 0.74375000 0.12968750 0.01562500 0.02187500
2 0.31093750 0.47343750 0.02812500 0.02500000
2 0.47812500 0.60234375 0.01875000 0.02656250
2 0.73046875 0.75000000 0.01406250 0.05000000
2 0.36484375 0.50078125 0.02656250 0.02656250
2 0.51562500 0.62265625 0.02187500 0.03281250
2 0.36953125 0.57812500 0.03281250 0.04375000
2 0.37109375 0.13515625 0.01718750 0.02343750
2 0.41015625 0.15937500 0.01406250 0.03437500
2 0.32500000 0.56640625 0.02500000 0.03593750
2 0.41406250 0.15468750 0.03125000 0.04062500
2 0.06250000 0.60312500 0.02187500 0.01875000
2 0.38125000 0.22109375 0.01875000 0.03281250
2 0.27890625 0.08515625 0.01718750 0.02343750
2 0.38750000 0.47500000 0.02500000 0.02500000
2 0.74140625 0.98046875 0.01093750 0.01406250
2 0.45625000 0.99218750 0.01562500 0.01562500
2 0.06406250 0.60781250 0.06562500 0.03437500
2 0.40625000 0.15781250 0.01562500 0.03437500
2 0.50390625 0.34843750 0.01718750 0.02500000
2 0.04062500 0.60546875 0.02187500 0.01406250
2 0.31953125 0.12734375 0.01406250 0.02343750
2 0.29921875 0.43593750 0.02656250 0.02500000
2 0.53906250 0.57656250 0.02187500 0.03125000
2 0.52421875 0.19765625 0.01718750 0.02656250
2 0.36718750 0.14296875 0.02500000 0.03906250
2 0.41406250 0.65390625 0.01875000 0.02031250
2 0.47109375 0.65937500 0.02031250 0.01562500
2 0.04296875 0.48359375 0.03593750 0.01718750
2 0.07109375 0.61640625 0.02031250 0.01718750
2 0.74375000 0.13671875 0.01562500 0.03593750
2 0.82890625 0.99140625 0.01718750 0.01718750
2 0.45859375 0.77734375 0.01718750 0.02968750
2 0.75625000 0.32421875 0.02187500 0.02656250
2 0.29531250 0.00390625 0.01875000 0.00781250
2 0.50234375 0.27265625 0.01406250 0.02968750
2 0.50546875 0.40156250 0.01406250 0.02812500
2 0.49921875 0.33437500 0.01406250 0.02500000
2 0.51718750 0.88828125 0.01250000 0.02968750
2 0.42109375 0.53437500 0.02343750 0.02187500
2 0.99062500 0.21796875 0.01875000 0.03593750
2 0.73515625 0.88359375 0.01093750 0.01406250
2 0.56718750 0.87187500 0.01875000 0.01250000
2 0.26640625 0.51562500 0.01406250 0.01562500
2 0.45000000 0.00937500 0.03125000 0.01875000
2 0.98515625 0.00703125 0.01718750 0.01406250
2 0.33125000 0.05000000 0.01562500 0.02187500
2 0.46015625 0.60078125 0.03593750 0.02656250
2 0.25625000 0.00625000 0.01250000 0.01250000
2 0.50703125 0.84609375 0.02656250 0.06093750
2 0.44843750 0.56015625 0.03125000 0.04218750
2 0.52656250 0.87343750 0.01875000 0.01562500
2 0.44453125 0.08437500 0.01406250 0.03437500
2 0.07968750 0.61640625 0.03125000 0.02031250
2 0.47265625 0.22031250 0.02031250 0.03750000
2 0.51953125 0.99296875 0.01406250 0.01406250
2 0.75468750 0.15234375 0.02812500 0.02968750
2 0.08515625 0.60234375 0.01718750 0.02343750
2 0.38125000 0.21953125 0.01875000 0.03593750
2 0.94687500 0.75937500 0.03125000 0.05625000
2 0.61640625 0.87031250 0.01718750 0.01562500
