0 0.71015625 0.04375000 0.25468750 0.05937500
1 0.22500000 0.40000000 0.02812500 0.02812500
1 0.87968750 0.05703125 0.09062500 0.03593750
1 0.51484375 0.04453125 0.08593750 0.03593750
1 0.98125000 0.04843750 0.03750000 0.03437500
1 0.79296875 0.22187500 0.09843750 0.03750000
1 0.93984375 0.17031250 0.08906250 0.04062500
1 0.33593750 0.16093750 0.08437500 0.03437500
1 0.19296875 0.21250000 0.08906250 0.03750000
1 0.42968750 0.22187500 0.09375000 0.03750000
1 0.59140625 0.16562500 0.10468750 0.04062500
1 0.29218750 0.05000000 0.09062500 0.03750000
1 0.32734375 0.28359375 0.08593750 0.04531250
1 0.55234375 0.22343750 0.08906250 0.03437500
1 0.30859375 0.21718750 0.09218750 0.03750000
1 0.46953125 0.28281250 0.09531250 0.03750000
1 0.22031250 0.28281250 0.09062500 0.04062500
1 0.45625000 0.16328125 0.08750000 0.03593750
1 0.90937500 0.22578125 0.10000000 0.03593750
1 0.33281250 0.10546875 0.08125000 0.03906250
1 0.20781250 0.10312500 0.09062500 0.03750000
1 0.22343750 0.16093750 0.09375000 0.04375000
1 0.73750000 0.11093750 0.08437500 0.03750000
1 0.40703125 0.04765625 0.08281250 0.03593750
1 0.98828125 0.11250000 0.02343750 0.04062500
1 0.99062500 0.37421875 0.01875000 0.04531250
1 0.16718750 0.04218750 0.10000000 0.03750000
1 0.67421875 0.22187500 0.09218750 0.04062500
1 0.48906250 0.10625000 0.10000000 0.04375000
1 0.61796875 0.10781250 0.09531250 0.03437500
1 0.85234375 0.10859375 0.09531250 0.03593750
1 0.70546875 0.16640625 0.07343750 0.03281250
1 0.99218750 0.23046875 0.01562500 0.03593750
1 0.81328125 0.17031250 0.08906250 0.04062500
