2 0.35781250 0.71015625 0.01250000 0.02343750
2 0.20468750 0.66406250 0.02500000 0.03125000
2 0.83281250 0.38671875 0.01875000 0.02656250
2 0.35703125 0.72500000 0.01406250 0.02187500
2 0.84296875 0.59218750 0.01093750 0.01875000
2 0.14843750 0.46250000 0.01875000 0.01875000
2 0.34609375 0.52187500 0.01406250 0.02500000
2 0.78203125 0.77500000 0.01406250 0.02187500
2 0.32187500 0.55390625 0.02187500 0.02343750
2 0.96875000 0.44062500 0.01562500 0.02187500
2 0.78203125 0.78359375 0.01718750 0.03593750
2 0.98671875 0.52734375 0.02656250 0.03281250
2 0.31484375 0.14296875 0.02656250 0.05781250
2 0.30781250 0.60703125 0.01562500 0.02656250
2 0.19609375 0.39375000 0.01093750 0.01562500
2 0.84375000 0.59140625 0.01250000 0.02031250
2 0.75703125 0.79843750 0.01406250 0.02500000
2 0.85468750 0.58671875 0.01875000 0.02343750
2 0.22734375 0.66406250 0.02031250 0.03125000
2 0.25000000 0.47578125 0.02500000 0.01718750
2 0.06484375 0.67500000 0.02031250 0.01875000
2 0.22031250 0.65234375 0.02187500 0.02656250
2 0.12500000 0.74062500 0.02187500 0.01562500
2 0.28046875 0.62734375 0.02343750 0.03281250
2 0.17031250 0.63281250 0.01562500 0.01875000
2 0.01718750 0.67031250 0.01875000 0.01562500
2 0.33125000 0.70000000 0.01250000 0.02812500
2 0.53750000 0.31796875 0.01562500 0.01406250
2 0.06406250 0.39843750 0.03125000 0.03125000
2 0.20937500 0.39531250 0.03750000 0.01875000
2 0.28359375 0.56250000 0.01718750 0.01562500
2 0.25156250 0.47578125 0.02500000 0.01718750
2 0.22343750 0.65312500 0.01875000 0.02187500
2 0.06406250 0.67265625 0.01875000 0.01406250
2 0.98046875 0.93515625 0.01406250 0.02343750
2 0.23671875 0.89296875 0.02343750 0.02031250
2 0.83203125 0.38203125 0.01406250 0.01718750
2 0.21250000 0.65000000 0.01875000 0.02500000
2 0.85468750 0.37656250 0.02812500 0.02812500
2 0.33203125 0.70000000 0.01406250 0.02812500
2 0.80703125 0.76718750 0.01406250 0.03437500
2 0.07578125 0.40312500 0.01093750 0.01250000
2 0.27734375 0.62187500 0.01718750 0.01875000
2 0.35703125 0.72421875 0.01406250 0.02343750
2 0.75703125 0.79609375 0.01406250 0.02656250
2 0.11328125 0.86250000 0.02343750 0.01875000
2 0.28906250 0.50078125 0.01875000 0.02343750
2 0.31875000 0.55625000 0.02187500 0.02500000
2 0.21171875 0.64921875 0.01718750 0.02343750
2 0.23046875 0.67109375 0.01718750 0.02031250
2 0.96953125 0.44062500 0.01406250 0.01875000
2 0.34453125 0.50937500 0.01093750 0.02187500
2 0.18125000 0.63359375 0.01562500 0.02031250
2 0.79375000 0.98203125 0.01562500 0.02656250
2 0.30703125 0.60546875 0.01718750 0.02343750
2 0.85078125 0.58828125 0.02656250 0.02656250
2 0.82187500 0.63281250 0.04062500 0.06875000
2 0.06484375 0.68125000 0.02343750 0.03125000
2 0.58750000 0.14218750 0.02500000 0.03750000
2 0.21484375 0.64921875 0.01718750 0.02343750
2 0.00390625 0.49296875 0.00781250 0.01406250
2 0.20234375 0.65703125 0.02031250 0.01718750
2 0.21562500 0.65859375 0.01250000 0.02031250
2 0.14609375 0.46093750 0.01718750 0.01875000
2 0.57031250 0.61796875 0.01250000 0.01406250
2 0.23671875 0.89296875 0.02031250 0.01718750
2 0.28437500 0.49921875 0.02500000 0.02656250
2 0.29140625 0.50000000 0.01718750 0.02187500
2 0.31484375 0.55546875 0.01406250 0.02031250
2 0.20468750 0.65312500 0.02500000 0.01562500
2 0.29531250 0.57421875 0.01875000 0.02343750
2 0.17500000 0.63437500 0.02187500 0.02187500
2 0.11640625 0.86250000 0.01718750 0.01875000
2 0.08281250 0.38281250 0.01250000 0.01250000
2 0.86093750 0.37812500 0.01562500 0.02500000
2 0.24453125 0.02265625 0.01406250 0.02031250
2 0.86093750 0.01484375 0.02812500 0.02031250
2 0.32500000 0.55859375 0.02500000 0.02968750
2 0.05625000 0.40781250 0.01562500 0.01250000
2 0.28203125 0.49453125 0.01718750 0.01718750
2 0.20859375 0.66718750 0.01406250 0.02500000
2 0.96171875 0.44140625 0.02656250 0.02031250
2 0.21875000 0.39609375 0.01875000 0.01718750
2 0.35625000 0.71718750 0.01562500 0.03437500
2 0.35468750 0.52109375 0.01562500 0.02968750
2 0.87187500 0.38828125 0.02187500 0.02656250
2 0.34765625 0.51640625 0.01718750 0.03593750
2 0.75781250 0.79375000 0.01562500 0.02500000
2 0.34765625 0.50937500 0.01406250 0.02187500
2 0.12578125 0.74921875 0.02656250 0.03281250
2 0.34921875 0.52421875 0.01406250 0.02343750
2 0.81562500 0.64843750 0.02500000 0.02187500
2 0.57187500 0.61796875 0.00937500 0.01406250
2 0.31406250 0.14296875 0.02500000 0.05781250
2 0.84687500 0.38203125 0.04687500 0.03906250
2 0.85468750 0.58671875 0.01562500 0.02031250
2 0.28828125 0.56953125 0.02656250 0.02968750
2 0.33437500 0.15703125 0.02187500 0.02343750
2 0.24609375 0.02890625 0.01406250 0.02968750
1 0.72890625 0.30859375 0.05468750 0.08281250
1 0.72421875 0.90156250 0.03906250 0.09062500
1 0.52734375 0.36015625 0.04218750 0.07968750
1 0.42187500 0.01875000 0.03750000 0.03750000
1 0.01328125 0.98281250 0.02656250 0.03437500
1 0.42656250 0.28828125 0.03437500 0.08593750
1 0.93828125 0.56484375 0.07968750 0.06406250
1 0.51250000 0.80625000 0.03750000 0.08750000
1 0.26093750 0.74921875 0.08437500 0.07343750
1 0.39843750 0.45703125 0.05000000 0.08593750
1 0.58750000 0.27812500 0.03750000 0.09062500
1 0.98750000 0.52890625 0.02500000 0.03281250
1 0.66484375 0.96250000 0.03593750 0.07500000
1 0.47421875 0.35859375 0.03906250 0.08593750
1 0.47187500 0.62109375 0.03437500 0.08593750
1 0.48125000 0.09062500 0.04062500 0.07812500
1 0.53359375 0.02500000 0.03906250 0.05000000
