2 0.40781250 0.57968750 0.02187500 0.01562500
2 0.39218750 0.55703125 0.01562500 0.01406250
2 0.22968750 0.61093750 0.01562500 0.02500000
2 0.33671875 0.35625000 0.01718750 0.01250000
2 0.61250000 0.40546875 0.01562500 0.03593750
2 0.41015625 0.58046875 0.02656250 0.01406250
2 0.68125000 0.44140625 0.02187500 0.03593750
2 0.60234375 0.42812500 0.01718750 0.02500000
2 0.18359375 0.48671875 0.03281250 0.02343750
2 0.54453125 0.41015625 0.01406250 0.02343750
2 0.00546875 0.47187500 0.01093750 0.01875000
2 0.88046875 0.08125000 0.01718750 0.13750000
2 0.26015625 0.04765625 0.01718750 0.03281250
2 0.39140625 0.26328125 0.01718750 0.02343750
2 0.78984375 0.42343750 0.02343750 0.02187500
2 0.97578125 0.49765625 0.02031250 0.01718750
2 0.37656250 0.55703125 0.02187500 0.01718750
2 0.36171875 0.32500000 0.02031250 0.03437500
2 0.61406250 0.41718750 0.01562500 0.02500000
2 0.35625000 0.41250000 0.01562500 0.02500000
2 0.21171875 0.62031250 0.02343750 0.01875000
2 0.32734375 0.15390625 0.02031250 0.06093750
2 0.41171875 0.58046875 0.02968750 0.01406250
2 0.96484375 0.50000000 0.02656250 0.01875000
2 0.38046875 0.31328125 0.01718750 0.01718750
2 0.87187500 0.14062500 0.01875000 0.03125000
2 0.22890625 0.60703125 0.01406250 0.02031250
2 0.36875000 0.40781250 0.01875000 0.02500000
2 0.03046875 0.62890625 0.02656250 0.02031250
2 0.36562500 0.30234375 0.02187500 0.02031250
2 0.38281250 0.55703125 0.03437500 0.01718750
2 0.17421875 0.48281250 0.01718750 0.01562500
2 0.97343750 0.50000000 0.02500000 0.02187500
2 0.32500000 0.58984375 0.02812500 0.02968750
2 0.82109375 0.22500000 0.01406250 0.02812500
2 0.21953125 0.61718750 0.03906250 0.03750000
2 0.93984375 0.46328125 0.02343750 0.02343750
2 0.19843750 0.31953125 0.12187500 0.02656250
2 0.36484375 0.50859375 0.01093750 0.01093750
2 0.43515625 0.60078125 0.02343750 0.02031250
2 0.96875000 0.49921875 0.01875000 0.01718750
2 0.08828125 0.63828125 0.02343750 0.02031250
2 0.36718750 0.31640625 0.01562500 0.01718750
2 0.35703125 0.33750000 0.01718750 0.01875000
2 0.37187500 0.30859375 0.03437500 0.03281250
2 0.26328125 0.62812500 0.02343750 0.01875000
2 0.43046875 0.48984375 0.01406250 0.01718750
2 0.38750000 0.27109375 0.02500000 0.03593750
2 0.22734375 0.41328125 0.02343750 0.02656250
2 0.89062500 0.51406250 0.02187500 0.01875000
2 0.43046875 0.47500000 0.01406250 0.01875000
2 0.68359375 0.45078125 0.01718750 0.02031250
2 0.03125000 0.62890625 0.02500000 0.02031250
2 0.19062500 0.49062500 0.02187500 0.01562500
2 0.59609375 0.39843750 0.01093750 0.01875000
2 0.32812500 0.57109375 0.01875000 0.01718750
2 0.54218750 0.42343750 0.01875000 0.05000000
2 0.35859375 0.35312500 0.02031250 0.01562500
2 0.89375000 0.51171875 0.01562500 0.01718750
2 0.22656250 0.12500000 0.01250000 0.02812500
2 0.61250000 0.39765625 0.01562500 0.02031250
2 0.40546875 0.57890625 0.02031250 0.01406250
2 0.34921875 0.35234375 0.03906250 0.02031250
2 0.08906250 0.63750000 0.02187500 0.01875000
2 0.78593750 0.42265625 0.01875000 0.02031250
2 0.97812500 0.49921875 0.01562500 0.02031250
2 0.54062500 0.43906250 0.01562500 0.02500000
2 0.93984375 0.46015625 0.02343750 0.02031250
2 0.67968750 0.43515625 0.01875000 0.02343750
2 0.06640625 0.99296875 0.02031250 0.01406250
2 0.85078125 0.03281250 0.02031250 0.03437500
2 0.61093750 0.46562500 0.01562500 0.02187500
2 0.60156250 0.43125000 0.01562500 0.01875000
2 0.38437500 0.27578125 0.01875000 0.02656250
2 0.99453125 0.43906250 0.01093750 0.02187500
2 0.89062500 0.51250000 0.02187500 0.02187500
2 0.61015625 0.46562500 0.01718750 0.02500000
2 0.22109375 0.62265625 0.03593750 0.02656250
2 0.53125000 0.43828125 0.01562500 0.02656250
2 0.22109375 0.40859375 0.01093750 0.01718750
2 0.43046875 0.48906250 0.01406250 0.01875000
2 0.35000000 0.16796875 0.01875000 0.02343750
2 0.43125000 0.59765625 0.01562500 0.01406250
2 0.41875000 0.58046875 0.01875000 0.01406250
2 0.33125000 0.17812500 0.01562500 0.01875000
2 0.59609375 0.40468750 0.01093750 0.03125000
2 0.21171875 0.62187500 0.02343750 0.01875000
2 0.60078125 0.41406250 0.02031250 0.05000000
2 0.43671875 0.60390625 0.02343750 0.01406250
2 0.79453125 0.42265625 0.01718750 0.02031250
2 0.35781250 0.35312500 0.01875000 0.01875000
2 0.26718750 0.62968750 0.01562500 0.01562500
2 0.38281250 0.27421875 0.01562500 0.02656250
1 0.76484375 0.30078125 0.05468750 0.08906250
1 0.60468750 0.02734375 0.04062500 0.05468750
1 0.55468750 0.17890625 0.04375000 0.09531250
1 0.72031250 0.78203125 0.09687500 0.03593750
1 0.81796875 0.88359375 0.08593750 0.03593750
1 0.49765625 0.26953125 0.03593750 0.08593750
1 0.01250000 0.80468750 0.02500000 0.03437500
1 0.95000000 0.72578125 0.09062500 0.03906250
1 0.56562500 0.87578125 0.09062500 0.03593750
1 0.62656250 0.82578125 0.08750000 0.03593750
1 0.03125000 0.95234375 0.06250000 0.03906250
1 0.49843750 0.15468750 0.04062500 0.08437500
1 0.33906250 0.86171875 0.09687500 0.04531250
1 0.45390625 0.78515625 0.08906250 0.03593750
1 0.84375000 0.82968750 0.08750000 0.03437500
1 0.60625000 0.12500000 0.04375000 0.10000000
1 0.49531250 0.04062500 0.03750000 0.08125000
1 0.55703125 0.27968750 0.03593750 0.06875000
1 0.54765625 0.05625000 0.03593750 0.09062500
1 0.60546875 0.24218750 0.03281250 0.08437500
1 0.42656250 0.42343750 0.05000000 0.09375000
0 0.55390625 0.17812500 0.04531250 0.09687500
0 0.04218750 0.72421875 0.08437500 0.05468750
0 0.58906250 0.70937500 0.22812500 0.05312500
