2 0.99375000 0.39843750 0.01250000 0.01875000
1 0.11406250 0.94140625 0.09687500 0.03281250
1 0.75312500 0.98593750 0.08750000 0.02812500
1 0.38437500 0.98671875 0.09062500 0.02656250
1 0.01875000 0.93828125 0.03750000 0.03906250
1 0.81953125 0.85000000 0.08906250 0.05000000
1 0.46562500 0.78750000 0.09062500 0.03750000
1 0.09687500 0.22109375 0.04375000 0.08906250
1 0.26406250 0.98828125 0.09062500 0.02343750
1 0.52812500 0.93437500 0.07812500 0.03437500
1 0.51171875 0.98515625 0.08906250 0.02968750
1 0.39140625 0.93281250 0.09218750 0.03437500
1 0.23828125 0.93593750 0.10156250 0.03750000
1 0.31015625 0.46406250 0.04218750 0.09375000
1 0.76093750 0.68828125 0.08750000 0.04218750
1 0.66093750 0.93281250 0.08750000 0.03750000
1 0.11406250 0.47187500 0.04687500 0.06875000
1 0.02500000 0.45234375 0.05000000 0.09531250
1 0.02265625 0.98984375 0.04531250 0.02031250
1 0.21328125 0.20703125 0.04843750 0.08281250
1 0.78593750 0.92656250 0.08437500 0.04062500
1 0.63203125 0.98671875 0.08906250 0.02656250
1 0.01250000 0.25468750 0.02500000 0.06562500
1 0.54531250 0.40703125 0.04062500 0.09218750
1 0.12343750 0.99062500 0.09687500 0.01875000
