2 0.32500000 0.49921875 0.05000000 0.05468750
2 0.34921875 0.55703125 0.02343750 0.03281250
2 0.96328125 0.82656250 0.02031250 0.04375000
2 0.30859375 0.51406250 0.02031250 0.02812500
2 0.29531250 0.56406250 0.03125000 0.02812500
2 0.36718750 0.11171875 0.01875000 0.02656250
2 0.32109375 0.52109375 0.04218750 0.03906250
2 0.38203125 0.47343750 0.01406250 0.02500000
2 0.38437500 0.29609375 0.01875000 0.02656250
2 0.34531250 0.49375000 0.04375000 0.04062500
2 0.37343750 0.35000000 0.02812500 0.02500000
2 0.33125000 0.48750000 0.01562500 0.02500000
2 0.26250000 0.36796875 0.01875000 0.01406250
2 0.29843750 0.59062500 0.03437500 0.02812500
2 0.92343750 0.34609375 0.01875000 0.02031250
2 0.32578125 0.52812500 0.03281250 0.02812500
2 0.61328125 0.90312500 0.02031250 0.02187500
2 0.27421875 0.61171875 0.03281250 0.03593750
2 0.36328125 0.27890625 0.02343750 0.03281250
2 0.40546875 0.38203125 0.03281250 0.03906250
2 0.99375000 0.39921875 0.01250000 0.02031250
2 0.43515625 0.15078125 0.02656250 0.02968750
2 0.30156250 0.40234375 0.02500000 0.02031250
2 0.93828125 0.45625000 0.02656250 0.03437500
2 0.29843750 0.57656250 0.03437500 0.05312500
2 0.41093750 0.38984375 0.02187500 0.02343750
2 0.38046875 0.38203125 0.03281250 0.05468750
2 0.35546875 0.43750000 0.02343750 0.02500000
2 0.91718750 0.35703125 0.02812500 0.03906250
2 0.99296875 0.84453125 0.01406250 0.01406250
2 0.42187500 0.44531250 0.01875000 0.03750000
2 0.99296875 0.45859375 0.01406250 0.01718750
2 0.94609375 0.72812500 0.02343750 0.04375000
2 0.72890625 0.85468750 0.03593750 0.03437500
2 0.37890625 0.40390625 0.01718750 0.03281250
2 0.35468750 0.55156250 0.03437500 0.04687500
2 0.40312500 0.45546875 0.05625000 0.05781250
2 0.44140625 0.15234375 0.01406250 0.02656250
1 0.66875000 0.09921875 0.03750000 0.08906250
1 0.87500000 0.04218750 0.04687500 0.08437500
1 0.66796875 0.01875000 0.03906250 0.03750000
1 0.20937500 0.01250000 0.04375000 0.02500000
1 0.54765625 0.26640625 0.03906250 0.09531250
1 0.61015625 0.12500000 0.03593750 0.09062500
1 0.54687500 0.03046875 0.03750000 0.06093750
1 0.07890625 0.96250000 0.09843750 0.04062500
1 0.72343750 0.55234375 0.06562500 0.09218750
1 0.83125000 0.28593750 0.05000000 0.09687500
1 0.27812500 0.89609375 0.09062500 0.04218750
1 0.53906250 0.76875000 0.09062500 0.08437500
1 0.19843750 0.95703125 0.10312500 0.04531250
1 0.60781250 0.01484375 0.03750000 0.02968750
1 0.16875000 0.35937500 0.10312500 0.10312500
1 0.72656250 0.18671875 0.04062500 0.09531250
1 0.54531250 0.14218750 0.04687500 0.10937500
1 0.21718750 0.10390625 0.04062500 0.09843750
1 0.20000000 0.22734375 0.05000000 0.08906250
1 0.05937500 0.43593750 0.10312500 0.04687500
1 0.72031250 0.06093750 0.03750000 0.09687500
1 0.98125000 0.17812500 0.03750000 0.10312500
1 0.60546875 0.26953125 0.03906250 0.10156250
1 0.66796875 0.23984375 0.03906250 0.10156250
1 0.36796875 0.20859375 0.06093750 0.05468750
