1 0.86328125 0.02578125 0.11718750 0.05156250
1 0.70312500 0.03437500 0.10625000 0.04375000
1 0.47890625 0.10468750 0.09531250 0.04375000
1 0.01562500 0.68906250 0.03125000 0.09375000
1 0.96171875 0.30468750 0.07656250 0.04062500
1 0.01875000 0.80703125 0.03750000 0.09218750
1 0.04687500 0.28046875 0.08750000 0.08281250
1 0.06796875 0.71250000 0.04218750 0.09687500
1 0.74453125 0.09140625 0.11093750 0.04531250
1 0.07343750 0.83359375 0.04062500 0.09218750
1 0.02656250 0.96562500 0.04375000 0.06875000
1 0.44453125 0.04375000 0.10781250 0.04375000
1 0.98750000 0.08046875 0.02500000 0.04218750
1 0.66484375 0.27109375 0.10156250 0.04843750
1 0.57187500 0.03593750 0.10625000 0.04062500
1 0.07968750 0.95390625 0.04062500 0.08593750
2 0.43125000 0.58046875 0.03750000 0.03906250
