2 0.45000000 0.52109375 0.02500000 0.02656250
2 0.37421875 0.58984375 0.01718750 0.02031250
2 0.32578125 0.56093750 0.01406250 0.02500000
2 0.39921875 0.58750000 0.02031250 0.02500000
2 0.46328125 0.53203125 0.02968750 0.02968750
2 0.97421875 0.61484375 0.01718750 0.02343750
2 0.33281250 0.56875000 0.02812500 0.04062500
2 0.40234375 0.50156250 0.02656250 0.02500000
2 0.27265625 0.51562500 0.01718750 0.01875000
2 0.33593750 0.57734375 0.02187500 0.02343750
2 0.38437500 0.48359375 0.02500000 0.02031250
2 0.50859375 0.59687500 0.04218750 0.02187500
2 0.45703125 0.52734375 0.03906250 0.03593750
2 0.42734375 0.47656250 0.02968750 0.02812500
2 0.53046875 0.55625000 0.03593750 0.03125000
2 0.95625000 0.57500000 0.01562500 0.01875000
1 0.74843750 0.15312500 0.04375000 0.03750000
1 0.07187500 0.19843750 0.09687500 0.04062500
1 0.83437500 0.79843750 0.04062500 0.09375000
1 0.89296875 0.94531250 0.03906250 0.08437500
1 0.01953125 0.30859375 0.03906250 0.03906250
1 0.35546875 0.89375000 0.03906250 0.09375000
1 0.25703125 0.25234375 0.10468750 0.03906250
1 0.09843750 0.01718750 0.09375000 0.03437500
1 0.36015625 0.98281250 0.04218750 0.03437500
1 0.88828125 0.82656250 0.03906250 0.09375000
1 0.77656250 0.82578125 0.04062500 0.09531250
1 0.84062500 0.96250000 0.04062500 0.07500000
1 0.20234375 0.19531250 0.10156250 0.04062500
1 0.83125000 0.67968750 0.03750000 0.09062500
1 0.88515625 0.70468750 0.04218750 0.09687500
1 0.57578125 0.71171875 0.06093750 0.09218750
0 0.02031250 0.29375000 0.04062500 0.07187500
0 0.09375000 0.25390625 0.10312500 0.04531250
0 0.15859375 0.62343750 0.21093750 0.20625000
0 0.15546875 0.46406250 0.29531250 0.10000000
0 0.17109375 0.31796875 0.25468750 0.06093750
0 0.29765625 0.74218750 0.13281250 0.21875000
