2 0.94531250 0.53203125 0.01562500 0.01406250
2 0.76250000 0.58671875 0.02812500 0.02343750
2 0.96015625 0.78906250 0.02343750 0.03125000
2 0.46093750 0.84687500 0.02500000 0.02187500
2 0.50937500 0.64609375 0.01250000 0.01406250
2 0.33828125 0.66875000 0.02656250 0.01562500
2 0.22500000 0.64843750 0.01875000 0.02187500
2 0.89687500 0.57890625 0.01875000 0.02031250
2 0.99296875 0.58671875 0.01406250 0.02343750
2 0.94687500 0.65078125 0.04375000 0.02656250
2 0.55468750 0.67421875 0.03750000 0.01718750
2 0.95000000 0.53281250 0.02500000 0.03750000
0 0.26328125 0.46875000 0.25781250 0.05937500
1 0.39375000 0.40937500 0.10000000 0.04062500
1 0.01250000 0.22187500 0.02500000 0.03750000
1 0.88984375 0.28750000 0.08593750 0.03437500
1 0.47031250 0.35000000 0.09062500 0.03750000
1 0.84296875 0.52031250 0.08906250 0.03750000
1 0.34531250 0.34453125 0.09375000 0.04218750
1 0.01093750 0.34375000 0.02187500 0.03750000
1 0.78046875 0.46562500 0.08906250 0.04062500
1 0.15234375 0.07031250 0.10156250 0.03750000
1 0.52890625 0.40234375 0.08906250 0.03906250
1 0.08437500 0.39921875 0.08437500 0.04531250
1 0.28984375 0.21875000 0.09218750 0.04062500
1 0.17031250 0.22031250 0.08437500 0.03750000
1 0.24921875 0.40000000 0.09843750 0.04687500
1 0.76093750 0.34531250 0.08750000 0.03437500
1 0.62968750 0.28984375 0.09687500 0.04843750
1 0.63906250 0.34765625 0.10312500 0.03906250
1 0.21171875 0.35078125 0.09531250 0.03593750
1 0.39140625 0.13125000 0.06093750 0.08437500
1 0.39843750 0.28437500 0.08750000 0.03437500
1 0.62578125 0.46171875 0.10468750 0.04218750
1 0.65312500 0.40312500 0.09062500 0.03750000
1 0.78750000 0.40703125 0.09062500 0.03593750
