1 0.88203125 0.41328125 0.10468750 0.04843750
1 0.96875000 0.35703125 0.06250000 0.07031250
1 0.75156250 0.94531250 0.09375000 0.04062500
1 0.86718750 0.88750000 0.09687500 0.04062500
1 0.03828125 0.90234375 0.07656250 0.03906250
1 0.30546875 0.89921875 0.09218750 0.03906250
1 0.38593750 0.95390625 0.10000000 0.03906250
1 0.43593750 0.89140625 0.10000000 0.03906250
1 0.58984375 0.89218750 0.09843750 0.04062500
1 0.02890625 0.96250000 0.05781250 0.04062500
1 0.97343750 0.88671875 0.05312500 0.03906250
1 0.25078125 0.96093750 0.09843750 0.03750000
1 0.63750000 0.94765625 0.08125000 0.03906250
1 0.12578125 0.96484375 0.10156250 0.03906250
1 0.79218750 0.98906250 0.09062500 0.02187500
1 0.38281250 0.72656250 0.09687500 0.04062500
1 0.42421875 0.99531250 0.09218750 0.00937500
1 0.17343750 0.90234375 0.10000000 0.03906250
1 0.37343750 0.41875000 0.04375000 0.07812500
1 0.52109375 0.95234375 0.10156250 0.04218750
1 0.02187500 0.44062500 0.04375000 0.06250000
1 0.73437500 0.88828125 0.10312500 0.03906250
1 0.54140625 0.99375000 0.09218750 0.01250000
