2 0.62890625 0.05468750 0.01093750 0.01562500
2 0.31796875 0.57656250 0.02968750 0.02812500
2 0.95546875 0.46015625 0.02031250 0.02343750
2 0.06640625 0.40546875 0.01093750 0.01093750
2 0.09453125 0.38125000 0.01093750 0.01250000
2 0.25468750 0.50625000 0.01875000 0.02500000
2 0.80078125 0.23750000 0.02343750 0.02500000
2 0.11562500 0.49296875 0.01562500 0.01718750
2 0.57187500 0.47187500 0.01562500 0.02500000
2 0.38515625 0.01796875 0.02031250 0.03593750
2 0.84062500 0.04375000 0.01875000 0.03750000
2 0.07812500 0.53203125 0.03125000 0.02343750
2 0.08671875 0.39921875 0.01093750 0.01093750
2 0.99453125 0.70546875 0.01093750 0.03906250
2 0.98750000 0.53906250 0.02500000 0.02187500
2 0.80937500 0.06718750 0.02500000 0.04375000
2 0.31328125 0.52500000 0.02968750 0.02500000
2 0.21640625 0.41328125 0.02031250 0.01718750
2 0.32812500 0.40390625 0.03125000 0.02656250
2 0.20703125 0.39296875 0.00781250 0.01406250
2 0.18203125 0.52656250 0.01718750 0.02500000
2 0.68281250 0.94921875 0.01250000 0.02031250
2 0.01875000 0.48281250 0.01562500 0.01250000
2 0.36171875 0.32031250 0.01406250 0.01250000
2 0.28671875 0.37578125 0.01406250 0.02343750
2 0.25312500 0.37812500 0.02187500 0.02187500
2 0.95937500 0.44531250 0.01875000 0.01562500
2 0.29218750 0.37500000 0.02500000 0.02500000
2 0.97734375 0.44296875 0.01406250 0.01718750
2 0.60703125 0.91406250 0.02656250 0.02500000
2 0.15781250 0.51953125 0.01562500 0.01406250
2 0.32500000 0.41093750 0.01875000 0.01562500
2 0.33281250 0.47031250 0.03125000 0.02500000
2 0.22968750 0.39375000 0.01562500 0.01562500
2 0.62656250 0.80703125 0.02187500 0.01718750
2 0.20625000 0.43437500 0.01562500 0.01562500
2 0.38281250 0.01015625 0.01562500 0.02031250
2 0.99453125 0.69531250 0.01093750 0.01875000
2 0.26015625 0.03593750 0.01406250 0.03125000
1 0.72265625 0.23828125 0.04218750 0.09218750
1 0.28515625 0.52812500 0.02656250 0.02812500
1 0.21484375 0.54921875 0.02656250 0.02656250
1 0.49453125 0.02187500 0.03593750 0.04375000
1 0.43203125 0.40312500 0.05468750 0.09375000
1 0.54453125 0.01250000 0.03281250 0.02500000
1 0.00703125 0.92031250 0.01406250 0.03750000
1 0.68906250 0.53359375 0.05000000 0.08281250
1 0.94765625 0.47343750 0.04531250 0.04062500
1 0.53593750 0.69140625 0.07812500 0.07968750
1 0.48671875 0.12421875 0.03593750 0.10156250
1 0.49218750 0.25468750 0.03437500 0.08125000
1 0.25078125 0.54921875 0.02343750 0.02656250
1 0.64843750 0.30000000 0.04062500 0.08125000
1 0.98515625 0.59843750 0.02968750 0.02812500
1 0.59921875 0.20859375 0.03593750 0.08906250
1 0.53984375 0.23984375 0.03906250 0.09218750
1 0.54296875 0.11328125 0.03593750 0.09218750
1 0.67734375 0.39296875 0.04531250 0.08593750
1 0.59218750 0.09218750 0.03437500 0.06562500
1 0.67109375 0.10546875 0.04218750 0.08593750
1 0.60234375 0.00937500 0.03593750 0.01875000
1 0.33437500 0.82343750 0.08125000 0.06875000
