2 0.18671875 0.48359375 0.02343750 0.02031250
2 0.93281250 0.44687500 0.01875000 0.01875000
2 0.05000000 0.41093750 0.01562500 0.01250000
2 0.79296875 0.15546875 0.02031250 0.02031250
2 0.07890625 0.38750000 0.01093750 0.01250000
2 0.37656250 0.36250000 0.03125000 0.03125000
2 0.93359375 0.45156250 0.02343750 0.02812500
2 0.25703125 0.32343750 0.01718750 0.01562500
2 0.02421875 0.47109375 0.02031250 0.01718750
2 0.33593750 0.38046875 0.02812500 0.02343750
2 0.75156250 0.63515625 0.02500000 0.02031250
2 0.31953125 0.31953125 0.01406250 0.02031250
2 0.07031250 0.40468750 0.01250000 0.01562500
2 0.85625000 0.13359375 0.01562500 0.03593750
2 0.26328125 0.42890625 0.02031250 0.02031250
2 0.37109375 0.36328125 0.02031250 0.02968750
2 0.33828125 0.06796875 0.02656250 0.01718750
2 0.26484375 0.41796875 0.02656250 0.03906250
2 0.37031250 0.36875000 0.01562500 0.01875000
2 0.21484375 0.40000000 0.01718750 0.01875000
2 0.32890625 0.32656250 0.02968750 0.04062500
2 0.19218750 0.39062500 0.01875000 0.02187500
2 0.02500000 0.47968750 0.02187500 0.03437500
2 0.01093750 0.60000000 0.02187500 0.02187500
2 0.87890625 0.10312500 0.02343750 0.02187500
2 0.64062500 0.55625000 0.03125000 0.01875000
2 0.33750000 0.29609375 0.02500000 0.02343750
2 0.96875000 0.44140625 0.01562500 0.02031250
2 0.66406250 0.61093750 0.02187500 0.01875000
2 0.29375000 0.29921875 0.02187500 0.02031250
2 0.39140625 0.51484375 0.02656250 0.02343750
2 0.33125000 0.31562500 0.03750000 0.06250000
2 0.86093750 0.38906250 0.02812500 0.02500000
2 0.26406250 0.41015625 0.02500000 0.02656250
2 0.30937500 0.25781250 0.02187500 0.02187500
2 0.81171875 0.55781250 0.02656250 0.01562500
1 0.93359375 0.56875000 0.08906250 0.06875000
1 0.67187500 0.16250000 0.04375000 0.09375000
1 0.79765625 0.78046875 0.09218750 0.04218750
1 0.86562500 0.89375000 0.09687500 0.03750000
1 0.69765625 0.31406250 0.05468750 0.09062500
1 0.39921875 0.76640625 0.07968750 0.04218750
1 0.45312500 0.69765625 0.07500000 0.04218750
1 0.58515625 0.27968750 0.03906250 0.09062500
1 0.01562500 0.92578125 0.03125000 0.04531250
1 0.95390625 0.71796875 0.09218750 0.03593750
1 0.36562500 0.83281250 0.08437500 0.03750000
1 0.18828125 0.85703125 0.09218750 0.03593750
1 0.52890625 0.23750000 0.03593750 0.08750000
1 0.47890625 0.23906250 0.04218750 0.08750000
1 0.24765625 0.76953125 0.10156250 0.03906250
1 0.97109375 0.78281250 0.05781250 0.04062500
1 0.14609375 0.68750000 0.09218750 0.03750000
1 0.04609375 0.74687500 0.09218750 0.04062500
1 0.60625000 0.77656250 0.08750000 0.03750000
1 0.47812500 0.09453125 0.03437500 0.08593750
1 0.81484375 0.83437500 0.08281250 0.03750000
1 0.56015625 0.83046875 0.09218750 0.03906250
1 0.52265625 0.01875000 0.03593750 0.03750000
1 0.68281250 0.72265625 0.07812500 0.03593750
1 0.55000000 0.88906250 0.09687500 0.04375000
1 0.47343750 0.01015625 0.03750000 0.02031250
