1 0.95234375 0.05234375 0.09531250 0.03906250
1 0.45156250 0.29062500 0.09687500 0.03750000
1 0.62421875 0.17109375 0.10468750 0.03906250
1 0.94218750 0.29921875 0.08437500 0.03906250
1 0.68281250 0.05390625 0.09687500 0.03906250
1 0.19218750 0.21562500 0.08750000 0.03750000
1 0.78984375 0.29687500 0.09843750 0.03750000
1 0.22187500 0.10703125 0.08750000 0.04218750
1 0.97187500 0.17968750 0.05625000 0.04062500
1 0.33125000 0.28593750 0.08437500 0.04062500
1 0.82421875 0.05312500 0.09218750 0.03437500
1 0.53046875 0.22890625 0.07968750 0.03281250
1 0.56328125 0.28828125 0.09218750 0.03906250
1 0.67500000 0.29531250 0.09375000 0.04062500
1 0.21250000 0.28125000 0.09375000 0.03750000
1 0.34375000 0.10546875 0.08750000 0.04531250
1 0.41953125 0.22812500 0.08593750 0.03437500
1 0.22578125 0.16250000 0.09531250 0.03750000
1 0.34218750 0.16484375 0.07812500 0.03593750
1 0.30546875 0.22031250 0.08593750 0.03437500
1 0.99609375 0.23593750 0.00781250 0.04062500
1 0.86875000 0.11796875 0.08750000 0.04531250
1 0.74921875 0.11171875 0.10156250 0.03906250
1 0.46250000 0.10781250 0.09375000 0.03750000
1 0.96484375 0.11718750 0.07031250 0.05312500
1 0.49843750 0.16406250 0.09375000 0.04062500
1 0.42578125 0.05468750 0.07343750 0.03750000
1 0.70000000 0.00390625 0.09062500 0.00781250
1 0.60546875 0.11328125 0.09218750 0.03906250
1 0.55078125 0.05546875 0.09843750 0.03906250
1 0.74921875 0.17500000 0.09218750 0.04375000
1 0.86562500 0.17578125 0.09062500 0.04218750
0 0.76250000 0.84843750 0.47500000 0.25937500
0 0.26250000 0.04765625 0.25000000 0.06406250
0 0.96562500 0.11718750 0.06875000 0.05312500
0 0.77812500 0.79062500 0.38125000 0.12500000
