1 0.88515625 0.40625000 0.10468750 0.04687500
1 0.97031250 0.34765625 0.05937500 0.07656250
1 0.43750000 0.89218750 0.10000000 0.03750000
1 0.86953125 0.94453125 0.09843750 0.04218750
1 0.11171875 0.82031250 0.09531250 0.03437500
1 0.30703125 0.90078125 0.09843750 0.03906250
1 0.87265625 0.88671875 0.09531250 0.04218750
1 0.03359375 0.67500000 0.06718750 0.04062500
1 0.97656250 0.88437500 0.04687500 0.03750000
1 0.60937500 0.89218750 0.10625000 0.04062500
1 0.04296875 0.90390625 0.08593750 0.03906250
1 0.17421875 0.90390625 0.10156250 0.03906250
1 0.64765625 0.78593750 0.09531250 0.04062500
1 0.33515625 0.50546875 0.09218750 0.03906250
1 0.46718750 0.95468750 0.10000000 0.04062500
1 0.73906250 0.88750000 0.10312500 0.04375000
1 0.10859375 0.76171875 0.10156250 0.04531250
1 0.17265625 0.96250000 0.10468750 0.04062500
