1 0.69765625 0.66015625 0.08593750 0.03906250
1 0.92656250 0.95625000 0.09375000 0.03750000
1 0.60000000 0.71093750 0.09687500 0.04062500
1 0.08281250 0.71718750 0.08750000 0.03750000
1 0.90546875 0.83906250 0.09843750 0.03750000
1 0.33984375 0.95937500 0.09531250 0.03750000
1 0.20312500 0.95625000 0.10000000 0.03750000
1 0.24140625 0.71875000 0.09218750 0.04062500
1 0.27890625 0.83906250 0.09218750 0.03750000
1 0.34062500 0.77656250 0.08125000 0.03750000
1 0.78593750 0.71640625 0.10000000 0.04531250
1 0.22031250 0.89687500 0.08750000 0.03750000
1 0.05625000 0.78046875 0.08437500 0.03593750
1 0.61093750 0.77656250 0.08750000 0.03750000
1 0.87265625 0.77187500 0.09531250 0.03750000
1 0.82578125 0.95781250 0.10468750 0.04062500
1 0.58515625 0.95703125 0.09531250 0.03906250
1 0.71250000 0.95703125 0.09687500 0.03906250
1 0.44843750 0.72187500 0.09062500 0.04062500
1 0.46015625 0.96250000 0.08593750 0.03750000
