1 0.81953125 0.96875000 0.08906250 0.03437500
1 0.09531250 0.87500000 0.09062500 0.03750000
1 0.97890625 0.79453125 0.04218750 0.03906250
1 0.54843750 0.90625000 0.08125000 0.04375000
1 0.48828125 0.95859375 0.08906250 0.03593750
1 0.16093750 0.95468750 0.09062500 0.03750000
1 0.32421875 0.65625000 0.04843750 0.02812500
1 0.31171875 0.95234375 0.09531250 0.03906250
1 0.38046875 0.83828125 0.09218750 0.03906250
1 0.88671875 0.72734375 0.09843750 0.03593750
1 0.27343750 0.89062500 0.09375000 0.03750000
1 0.96953125 0.67031250 0.06093750 0.04062500
1 0.88046875 0.84843750 0.08906250 0.05000000
1 0.63437500 0.84921875 0.08125000 0.04218750
1 0.48281250 0.78281250 0.08750000 0.04062500
1 0.66093750 0.72187500 0.09062500 0.03750000
1 0.73828125 0.78750000 0.08906250 0.04062500
1 0.21093750 0.71015625 0.10000000 0.04218750
0 0.19921875 0.77265625 0.24531250 0.05781250
2 0.18203125 0.43671875 0.01406250 0.02031250
2 0.01875000 0.60937500 0.01562500 0.01562500
2 0.15468750 0.45859375 0.02187500 0.02031250
2 0.28281250 0.42500000 0.02187500 0.02500000
2 0.39453125 0.53906250 0.02656250 0.02500000
