2 0.07968750 0.39765625 0.01250000 0.01718750
2 0.04296875 0.16875000 0.01406250 0.02500000
2 0.81328125 0.45078125 0.01718750 0.02968750
2 0.05000000 0.03281250 0.05000000 0.05000000
2 0.44140625 0.93125000 0.01406250 0.01562500
2 0.17109375 0.43906250 0.01718750 0.02187500
2 0.09609375 0.43515625 0.02031250 0.03281250
2 0.37500000 0.54843750 0.02500000 0.01875000
2 0.01015625 0.15546875 0.01406250 0.01406250
2 0.51328125 0.63359375 0.03906250 0.01406250
2 0.15234375 0.61796875 0.02968750 0.03593750
2 0.05546875 0.13750000 0.02031250 0.04062500
2 0.21015625 0.67890625 0.02343750 0.02968750
2 0.47109375 0.56406250 0.03281250 0.02187500
2 0.38125000 0.60859375 0.03750000 0.02343750
2 0.72109375 0.53203125 0.02031250 0.03906250
2 0.37734375 0.55078125 0.02968750 0.02343750
2 0.54375000 0.60937500 0.01562500 0.01875000
2 0.47968750 0.59296875 0.01875000 0.02031250
2 0.61250000 0.59062500 0.02500000 0.01875000
2 0.61796875 0.59062500 0.01406250 0.01875000
2 0.39765625 0.57187500 0.03281250 0.02500000
2 0.06171875 0.01484375 0.02656250 0.01718750
2 0.03750000 0.03906250 0.02500000 0.03437500
2 0.56093750 0.54843750 0.02500000 0.02187500
2 0.15859375 0.60703125 0.01718750 0.01718750
2 0.39218750 0.01093750 0.01875000 0.02187500
2 0.33671875 0.01015625 0.02343750 0.02031250
1 0.75625000 0.71328125 0.09375000 0.03906250
1 0.59921875 0.89296875 0.09531250 0.03593750
1 0.61093750 0.83437500 0.08750000 0.03437500
1 0.72187500 0.77890625 0.08437500 0.03906250
1 0.95390625 0.77500000 0.09218750 0.03750000
1 0.52109375 0.96015625 0.08906250 0.04218750
1 0.59062500 0.55156250 0.05937500 0.02187500
1 0.85625000 0.96093750 0.08437500 0.03750000
1 0.60546875 0.72187500 0.08906250 0.04062500
1 0.83125000 0.77421875 0.08125000 0.03593750
1 0.29375000 0.55546875 0.03750000 0.02656250
1 0.96562500 0.95703125 0.06875000 0.03906250
1 0.97890625 0.71328125 0.04218750 0.03906250
1 0.86484375 0.83671875 0.09531250 0.03593750
1 0.61484375 0.77578125 0.07968750 0.03593750
1 0.74218750 0.89531250 0.09062500 0.03750000
1 0.73906250 0.83750000 0.08750000 0.03437500
1 0.86875000 0.71796875 0.09375000 0.03906250
1 0.67500000 0.95859375 0.09375000 0.03593750
