1 0.77109375 0.13593750 0.08906250 0.04687500
1 0.21640625 0.37031250 0.10156250 0.03750000
1 0.50312500 0.37109375 0.09375000 0.03593750
1 0.63203125 0.30468750 0.08906250 0.03437500
1 0.02265625 0.31171875 0.04531250 0.03906250
1 0.26328125 0.30781250 0.08906250 0.03437500
1 0.08125000 0.43203125 0.08750000 0.03906250
1 0.24921875 0.09531250 0.09531250 0.03750000
1 0.37968750 0.42890625 0.09687500 0.03906250
1 0.78125000 0.48125000 0.08437500 0.03750000
1 0.39140625 0.24609375 0.09218750 0.03593750
1 0.37500000 0.36562500 0.09687500 0.04375000
1 0.01953125 0.25234375 0.03593750 0.04218750
1 0.27421875 0.49296875 0.09531250 0.03593750
1 0.77187500 0.42187500 0.09375000 0.04375000
1 0.55078125 0.48125000 0.08281250 0.03750000
1 0.11093750 0.49140625 0.10937500 0.03906250
1 0.11406250 0.25468750 0.09687500 0.03437500
1 0.99062500 0.24218750 0.01875000 0.03437500
1 0.21250000 0.42734375 0.09687500 0.04218750
1 0.38203125 0.31015625 0.08906250 0.04218750
1 0.75390625 0.30468750 0.08906250 0.03750000
1 0.00546875 0.37187500 0.01093750 0.02500000
1 0.63281250 0.42421875 0.09062500 0.03906250
1 0.23750000 0.24843750 0.10312500 0.03750000
1 0.12421875 0.31640625 0.09843750 0.04531250
1 0.08828125 0.36640625 0.08906250 0.04218750
1 0.78515625 0.24140625 0.08281250 0.04218750
1 0.75390625 0.36328125 0.09218750 0.03906250
1 0.01171875 0.48593750 0.02343750 0.03437500
1 0.65781250 0.48359375 0.09062500 0.04531250
1 0.41406250 0.48750000 0.09375000 0.03750000
1 0.51015625 0.42656250 0.10468750 0.04062500
1 0.02500000 0.06484375 0.05000000 0.04531250
1 0.59375000 0.54765625 0.08750000 0.03906250
1 0.51171875 0.30312500 0.08906250 0.03437500
1 0.52578125 0.24765625 0.07656250 0.03281250
1 0.62812500 0.36953125 0.09687500 0.03593750
1 0.65937500 0.24609375 0.08437500 0.03593750
2 0.35937500 0.98984375 0.11562500 0.02031250
2 0.97421875 0.49453125 0.02343750 0.02656250
2 0.43125000 0.62109375 0.01250000 0.01718750
2 0.92109375 0.58203125 0.02031250 0.01718750
2 0.88281250 0.60078125 0.01562500 0.02031250
2 0.94843750 0.80937500 0.04687500 0.03125000
2 0.79609375 0.59843750 0.01718750 0.03125000
2 0.69062500 0.59531250 0.02187500 0.01875000
2 0.95781250 0.62343750 0.03750000 0.01875000
2 0.97968750 0.48906250 0.01562500 0.01875000
2 0.93671875 0.67421875 0.02343750 0.02343750
2 0.98125000 0.58984375 0.03750000 0.03281250
2 0.95859375 0.81171875 0.02343750 0.02656250
2 0.89531250 0.60312500 0.01875000 0.01875000
2 0.98906250 0.62343750 0.02187500 0.01875000
2 0.62890625 0.60859375 0.02031250 0.02343750
2 0.50390625 0.67421875 0.01093750 0.01093750
2 0.45625000 0.61484375 0.02187500 0.02656250
2 0.23750000 0.66796875 0.02187500 0.02968750
2 0.44218750 0.62109375 0.01250000 0.01718750
2 0.63906250 0.60234375 0.04062500 0.03593750
2 0.97812500 0.49296875 0.01875000 0.02343750
2 0.83750000 0.61796875 0.02187500 0.01718750
2 0.03984375 0.78671875 0.02656250 0.02968750
2 0.93203125 0.67812500 0.01406250 0.01562500
2 0.45234375 0.60781250 0.01718750 0.01562500
2 0.88515625 0.59609375 0.01406250 0.01718750
2 0.98984375 0.66093750 0.02031250 0.02500000
2 0.74296875 0.61796875 0.01406250 0.01406250
2 0.43828125 0.63281250 0.02343750 0.04375000
2 0.64453125 0.59921875 0.03281250 0.02968750
2 0.45703125 0.61953125 0.02031250 0.01718750
2 0.98515625 0.58125000 0.02343750 0.01562500
2 0.43671875 0.62109375 0.02031250 0.01718750
2 0.96484375 0.62343750 0.02968750 0.01875000
2 0.87187500 0.59453125 0.01250000 0.01406250
2 0.88671875 0.60000000 0.03593750 0.02500000
2 0.98984375 0.66171875 0.02031250 0.02343750
2 0.64843750 0.59921875 0.02812500 0.02968750
2 0.97734375 0.58281250 0.02656250 0.01875000
2 0.79531250 0.60703125 0.01875000 0.01718750
2 0.96562500 0.59765625 0.01875000 0.02031250
2 0.87890625 0.59843750 0.02343750 0.02187500
2 0.09531250 0.97343750 0.04375000 0.04375000
2 0.98828125 0.24218750 0.01718750 0.02187500
2 0.74062500 0.61796875 0.01875000 0.01718750
2 0.73750000 0.60703125 0.02500000 0.03593750
2 0.73515625 0.60000000 0.01718750 0.01875000
2 0.36328125 0.66953125 0.02656250 0.03906250
2 0.87578125 0.59531250 0.01718750 0.01562500
2 0.66250000 0.98750000 0.03125000 0.02500000
2 0.94687500 0.62500000 0.01875000 0.01562500
2 0.96875000 0.49765625 0.01562500 0.02031250
2 0.44609375 0.61562500 0.04218750 0.02812500
2 0.30703125 0.98281250 0.01718750 0.02812500
2 0.99375000 0.64375000 0.01250000 0.01250000
2 0.91953125 0.60234375 0.02656250 0.02343750
2 0.93359375 0.80156250 0.01718750 0.01562500
