1 0.92656250 0.09609375 0.09687500 0.03593750
1 0.54140625 0.27265625 0.08281250 0.03281250
1 0.72734375 0.03984375 0.09843750 0.03906250
1 0.42421875 0.27343750 0.09843750 0.04375000
1 0.20468750 0.09609375 0.07812500 0.03593750
1 0.54453125 0.09531250 0.09531250 0.03750000
1 0.96093750 0.04375000 0.07812500 0.03750000
1 0.57578125 0.15625000 0.10781250 0.03437500
1 0.79296875 0.09609375 0.07968750 0.03593750
1 0.20078125 0.15468750 0.08906250 0.03437500
1 0.32890625 0.15781250 0.08593750 0.03437500
1 0.90625000 0.21328125 0.10000000 0.03906250
1 0.78203125 0.27734375 0.10156250 0.04531250
1 0.30625000 0.27968750 0.08125000 0.03750000
1 0.85468750 0.04609375 0.09062500 0.03593750
1 0.33125000 0.21406250 0.08750000 0.03750000
1 0.66875000 0.28125000 0.10000000 0.03750000
1 0.19218750 0.27968750 0.08437500 0.03750000
1 0.31250000 0.09921875 0.08437500 0.03593750
1 0.45390625 0.15625000 0.09218750 0.03750000
1 0.74687500 0.22109375 0.09687500 0.03593750
1 0.17656250 0.21250000 0.09375000 0.03750000
1 0.97500000 0.27187500 0.05000000 0.03437500
1 0.67890625 0.10000000 0.09218750 0.03750000
1 0.42578125 0.09609375 0.08906250 0.04218750
1 0.95625000 0.15781250 0.08750000 0.03750000
1 0.89453125 0.28046875 0.07968750 0.03906250
1 0.60781250 0.21562500 0.10625000 0.03750000
1 0.31718750 0.03437500 0.09062500 0.03750000
1 0.45781250 0.21562500 0.08750000 0.04062500
1 0.19453125 0.04375000 0.08906250 0.04062500
1 0.59296875 0.03281250 0.08906250 0.04062500
1 0.18515625 0.39062500 0.09843750 0.04687500
1 0.71015625 0.15625000 0.09218750 0.03750000
1 0.45625000 0.03750000 0.08750000 0.04375000
1 0.99140625 0.21328125 0.01718750 0.03593750
1 0.84765625 0.15703125 0.10468750 0.03593750
