2 0.65625000 0.53671875 0.03750000 0.02343750
2 0.93203125 0.62656250 0.03593750 0.05000000
2 0.98984375 0.58359375 0.02031250 0.04531250
2 0.93671875 0.77812500 0.04218750 0.03437500
2 0.98984375 0.59453125 0.02031250 0.02343750
2 0.49296875 0.63203125 0.01718750 0.01406250
2 0.87812500 0.57421875 0.02812500 0.02343750
2 0.94609375 0.77890625 0.02343750 0.02968750
2 0.16171875 0.53906250 0.02968750 0.02500000
2 0.99375000 0.57343750 0.01250000 0.02500000
2 0.92890625 0.55781250 0.03593750 0.02500000
2 0.77500000 0.54765625 0.03750000 0.02031250
2 0.31171875 0.57265625 0.02343750 0.02031250
0 0.83828125 0.45781250 0.24531250 0.05937500
0 0.16250000 0.95781250 0.12500000 0.08437500
0 0.48984375 0.45390625 0.22968750 0.05156250
1 0.94296875 0.00703125 0.09531250 0.01406250
1 0.71328125 0.51562500 0.09218750 0.03750000
1 0.93203125 0.62656250 0.03593750 0.05000000
1 0.76796875 0.21796875 0.08593750 0.03593750
1 0.92109375 0.39687500 0.09843750 0.03750000
1 0.66015625 0.27968750 0.09218750 0.03750000
1 0.54062500 0.20625000 0.08437500 0.03750000
1 0.00625000 0.43281250 0.01250000 0.03437500
1 0.00625000 0.31640625 0.01250000 0.03906250
1 0.61640625 0.57031250 0.11406250 0.03750000
1 0.09609375 0.37812500 0.09218750 0.04062500
1 0.22109375 0.31953125 0.09218750 0.05156250
1 0.53281250 0.33281250 0.09375000 0.04062500
1 0.70000000 0.13046875 0.09375000 0.03593750
1 0.37031250 0.37968750 0.09062500 0.04687500
1 0.50468750 0.27343750 0.09375000 0.03750000
1 0.83203125 0.08593750 0.08281250 0.03437500
1 0.60078125 0.38593750 0.09843750 0.04375000
1 0.91015625 0.34609375 0.08593750 0.02968750
1 0.73125000 0.98593750 0.09062500 0.02812500
1 0.77500000 0.54843750 0.03750000 0.02187500
1 0.65390625 0.21640625 0.07968750 0.03281250
1 0.76796875 0.27343750 0.08281250 0.03750000
