2 0.87265625 0.24765625 0.01406250 0.02031250
2 0.35468750 0.46250000 0.03437500 0.04687500
2 0.77500000 0.30625000 0.01250000 0.01875000
2 0.34609375 0.48828125 0.02031250 0.02031250
2 0.68281250 0.42812500 0.01562500 0.01875000
2 0.01875000 0.63828125 0.03750000 0.02343750
2 0.73125000 0.33125000 0.01562500 0.01250000
2 0.19531250 0.39843750 0.01250000 0.02187500
2 0.82109375 0.33750000 0.01406250 0.01875000
2 0.34062500 0.00703125 0.01250000 0.01406250
2 0.05546875 0.41640625 0.01406250 0.01093750
2 0.31250000 0.17265625 0.02187500 0.10781250
2 0.33984375 0.00703125 0.01406250 0.01406250
2 0.24453125 0.03515625 0.01718750 0.02031250
2 0.81093750 0.30625000 0.02187500 0.01875000
2 0.83125000 0.33671875 0.01250000 0.02343750
2 0.32578125 0.32343750 0.02656250 0.03750000
2 0.03046875 0.59453125 0.02031250 0.01718750
2 0.25859375 0.44375000 0.02343750 0.01562500
2 0.03359375 0.59687500 0.02968750 0.02187500
2 0.30546875 0.03437500 0.01406250 0.01875000
2 0.35390625 0.46718750 0.03281250 0.05000000
2 0.19375000 0.48125000 0.01562500 0.01562500
2 0.35859375 0.46640625 0.02343750 0.02343750
2 0.00625000 0.40546875 0.01250000 0.01093750
2 0.34531250 0.44765625 0.01562500 0.01718750
2 0.07421875 0.41171875 0.01406250 0.01406250
2 0.34453125 0.48750000 0.01718750 0.01875000
2 0.93984375 0.46328125 0.01406250 0.02343750
2 0.84765625 0.14843750 0.02031250 0.03125000
2 0.36718750 0.47343750 0.01250000 0.02187500
2 0.22500000 0.16484375 0.05000000 0.27343750
2 0.62109375 0.60781250 0.01406250 0.01250000
2 0.62812500 0.60703125 0.01250000 0.01406250
2 0.01406250 0.63593750 0.02812500 0.01875000
2 0.33203125 0.31718750 0.03593750 0.05937500
2 0.21562500 0.40234375 0.01875000 0.01718750
2 0.33046875 0.33515625 0.03281250 0.03906250
2 0.14375000 0.46484375 0.01875000 0.02031250
2 0.35078125 0.44843750 0.02656250 0.01875000
2 0.82187500 0.38593750 0.01250000 0.01250000
2 0.35312500 0.46953125 0.01875000 0.02656250
2 0.87656250 0.13046875 0.02187500 0.02031250
2 0.35703125 0.24843750 0.01406250 0.02500000
2 0.20703125 0.39921875 0.03593750 0.02343750
2 0.19062500 0.48359375 0.02187500 0.02031250
2 0.79218750 0.51875000 0.01562500 0.01562500
2 0.36171875 0.45156250 0.01718750 0.02187500
2 0.82656250 0.33671875 0.02187500 0.02343750
2 0.69687500 0.07031250 0.01250000 0.01875000
2 0.16875000 0.44765625 0.04687500 0.02656250
2 0.68203125 0.42734375 0.01718750 0.02031250
2 0.93437500 0.46015625 0.02500000 0.02656250
2 0.02187500 0.33906250 0.01562500 0.02187500
2 0.32421875 0.35234375 0.01718750 0.01718750
2 0.33828125 0.29531250 0.02031250 0.01875000
2 0.33359375 0.32890625 0.03281250 0.03906250
2 0.25390625 0.44296875 0.01406250 0.01406250
2 0.00937500 0.63750000 0.01875000 0.01875000
2 0.08203125 0.39218750 0.01093750 0.01250000
2 0.85781250 0.13359375 0.01875000 0.03281250
2 0.52265625 0.94218750 0.03906250 0.04687500
2 0.35781250 0.25546875 0.01875000 0.03593750
2 0.96875000 0.44531250 0.01562500 0.01875000
2 0.79062500 0.51875000 0.01875000 0.01562500
2 0.14453125 0.46875000 0.01406250 0.01562500
2 0.87109375 0.24843750 0.01406250 0.01875000
2 0.88671875 0.10859375 0.02656250 0.02343750
2 0.33203125 0.00781250 0.01406250 0.01562500
2 0.83203125 0.04062500 0.01718750 0.03125000
2 0.62343750 0.60703125 0.01875000 0.01406250
2 0.86093750 0.12578125 0.02500000 0.03593750
2 0.31328125 0.17265625 0.02031250 0.10781250
2 0.48281250 0.39609375 0.01250000 0.01718750
2 0.01640625 0.63359375 0.02031250 0.01406250
2 0.80937500 0.30546875 0.01875000 0.01718750
2 0.33593750 0.00781250 0.01875000 0.01562500
2 0.82031250 0.33593750 0.01250000 0.01875000
2 0.22343750 0.47812500 0.02187500 0.01875000
1 0.89687500 0.51484375 0.08125000 0.07031250
1 0.92343750 0.77734375 0.09375000 0.03906250
1 0.53046875 0.24140625 0.03593750 0.08593750
1 0.48046875 0.10000000 0.03281250 0.08750000
1 0.68515625 0.02734375 0.03593750 0.05468750
1 0.29062500 0.86328125 0.07812500 0.04218750
1 0.46484375 0.76015625 0.08906250 0.03593750
1 0.01796875 0.92500000 0.03593750 0.04375000
1 0.47968750 0.23984375 0.04062500 0.09218750
1 0.38750000 0.71250000 0.05625000 0.03437500
1 0.26015625 0.77734375 0.08593750 0.03593750
1 0.52421875 0.02187500 0.03593750 0.04375000
1 0.69687500 0.74531250 0.08437500 0.03437500
1 0.42421875 0.30859375 0.03906250 0.08906250
1 0.20625000 0.71640625 0.08750000 0.03593750
1 0.04921875 0.80078125 0.09843750 0.03906250
1 0.97265625 0.88750000 0.05468750 0.03750000
1 0.97968750 0.71718750 0.04062500 0.03750000
1 0.87812500 0.83593750 0.09062500 0.03750000
1 0.47578125 0.01328125 0.03906250 0.02656250
1 0.41171875 0.81718750 0.08906250 0.03437500
1 0.65234375 0.84921875 0.09531250 0.04218750
1 0.58593750 0.28437500 0.03750000 0.09062500
