1 0.64218750 0.24609375 0.08125000 0.03906250
1 0.42578125 0.30546875 0.09843750 0.03906250
1 0.87656250 0.36718750 0.09687500 0.04062500
1 0.03046875 0.24765625 0.06093750 0.03906250
1 0.68203125 0.36015625 0.08906250 0.06093750
1 0.03593750 0.30468750 0.07187500 0.03437500
1 0.25390625 0.25156250 0.09843750 0.03750000
1 0.24375000 0.36718750 0.10312500 0.04062500
1 0.29218750 0.30859375 0.10625000 0.03906250
1 0.12812500 0.25390625 0.10312500 0.03906250
1 0.17187500 0.30625000 0.10000000 0.03750000
1 0.75312500 0.24296875 0.09375000 0.04218750
1 0.38828125 0.24609375 0.09843750 0.03906250
1 0.54453125 0.30468750 0.09843750 0.04062500
1 0.52343750 0.24531250 0.10625000 0.04375000
1 0.67421875 0.31250000 0.09531250 0.04375000
1 0.79140625 0.29687500 0.09531250 0.04062500
0 0.92031250 0.31250000 0.15937500 0.05625000
