1 0.05781250 0.23359375 0.10312500 0.04531250
1 0.43359375 0.24843750 0.10781250 0.05000000
1 0.93125000 0.08750000 0.11875000 0.05000000
1 0.03046875 0.68046875 0.03593750 0.08906250
1 0.15468750 0.68437500 0.04375000 0.10000000
1 0.15546875 0.81250000 0.04218750 0.10000000
1 0.51093750 0.10390625 0.10000000 0.04218750
1 0.03750000 0.06406250 0.07500000 0.04062500
1 0.09296875 0.94531250 0.03906250 0.08437500
1 0.03281250 0.80000000 0.04062500 0.09375000
1 0.08437500 0.70390625 0.04062500 0.09531250
1 0.08906250 0.82656250 0.04062500 0.09375000
1 0.04062500 0.96250000 0.04062500 0.07500000
1 0.73828125 0.03593750 0.10156250 0.04062500
1 0.29218750 0.05468750 0.10000000 0.04062500
1 0.95000000 0.03125000 0.09375000 0.03750000
1 0.54765625 0.03515625 0.09843750 0.03906250
1 0.64218750 0.09921875 0.10312500 0.04218750
1 0.77265625 0.09687500 0.10156250 0.04062500
