1 0.93359375 0.09296875 0.09843750 0.03593750
1 0.54531250 0.27265625 0.08125000 0.03593750
1 0.74609375 0.03593750 0.09843750 0.03750000
1 0.42578125 0.27187500 0.09843750 0.04375000
1 0.20859375 0.09375000 0.07968750 0.03437500
1 0.96328125 0.03906250 0.07343750 0.03750000
1 0.78750000 0.27265625 0.09687500 0.04531250
1 0.58671875 0.15468750 0.11093750 0.03437500
1 0.98125000 0.51796875 0.03750000 0.03593750
1 0.79921875 0.09375000 0.07968750 0.04062500
1 0.91328125 0.21015625 0.09843750 0.03906250
1 0.33281250 0.15546875 0.08750000 0.03593750
1 0.19375000 0.21093750 0.09375000 0.03750000
1 0.46015625 0.03359375 0.08906250 0.03906250
1 0.99453125 0.20937500 0.01093750 0.03125000
1 0.30468750 0.27578125 0.08750000 0.03281250
1 0.97812500 0.26953125 0.04375000 0.03593750
1 0.85781250 0.04062500 0.08750000 0.03437500
1 0.33750000 0.21171875 0.09375000 0.03593750
1 0.67421875 0.27968750 0.09843750 0.03750000
1 0.19687500 0.27812500 0.08750000 0.03750000
1 0.31718750 0.09687500 0.08437500 0.03750000
1 0.46093750 0.21250000 0.09062500 0.04062500
1 0.45937500 0.15468750 0.09375000 0.03750000
1 0.20468750 0.15312500 0.08750000 0.03437500
1 0.42656250 0.09375000 0.07812500 0.04062500
1 0.85468750 0.15468750 0.10312500 0.03750000
1 0.96015625 0.15390625 0.07968750 0.03593750
1 0.90625000 0.27734375 0.08437500 0.03906250
1 0.61328125 0.21406250 0.10781250 0.04062500
1 0.34921875 0.03125000 0.09218750 0.03750000
1 0.19843750 0.04140625 0.09375000 0.03906250
1 0.68515625 0.09687500 0.09531250 0.03750000
1 0.54843750 0.09296875 0.09375000 0.03906250
1 0.75234375 0.21796875 0.09843750 0.03593750
1 0.59609375 0.03046875 0.08906250 0.03906250
1 0.71484375 0.15468750 0.09531250 0.03750000
1 0.17656250 0.45546875 0.10000000 0.05156250
