1 0.83125000 0.12734375 0.08750000 0.05156250
1 0.39375000 0.42812500 0.09375000 0.04062500
1 0.11718750 0.25312500 0.09687500 0.03437500
1 0.84921875 0.53906250 0.08593750 0.03750000
1 0.75546875 0.30468750 0.08906250 0.03750000
1 0.66328125 0.24531250 0.08593750 0.03750000
1 0.02421875 0.31015625 0.04843750 0.03593750
1 0.51250000 0.30156250 0.09062500 0.03437500
1 0.46171875 0.02187500 0.08906250 0.03750000
1 0.76640625 0.42343750 0.08593750 0.04062500
1 0.38125000 0.36484375 0.08750000 0.04218750
1 0.00468750 0.36953125 0.00937500 0.02968750
1 0.26640625 0.30703125 0.08906250 0.03593750
1 0.02031250 0.25000000 0.04062500 0.04062500
1 0.98515625 0.42109375 0.02968750 0.03593750
1 0.27578125 0.49140625 0.09531250 0.03593750
1 0.22031250 0.36875000 0.10000000 0.04062500
1 0.58515625 0.48046875 0.07968750 0.03593750
1 0.11406250 0.49062500 0.10937500 0.04062500
1 0.21406250 0.42421875 0.10000000 0.04843750
1 0.38203125 0.31015625 0.09218750 0.04531250
1 0.12578125 0.31406250 0.09843750 0.04375000
1 0.70625000 0.36718750 0.09687500 0.03750000
1 0.91328125 0.48203125 0.08593750 0.03593750
1 0.24062500 0.24765625 0.10312500 0.03593750
1 0.09218750 0.36562500 0.08750000 0.04687500
1 0.78906250 0.24218750 0.08437500 0.04375000
1 0.52890625 0.36796875 0.09218750 0.03906250
1 0.01250000 0.48281250 0.02500000 0.03437500
1 0.39375000 0.24453125 0.09062500 0.03593750
1 0.89765625 0.36171875 0.09218750 0.03906250
1 0.75625000 0.48359375 0.09375000 0.04843750
1 0.55234375 0.42578125 0.10468750 0.04218750
1 0.08671875 0.43125000 0.08906250 0.04062500
1 0.44218750 0.48593750 0.09062500 0.03750000
1 0.08046875 0.07421875 0.09531250 0.03593750
1 0.57421875 0.12890625 0.09843750 0.04843750
1 0.52968750 0.24765625 0.08125000 0.03593750
1 0.63437500 0.30312500 0.09062500 0.03437500
2 0.83750000 0.57187500 0.01875000 0.01875000
2 0.64687500 0.59843750 0.02812500 0.02812500
2 0.92500000 0.63125000 0.02187500 0.01875000
2 0.99296875 0.00703125 0.01406250 0.01406250
2 0.95000000 0.80859375 0.04375000 0.03281250
2 0.84296875 0.57187500 0.02656250 0.02187500
2 0.93593750 0.63125000 0.02187500 0.02187500
2 0.80156250 0.59687500 0.02187500 0.03437500
2 0.01875000 0.61328125 0.01562500 0.01718750
2 0.44531250 0.61484375 0.03437500 0.02656250
2 0.43203125 0.61953125 0.01406250 0.01718750
2 0.45937500 0.61640625 0.00937500 0.02031250
2 0.92890625 0.63046875 0.02968750 0.02343750
2 0.73671875 0.60156250 0.01718750 0.02500000
2 0.85000000 0.57109375 0.01875000 0.02343750
2 0.79921875 0.60625000 0.02343750 0.01875000
2 0.63046875 0.60390625 0.01718750 0.02031250
2 0.99296875 0.60234375 0.01406250 0.02343750
2 0.75000000 0.61640625 0.02500000 0.01718750
2 0.44296875 0.61953125 0.01406250 0.01718750
2 0.43671875 0.61640625 0.02031250 0.02343750
2 0.93515625 0.80000000 0.01406250 0.01562500
2 0.45625000 0.61406250 0.01562500 0.02500000
2 0.81718750 0.59687500 0.01875000 0.03125000
2 0.50468750 0.67031250 0.01250000 0.01250000
2 0.98906250 0.59375000 0.02187500 0.03750000
2 0.02812500 0.61406250 0.03437500 0.01875000
2 0.96250000 0.58359375 0.02812500 0.01718750
2 0.96328125 0.58671875 0.02968750 0.02343750
2 0.68750000 0.60156250 0.04687500 0.03437500
2 0.93750000 0.67187500 0.02500000 0.02187500
2 0.74687500 0.60703125 0.03437500 0.03593750
2 0.96015625 0.81328125 0.02343750 0.02656250
2 0.64296875 0.59921875 0.03593750 0.02968750
2 0.98671875 0.58125000 0.02343750 0.01562500
2 0.81015625 0.60000000 0.02343750 0.03125000
2 0.69218750 0.59375000 0.02500000 0.01875000
2 0.95546875 0.58593750 0.01718750 0.02187500
2 0.80781250 0.59687500 0.03125000 0.03750000
2 0.66640625 0.98593750 0.03593750 0.02812500
2 0.44375000 0.61406250 0.01562500 0.02500000
