1 0.95156250 0.73906250 0.09687500 0.04062500
1 0.53125000 0.91406250 0.08437500 0.03125000
1 0.14843750 0.72656250 0.02500000 0.05000000
1 0.45078125 0.97578125 0.09531250 0.03906250
1 0.68203125 0.73984375 0.09843750 0.03906250
1 0.19296875 0.90312500 0.08593750 0.03750000
1 0.49765625 0.84921875 0.09531250 0.03906250
1 0.81328125 0.91640625 0.09218750 0.04218750
1 0.60390625 0.80000000 0.09218750 0.04062500
1 0.54531250 0.74218750 0.09375000 0.04062500
1 0.01250000 0.59140625 0.02500000 0.02343750
1 0.98281250 0.92187500 0.03437500 0.04062500
1 0.56328125 0.97578125 0.09218750 0.03593750
1 0.64921875 0.91640625 0.08281250 0.03906250
1 0.21171875 0.96796875 0.09531250 0.03906250
1 0.42421875 0.74062500 0.07343750 0.03750000
1 0.34296875 0.79218750 0.08593750 0.04375000
1 0.42578125 0.91406250 0.09843750 0.03750000
1 0.78750000 0.98203125 0.09687500 0.03593750
1 0.34218750 0.85078125 0.07812500 0.03593750
1 0.30546875 0.90703125 0.08593750 0.03593750
1 0.74843750 0.79843750 0.10000000 0.03750000
1 0.46250000 0.79375000 0.09375000 0.03750000
1 0.90234375 0.98281250 0.08593750 0.03437500
1 0.22187500 0.79218750 0.08750000 0.04062500
1 0.22578125 0.84687500 0.09531250 0.03750000
1 0.98750000 0.98203125 0.02500000 0.03593750
1 0.86796875 0.80312500 0.08593750 0.04062500
1 0.96328125 0.80312500 0.07343750 0.05312500
1 0.62343750 0.85703125 0.10312500 0.03906250
1 0.67578125 0.97890625 0.09218750 0.03593750
1 0.74921875 0.86093750 0.08906250 0.04062500
1 0.82421875 0.73984375 0.09218750 0.03593750
1 0.33046875 0.97343750 0.08593750 0.04062500
1 0.97187500 0.86484375 0.05625000 0.03906250
1 0.86328125 0.86093750 0.08906250 0.04062500
0 0.26093750 0.73125000 0.24687500 0.05625000
