1 0.90937500 0.24218750 0.08125000 0.07812500
1 0.83125000 0.85546875 0.04062500 0.09843750
1 0.99296875 0.44609375 0.01406250 0.03593750
1 0.02031250 0.36484375 0.04062500 0.03906250
1 0.16875000 0.35781250 0.07812500 0.03437500
1 0.01875000 0.29765625 0.03750000 0.03906250
1 0.88828125 0.89218750 0.04218750 0.10000000
1 0.88750000 0.76250000 0.03750000 0.10000000
1 0.66562500 0.96250000 0.04062500 0.07500000
1 0.77578125 0.89687500 0.03906250 0.10000000
1 0.58125000 0.78046875 0.04375000 0.10468750
1 0.83593750 0.96875000 0.04062500 0.06250000
1 0.30703125 0.36484375 0.08593750 0.03593750
1 0.83046875 0.71406250 0.03281250 0.09062500
1 0.88828125 0.98437500 0.03906250 0.03125000
1 0.79453125 0.41484375 0.06406250 0.07968750
1 0.25546875 0.24531250 0.10781250 0.04062500
1 0.77187500 0.98203125 0.04062500 0.03593750
1 0.09296875 0.24453125 0.10468750 0.04531250
1 0.69218750 0.70234375 0.04687500 0.10156250
1 0.76875000 0.76406250 0.03750000 0.07812500
1 0.35000000 0.98203125 0.04062500 0.03593750
0 0.16953125 0.31015625 0.25468750 0.06093750
0 0.48984375 0.44140625 0.22968750 0.16406250
2 0.34843750 0.42968750 0.02187500 0.01875000
2 0.31484375 0.14453125 0.02968750 0.03593750
2 0.44609375 0.56015625 0.02343750 0.03281250
2 0.37265625 0.13437500 0.02343750 0.03750000
2 0.75156250 0.15156250 0.04687500 0.03125000
2 0.99531250 0.83125000 0.00937500 0.03750000
2 0.33203125 0.57265625 0.01718750 0.02656250
2 0.37421875 0.44062500 0.02031250 0.02500000
2 0.30312500 0.43125000 0.02500000 0.02812500
2 0.32734375 0.56328125 0.02656250 0.04531250
2 0.43984375 0.47812500 0.02343750 0.04687500
2 0.29609375 0.44609375 0.03906250 0.05781250
2 0.39687500 0.46875000 0.01875000 0.02500000
2 0.26875000 0.51015625 0.01562500 0.01718750
2 0.33906250 0.45625000 0.01562500 0.01562500
2 0.32109375 0.55312500 0.01406250 0.02500000
2 0.49531250 0.49921875 0.02500000 0.03281250
2 0.37812500 0.44531250 0.02812500 0.03437500
2 0.44609375 0.31875000 0.02343750 0.01875000
2 0.35625000 0.42187500 0.03750000 0.03125000
2 0.41796875 0.65234375 0.01406250 0.02031250
2 0.28828125 0.46796875 0.02656250 0.01406250
2 0.46953125 0.60234375 0.03906250 0.03281250
2 0.44375000 0.48828125 0.01562500 0.02343750
2 0.46015625 0.47343750 0.02968750 0.02187500
2 0.45234375 0.47343750 0.04218750 0.03437500
2 0.76015625 0.32578125 0.02343750 0.02968750
2 0.47421875 0.54296875 0.02343750 0.02343750
2 0.45937500 0.85156250 0.02500000 0.03750000
2 0.76171875 0.34375000 0.02343750 0.06562500
