1 0.92812500 0.09921875 0.08750000 0.03906250
1 0.06562500 0.09296875 0.09687500 0.03906250
1 0.51093750 0.00625000 0.07500000 0.01250000
1 0.99218750 0.04375000 0.01562500 0.03437500
1 0.96640625 0.47968750 0.06718750 0.03750000
1 0.94687500 0.27656250 0.08750000 0.03437500
1 0.26875000 0.34921875 0.09062500 0.03906250
1 0.45781250 0.36093750 0.08750000 0.03437500
1 0.58046875 0.28046875 0.08281250 0.03593750
1 0.11328125 0.03671875 0.08906250 0.03906250
1 0.01796875 0.47890625 0.02656250 0.03593750
1 0.73750000 0.46796875 0.09687500 0.03593750
1 0.83906250 0.04765625 0.09062500 0.03593750
1 0.54531250 0.41796875 0.09062500 0.03593750
1 0.32265625 0.09921875 0.09843750 0.03906250
1 0.27890625 0.44765625 0.09218750 0.03593750
1 0.82500000 0.27734375 0.09687500 0.04218750
1 0.31015625 0.92109375 0.02031250 0.03906250
1 0.25625000 0.03906250 0.08437500 0.04062500
1 0.97031250 0.21640625 0.05937500 0.03906250
1 0.81640625 0.35859375 0.09531250 0.03593750
1 0.39609375 0.27734375 0.09218750 0.03906250
1 0.61562500 0.03828125 0.10000000 0.03906250
1 0.61015625 0.20937500 0.08906250 0.03750000
1 0.13984375 0.41484375 0.09531250 0.03906250
1 0.71015625 0.27812500 0.07968750 0.03437500
1 0.16796875 0.26250000 0.08593750 0.04375000
2 0.02968750 0.62421875 0.03125000 0.02656250
2 0.06015625 0.88750000 0.02031250 0.01875000
2 0.23750000 0.58515625 0.02187500 0.02343750
2 0.23125000 0.68984375 0.01562500 0.02343750
