1 0.56796875 0.38125000 0.03906250 0.09062500
1 0.27656250 0.95859375 0.10625000 0.04218750
1 0.01171875 0.42968750 0.02343750 0.08750000
1 0.13906250 0.43437500 0.04375000 0.06875000
1 0.30000000 0.90468750 0.07500000 0.04062500
1 0.02187500 0.89687500 0.04375000 0.04062500
1 0.67578125 0.96562500 0.09531250 0.03750000
1 0.99062500 0.92421875 0.01875000 0.03281250
1 0.04843750 0.41171875 0.05625000 0.09218750
1 0.08203125 0.72343750 0.09531250 0.04062500
1 0.11796875 0.89609375 0.09531250 0.04218750
1 0.55156250 0.46640625 0.09687500 0.04843750
1 0.32031250 0.32734375 0.05625000 0.09531250
1 0.42031250 0.82968750 0.08750000 0.08750000
1 0.13203125 0.18437500 0.04218750 0.08750000
1 0.03593750 0.21562500 0.04375000 0.06875000
1 0.63359375 0.63203125 0.08906250 0.03593750
