2 0.85546875 0.63046875 0.02031250 0.02031250
2 0.62031250 0.46015625 0.01562500 0.02031250
2 0.50859375 0.63593750 0.01406250 0.01875000
2 0.12500000 0.86484375 0.02500000 0.02031250
2 0.73671875 0.63046875 0.02656250 0.02343750
2 0.16250000 0.87968750 0.01562500 0.01562500
2 0.56250000 0.53515625 0.12812500 0.16406250
2 0.12031250 0.87031250 0.01875000 0.01562500
2 0.18515625 0.86640625 0.02343750 0.02031250
2 0.79843750 0.85078125 0.03750000 0.03906250
2 0.38984375 0.68437500 0.02343750 0.02187500
2 0.44843750 0.24296875 0.01875000 0.01406250
2 0.03125000 0.97265625 0.01875000 0.02968750
2 0.15546875 0.80859375 0.01718750 0.02343750
2 0.03203125 0.96718750 0.01406250 0.01875000
2 0.98515625 0.94375000 0.02968750 0.03750000
2 0.17890625 0.86640625 0.01406250 0.01718750
2 0.32968750 0.92656250 0.02187500 0.04062500
2 0.18125000 0.86640625 0.01562500 0.01718750
2 0.86718750 0.99531250 0.01875000 0.00937500
2 0.13984375 0.91796875 0.01406250 0.01718750
2 0.23515625 0.77031250 0.01406250 0.01250000
2 0.25859375 0.90625000 0.04218750 0.02812500
2 0.12421875 0.86640625 0.02656250 0.02343750
2 0.96718750 0.63046875 0.01875000 0.01718750
2 0.30703125 0.97890625 0.01406250 0.03281250
2 0.50546875 0.63906250 0.02031250 0.02500000
2 0.95625000 0.86875000 0.01250000 0.01250000
2 0.63203125 0.35000000 0.02031250 0.02812500
2 0.51406250 0.63828125 0.02500000 0.02968750
2 0.13828125 0.91328125 0.01718750 0.02656250
1 0.12421875 0.29218750 0.09531250 0.06250000
1 0.98203125 0.02421875 0.03593750 0.03593750
1 0.90781250 0.57031250 0.08437500 0.04062500
1 0.76484375 0.15078125 0.07968750 0.03593750
1 0.60937500 0.26796875 0.10312500 0.03593750
1 0.60781250 0.20781250 0.08437500 0.03437500
1 0.89218750 0.27265625 0.08437500 0.03906250
1 0.83906250 0.02734375 0.07812500 0.03593750
1 0.60468750 0.15000000 0.09687500 0.03750000
1 0.98046875 0.26796875 0.03906250 0.03906250
1 0.63984375 0.41406250 0.08593750 0.03125000
1 0.94453125 0.20312500 0.08281250 0.03125000
1 0.60156250 0.52500000 0.10000000 0.04687500
1 0.57968750 0.03281250 0.09687500 0.03750000
1 0.32734375 0.55937500 0.09531250 0.06250000
1 0.91328125 0.14531250 0.10468750 0.04375000
1 0.72031250 0.20468750 0.09062500 0.04062500
1 0.60546875 0.36484375 0.10781250 0.06406250
1 0.76796875 0.08437500 0.08281250 0.03750000
1 0.98984375 0.08281250 0.02031250 0.03437500
1 0.74609375 0.27031250 0.09531250 0.03750000
1 0.62812500 0.08671875 0.09062500 0.03906250
1 0.70546875 0.02968750 0.08593750 0.03750000
1 0.32968750 0.92578125 0.02187500 0.04218750
1 0.89375000 0.08203125 0.09062500 0.03593750
1 0.84531250 0.20546875 0.08750000 0.03593750
