1 0.72968750 0.22890625 0.03750000 0.09531250
1 0.51562500 0.41953125 0.03125000 0.08906250
1 0.12812500 0.57578125 0.04375000 0.02656250
1 0.36875000 0.68828125 0.06250000 0.08593750
1 0.77968750 0.83359375 0.05625000 0.07656250
1 0.01250000 0.35312500 0.02500000 0.03750000
1 0.45703125 0.89453125 0.04218750 0.08906250
1 0.67031250 0.93671875 0.03750000 0.09531250
1 0.09531250 0.59140625 0.03437500 0.02656250
1 0.19375000 0.52656250 0.08437500 0.04062500
1 0.72968750 0.99453125 0.03437500 0.01093750
1 0.21015625 0.58125000 0.04218750 0.04062500
1 0.01953125 0.40703125 0.03906250 0.04218750
1 0.98828125 0.97578125 0.02343750 0.04843750
1 0.46250000 0.16875000 0.03750000 0.08437500
1 0.01250000 0.29609375 0.02500000 0.03593750
1 0.60468750 0.12500000 0.04062500 0.09062500
1 0.51718750 0.02890625 0.03750000 0.05781250
1 0.66953125 0.41953125 0.03593750 0.08593750
1 0.73515625 0.43359375 0.03906250 0.07656250
2 0.17968750 0.98671875 0.03125000 0.02656250
2 0.27890625 0.74921875 0.01718750 0.02968750
2 0.16015625 0.59609375 0.01406250 0.01406250
2 0.15937500 0.59453125 0.01250000 0.01406250
2 0.14296875 0.65078125 0.03281250 0.02968750
2 0.32031250 0.58359375 0.01562500 0.02343750
2 0.99375000 0.23828125 0.01250000 0.02031250
2 0.11875000 0.41562500 0.01562500 0.01562500
2 0.88671875 0.88281250 0.02343750 0.05625000
2 0.95937500 0.75937500 0.02812500 0.02500000
2 0.16640625 0.58359375 0.01093750 0.01718750
2 0.33281250 0.87734375 0.01562500 0.02656250
2 0.08671875 0.43593750 0.01718750 0.01875000
2 0.10625000 0.59765625 0.01250000 0.01718750
2 0.08750000 0.80078125 0.02187500 0.02343750
2 0.27656250 0.74765625 0.01875000 0.02968750
2 0.15546875 0.62187500 0.02343750 0.02812500
2 0.08125000 0.93906250 0.02187500 0.02812500
2 0.16250000 0.58828125 0.01875000 0.02656250
2 0.27421875 0.58125000 0.01406250 0.01562500
2 0.08984375 0.43906250 0.02343750 0.02500000
2 0.96328125 0.75859375 0.02031250 0.02031250
2 0.26250000 0.74921875 0.01875000 0.03281250
2 0.36328125 0.87421875 0.01718750 0.02343750
2 0.94453125 0.87500000 0.02656250 0.02500000
2 0.38125000 0.85078125 0.01250000 0.01718750
2 0.15781250 0.79218750 0.01875000 0.03125000
2 0.15546875 0.78750000 0.01406250 0.02187500
2 0.13359375 0.65937500 0.02343750 0.02187500
2 0.13750000 0.39609375 0.01875000 0.01406250
2 0.26875000 0.74843750 0.02812500 0.03437500
2 0.16093750 0.64609375 0.01875000 0.02343750
2 0.87343750 0.92578125 0.01562500 0.02656250
2 0.35937500 0.90703125 0.01875000 0.05781250
2 0.20937500 0.45703125 0.01562500 0.01406250
2 0.08984375 0.44687500 0.02656250 0.04062500
2 0.16718750 0.60390625 0.01875000 0.02031250
2 0.20859375 0.44843750 0.02031250 0.03125000
2 0.20625000 0.43984375 0.01562500 0.01718750
2 0.15312500 0.62265625 0.01875000 0.02343750
2 0.02812500 0.84453125 0.01875000 0.02031250
2 0.11484375 0.41250000 0.02343750 0.01875000
2 0.36953125 0.82421875 0.01718750 0.02343750
2 0.15937500 0.59453125 0.01250000 0.01093750
2 0.38125000 0.83359375 0.01250000 0.02031250
2 0.96328125 0.75781250 0.02031250 0.01875000
2 0.88828125 0.86640625 0.02031250 0.02343750
2 0.37421875 0.83515625 0.02656250 0.04531250
2 0.13203125 0.78203125 0.01406250 0.01406250
2 0.38125000 0.84062500 0.01250000 0.03437500
2 0.32031250 0.58437500 0.01562500 0.02500000
2 0.18359375 0.38984375 0.01718750 0.02343750
2 0.09218750 0.43437500 0.02187500 0.01562500
2 0.09453125 0.59218750 0.03281250 0.02812500
2 0.16171875 0.80156250 0.01718750 0.01875000
2 0.20859375 0.30859375 0.01718750 0.02343750
