2 0.90703125 0.31562500 0.03593750 0.02500000
2 0.85625000 0.30703125 0.01562500 0.01718750
2 0.10859375 0.23281250 0.01093750 0.01250000
2 0.01015625 0.26718750 0.02031250 0.01875000
2 0.32500000 0.48359375 0.02500000 0.02968750
2 0.68046875 0.37265625 0.01406250 0.02343750
2 0.35859375 0.57656250 0.04218750 0.02500000
2 0.42968750 0.57578125 0.03437500 0.02031250
2 0.28125000 0.50703125 0.01562500 0.02031250
2 0.38125000 0.52734375 0.03437500 0.02343750
2 0.28593750 0.50156250 0.02500000 0.03125000
2 0.85000000 0.31718750 0.02812500 0.03750000
2 0.32031250 0.48281250 0.01562500 0.02812500
2 0.84609375 0.32734375 0.02031250 0.02031250
2 0.37265625 0.42656250 0.02031250 0.04375000
2 0.84140625 0.32578125 0.02968750 0.02656250
2 0.91484375 0.31328125 0.02031250 0.02031250
2 0.24609375 0.06718750 0.01406250 0.01562500
2 0.84843750 0.32890625 0.01562500 0.01406250
1 0.86875000 0.44687500 0.11562500 0.04375000
1 0.75156250 0.31484375 0.09687500 0.04218750
1 0.34296875 0.82265625 0.09843750 0.04218750
1 0.91953125 0.82656250 0.09218750 0.03750000
1 0.73515625 0.43750000 0.10156250 0.04687500
1 0.91171875 0.76406250 0.09843750 0.04062500
1 0.60156250 0.43437500 0.10312500 0.04375000
1 0.16562500 0.09687500 0.04375000 0.04062500
1 0.06796875 0.98828125 0.09843750 0.02343750
1 0.28437500 0.98828125 0.10625000 0.02343750
1 0.87343750 0.69843750 0.07500000 0.04062500
1 0.64218750 0.81718750 0.09375000 0.04062500
1 0.14140625 0.93437500 0.10156250 0.04062500
1 0.35078125 0.23281250 0.04531250 0.09062500
1 0.48046875 0.40781250 0.11093750 0.05937500
1 0.35000000 0.75000000 0.10312500 0.04062500
1 0.15937500 0.14296875 0.04062500 0.07343750
1 0.24609375 0.17265625 0.04531250 0.10468750
1 0.11875000 0.68593750 0.09687500 0.04062500
1 0.04843750 0.74843750 0.09687500 0.04062500
1 0.99062500 0.82734375 0.01875000 0.04218750
1 0.63593750 0.70390625 0.10312500 0.04218750
1 0.97812500 0.44062500 0.04375000 0.04062500
1 0.77890625 0.82734375 0.07656250 0.04531250
1 0.60546875 0.75781250 0.10156250 0.03437500
1 0.44218750 0.63515625 0.10312500 0.03906250
1 0.48906250 0.91875000 0.10000000 0.04062500
1 0.00625000 0.05234375 0.01250000 0.10468750
1 0.52343750 0.25625000 0.07812500 0.08437500
1 0.66875000 0.64375000 0.10312500 0.04375000
1 0.19687500 0.54140625 0.08125000 0.08281250
1 0.35859375 0.05468750 0.03906250 0.06875000
