1 0.34140625 0.98906250 0.04218750 0.02187500
1 0.81953125 0.06953125 0.08281250 0.08593750
1 0.66015625 0.26875000 0.04218750 0.09687500
1 0.06953125 0.26562500 0.10156250 0.04062500
1 0.04687500 0.26718750 0.05937500 0.03750000
1 0.31953125 0.39140625 0.09531250 0.04531250
1 0.20156250 0.20156250 0.10312500 0.04375000
1 0.44062500 0.43046875 0.09375000 0.07343750
1 0.09843750 0.26562500 0.04375000 0.04062500
1 0.55156250 0.45000000 0.04375000 0.09375000
1 0.81093750 0.74843750 0.04062500 0.10000000
1 0.60937500 0.38281250 0.04062500 0.09687500
1 0.54531250 0.30078125 0.04687500 0.09218750
1 0.07656250 0.20703125 0.09687500 0.03906250
1 0.92812500 0.83125000 0.04687500 0.10625000
1 0.86718750 0.75078125 0.04062500 0.10156250
1 0.67812500 0.70937500 0.04375000 0.10312500
1 0.14453125 0.38671875 0.09531250 0.04218750
1 0.81640625 0.88281250 0.04218750 0.10000000
1 0.04453125 0.33203125 0.08906250 0.03593750
1 0.73671875 0.49531250 0.04531250 0.10312500
1 0.65703125 0.07421875 0.03906250 0.09843750
1 0.18828125 0.26015625 0.10156250 0.04531250
1 0.55781250 0.64765625 0.04062500 0.10468750
1 0.19140625 0.32578125 0.09531250 0.03906250
1 0.87421875 0.98515625 0.04531250 0.02968750
1 0.66796875 0.48671875 0.03906250 0.09218750
1 0.94687500 0.47578125 0.06250000 0.09531250
1 0.23906250 0.47734375 0.07812500 0.04843750
1 0.56796875 0.92890625 0.03906250 0.09218750
1 0.61406250 0.57421875 0.04687500 0.10156250
1 0.64609375 0.95000000 0.04218750 0.10000000
1 0.60546875 0.14453125 0.03906250 0.10156250
1 0.74453125 0.64921875 0.04218750 0.09218750
1 0.72578125 0.36250000 0.04843750 0.09687500
1 0.33750000 0.90390625 0.04062500 0.09531250
1 0.81875000 0.97656250 0.04062500 0.04687500
0 0.75937500 0.86328125 0.06250000 0.26093750
0 0.52968750 0.07421875 0.05937500 0.14843750
