2 0.34453125 0.97812500 0.01406250 0.02187500
2 0.36093750 0.56250000 0.02500000 0.02500000
2 0.39375000 0.58750000 0.02500000 0.02500000
1 0.82343750 0.74218750 0.07500000 0.03750000
1 0.61250000 0.96953125 0.09687500 0.03906250
1 0.14296875 0.48203125 0.03593750 0.02031250
1 0.94921875 0.74375000 0.10156250 0.04062500
1 0.34687500 0.59062500 0.03125000 0.02187500
1 0.25000000 0.44765625 0.02187500 0.02343750
1 0.62578125 0.85000000 0.09531250 0.04062500
1 0.89843750 0.85156250 0.09375000 0.04062500
1 0.16640625 0.44531250 0.03281250 0.01875000
1 0.03515625 0.66406250 0.03281250 0.02500000
1 0.29531250 0.55859375 0.03750000 0.02031250
1 0.98671875 0.86015625 0.02656250 0.03906250
1 0.59218750 0.90390625 0.08750000 0.03593750
1 0.70546875 0.90859375 0.08593750 0.03593750
1 0.24375000 0.47187500 0.02500000 0.03125000
1 0.59218750 0.56875000 0.05937500 0.02812500
1 0.30156250 0.58593750 0.02812500 0.02187500
1 0.85156250 0.97812500 0.09687500 0.03750000
1 0.39296875 0.58750000 0.02968750 0.02500000
1 0.86250000 0.79609375 0.09375000 0.03906250
1 0.18593750 0.52031250 0.02500000 0.01562500
1 0.95859375 0.97812500 0.08281250 0.03750000
1 0.36015625 0.56328125 0.02656250 0.02656250
1 0.98046875 0.80312500 0.03906250 0.04375000
1 0.93203125 0.91640625 0.08281250 0.03281250
1 0.74218750 0.85234375 0.07812500 0.03593750
1 0.62109375 0.79453125 0.08906250 0.04218750
1 0.73046875 0.97578125 0.08593750 0.04218750
1 0.81796875 0.91640625 0.08281250 0.03593750
1 0.74296875 0.79296875 0.08593750 0.04218750
0 0.90156250 0.31875000 0.19687500 0.15312500
0 0.94921875 0.74375000 0.10156250 0.04062500
0 0.66015625 0.74140625 0.25156250 0.07343750
0 0.74296875 0.79296875 0.08593750 0.04531250
