2 0.96796875 0.44062500 0.02968750 0.02187500
2 0.27656250 0.43750000 0.02500000 0.01562500
2 0.21562500 0.41796875 0.02187500 0.01718750
2 0.21796875 0.38281250 0.03593750 0.02187500
2 0.57890625 0.46796875 0.03593750 0.01718750
2 0.98437500 0.53281250 0.02500000 0.01875000
2 0.27734375 0.47031250 0.02968750 0.01875000
2 0.38750000 0.37578125 0.02812500 0.02343750
2 0.28593750 0.45625000 0.02812500 0.01562500
2 0.21640625 0.40156250 0.01718750 0.01875000
2 0.29296875 0.40703125 0.03593750 0.01718750
2 0.28984375 0.42421875 0.02343750 0.01718750
2 0.22500000 0.38359375 0.02187500 0.01718750
2 0.20546875 0.37968750 0.01093750 0.01562500
2 0.66484375 0.34765625 0.01718750 0.02343750
2 0.19062500 0.91171875 0.01875000 0.02343750
2 0.65312500 0.39843750 0.01562500 0.02500000
2 0.83046875 0.38593750 0.01718750 0.01875000
1 0.54843750 0.01796875 0.03750000 0.03593750
1 0.54375000 0.11953125 0.03437500 0.08906250
1 0.71406250 0.77265625 0.06562500 0.07343750
1 0.48750000 0.23750000 0.03750000 0.10000000
1 0.29296875 0.40781250 0.03593750 0.01875000
1 0.00546875 0.90312500 0.01093750 0.03750000
1 0.43906250 0.01250000 0.04687500 0.02500000
1 0.90859375 0.90703125 0.09218750 0.07031250
1 0.00781250 0.65781250 0.01562500 0.03750000
1 0.00703125 0.95703125 0.01406250 0.03593750
1 0.60156250 0.07734375 0.03750000 0.07343750
1 0.53906250 0.23906250 0.03750000 0.09062500
1 0.49375000 0.01953125 0.03750000 0.03906250
1 0.49296875 0.10859375 0.03593750 0.09218750
