2 0.62265625 0.53125000 0.01718750 0.01250000
2 0.47343750 0.41640625 0.01562500 0.02031250
2 0.00703125 0.58046875 0.01406250 0.01406250
2 0.43203125 0.53515625 0.01406250 0.01718750
2 0.04609375 0.55859375 0.03281250 0.02031250
2 0.50468750 0.50156250 0.02187500 0.01875000
2 0.68125000 0.55625000 0.01562500 0.01562500
1 0.41953125 0.83281250 0.08906250 0.04062500
1 0.54843750 0.11718750 0.04062500 0.09375000
1 0.49531250 0.09296875 0.03750000 0.08906250
1 0.55234375 0.01796875 0.03906250 0.03593750
1 0.77578125 0.81875000 0.09218750 0.03750000
1 0.60546875 0.11562500 0.03906250 0.09687500
1 0.92656250 0.60781250 0.08750000 0.06250000
1 0.02500000 0.89375000 0.05000000 0.04062500
1 0.41406250 0.42031250 0.05000000 0.08125000
1 0.49375000 0.23828125 0.03750000 0.08593750
1 0.54375000 0.24140625 0.03750000 0.08593750
1 0.60781250 0.02031250 0.04062500 0.04062500
1 0.97656250 0.84140625 0.04687500 0.03281250
1 0.43906250 0.75625000 0.07812500 0.04375000
1 0.01250000 0.95781250 0.02500000 0.04062500
1 0.44062500 0.18671875 0.04062500 0.09531250
1 0.28906250 0.53828125 0.09062500 0.06406250
1 0.85859375 0.76953125 0.08593750 0.03906250
1 0.59765625 0.24921875 0.03906250 0.09531250
1 0.49843750 0.01562500 0.03750000 0.03125000
