1 0.95234375 0.73671875 0.09531250 0.03906250
1 0.41953125 0.91406250 0.08281250 0.04375000
1 0.35234375 0.84765625 0.07343750 0.03593750
1 0.49843750 0.84609375 0.09375000 0.03906250
1 0.86250000 0.85937500 0.08750000 0.04375000
1 0.52109375 0.60312500 0.04218750 0.02187500
1 0.19453125 0.89921875 0.08593750 0.03906250
1 0.01640625 0.65703125 0.03281250 0.03593750
1 0.97109375 0.86562500 0.05781250 0.04375000
1 0.62421875 0.85703125 0.10468750 0.04218750
1 0.42500000 0.73828125 0.07500000 0.03906250
1 0.34453125 0.78984375 0.08593750 0.04218750
1 0.55312500 0.73984375 0.09687500 0.03906250
1 0.22656250 0.84531250 0.09687500 0.03750000
1 0.81250000 0.98125000 0.09687500 0.03750000
1 0.30390625 0.90468750 0.07968750 0.03750000
1 0.74921875 0.79531250 0.10156250 0.03750000
1 0.91796875 0.92109375 0.08593750 0.03906250
1 0.68281250 0.61015625 0.04062500 0.02343750
1 0.22187500 0.78984375 0.08750000 0.04531250
1 0.86796875 0.80000000 0.08593750 0.04375000
1 0.73203125 0.67578125 0.07968750 0.03593750
1 0.96250000 0.80156250 0.07500000 0.05312500
1 0.46328125 0.79218750 0.09218750 0.03750000
1 0.60390625 0.79765625 0.08906250 0.04218750
1 0.75078125 0.86015625 0.09531250 0.04531250
1 0.82500000 0.73671875 0.09375000 0.03593750
1 0.68203125 0.73828125 0.09843750 0.03906250
1 0.51171875 0.97031250 0.08593750 0.04687500
1 0.31484375 0.96796875 0.09531250 0.03906250
0 0.26250000 0.73125000 0.25000000 0.05937500
