1 0.95468750 0.05781250 0.09062500 0.04062500
1 0.83359375 0.79921875 0.03906250 0.09218750
1 0.68906250 0.67656250 0.02812500 0.03125000
1 0.01093750 0.31953125 0.02187500 0.03906250
1 0.35625000 0.89453125 0.03750000 0.09531250
1 0.33203125 0.07656250 0.09218750 0.03750000
1 0.88984375 0.82656250 0.03906250 0.09375000
1 0.83984375 0.96250000 0.03906250 0.07500000
1 0.95625000 0.83984375 0.04062500 0.10468750
1 0.35859375 0.98359375 0.04218750 0.03281250
1 0.77890625 0.91953125 0.04218750 0.10468750
1 0.69375000 0.23593750 0.10312500 0.04375000
1 0.10000000 0.30937500 0.09687500 0.04375000
1 0.83125000 0.68046875 0.03750000 0.08906250
1 0.89296875 0.94609375 0.03906250 0.08281250
1 0.20156250 0.19531250 0.10312500 0.04062500
1 0.06562500 0.25468750 0.08125000 0.03750000
1 0.74140625 0.67343750 0.03281250 0.03125000
1 0.77734375 0.77031250 0.04218750 0.09062500
1 0.95546875 0.68515625 0.04218750 0.09843750
1 0.07031250 0.19843750 0.09687500 0.04062500
1 0.40156250 0.24218750 0.09375000 0.04062500
1 0.88515625 0.70468750 0.04218750 0.09687500
0 0.32031250 0.31640625 0.25000000 0.06093750
0 0.85781250 0.01015625 0.26875000 0.02031250
