1 0.91093750 0.04453125 0.08750000 0.03593750
1 0.80234375 0.04609375 0.08281250 0.03593750
1 0.73125000 0.15937500 0.08750000 0.03437500
1 0.94531250 0.28984375 0.09687500 0.03593750
1 0.96796875 0.16406250 0.06406250 0.03750000
1 0.58750000 0.21015625 0.09062500 0.03906250
1 0.61875000 0.15625000 0.09062500 0.04062500
1 0.72968750 0.10312500 0.08437500 0.04062500
1 0.82890625 0.28125000 0.09531250 0.03750000
1 0.94609375 0.22343750 0.08906250 0.03437500
1 0.72109375 0.28281250 0.08281250 0.03750000
1 0.22421875 0.95000000 0.11718750 0.10000000
1 0.60234375 0.10156250 0.09218750 0.03750000
1 0.98750000 0.04218750 0.02500000 0.05312500
1 0.68750000 0.04843750 0.09062500 0.03750000
1 0.33750000 0.52578125 0.09062500 0.05156250
1 0.85156250 0.16328125 0.09062500 0.03593750
1 0.56171875 0.03984375 0.09843750 0.03906250
1 0.98203125 0.10703125 0.03593750 0.03593750
1 0.62265625 0.28125000 0.11093750 0.04062500
1 0.70234375 0.21640625 0.09218750 0.03906250
1 0.81718750 0.22031250 0.09375000 0.03750000
1 0.88359375 0.10546875 0.09531250 0.04218750
