1 0.89921875 0.40156250 0.10156250 0.04687500
1 0.97812500 0.34843750 0.04375000 0.06875000
1 0.75859375 0.93281250 0.09531250 0.04062500
1 0.39375000 0.93515625 0.10000000 0.03906250
1 0.38828125 0.40546875 0.03281250 0.06718750
1 0.89765625 0.93359375 0.10468750 0.04531250
1 0.29843750 0.98828125 0.10000000 0.02343750
1 0.25937500 0.93906250 0.09687500 0.03750000
1 0.13437500 0.94140625 0.10312500 0.03906250
1 0.34687500 0.88203125 0.09687500 0.03906250
1 0.72265625 0.87578125 0.09531250 0.03906250
1 0.06093750 0.87265625 0.09375000 0.04218750
1 0.03437500 0.93515625 0.06875000 0.03906250
1 0.03906250 0.98671875 0.07812500 0.02656250
1 0.64375000 0.93437500 0.08437500 0.03750000
1 0.31875000 0.41171875 0.04062500 0.08906250
1 0.98515625 0.88046875 0.02968750 0.03906250
1 0.79609375 0.98437500 0.09218750 0.03125000
1 0.43125000 0.98671875 0.10000000 0.02656250
1 0.52812500 0.93593750 0.10625000 0.04062500
1 0.54921875 0.98593750 0.09531250 0.02812500
1 0.17656250 0.98750000 0.10000000 0.02500000
