0 0.37968750 0.34531250 0.26250000 0.05937500
1 0.92890625 0.11875000 0.10156250 0.04062500
1 0.60937500 0.21796875 0.09062500 0.03906250
1 0.08593750 0.15390625 0.10625000 0.04218750
1 0.93906250 0.02656250 0.10312500 0.04375000
1 0.01250000 0.29609375 0.02500000 0.04218750
1 0.14921875 0.05156250 0.09843750 0.04375000
1 0.89296875 0.38359375 0.10468750 0.04218750
1 0.46953125 0.05078125 0.10156250 0.04218750
1 0.99375000 0.38828125 0.01250000 0.03906250
1 0.16406250 0.40390625 0.10312500 0.03906250
1 0.47968750 0.22265625 0.09687500 0.04531250
1 0.85234375 0.27500000 0.09843750 0.04375000
1 0.18906250 0.28828125 0.09375000 0.03906250
1 0.36718750 0.22421875 0.10312500 0.04218750
1 0.96875000 0.46093750 0.06250000 0.02500000
1 0.09531250 0.22890625 0.10625000 0.03906250
1 0.73046875 0.21328125 0.08593750 0.03906250
1 0.97265625 0.20390625 0.05468750 0.03906250
1 0.84921875 0.32812500 0.09843750 0.03750000
1 0.70937500 0.39218750 0.07500000 0.04375000
1 0.45000000 0.28437500 0.10625000 0.04062500
1 0.49765625 0.39843750 0.09531250 0.04062500
1 0.57812500 0.13515625 0.10625000 0.05156250
1 0.06250000 0.34218750 0.09687500 0.04062500
1 0.87109375 0.20703125 0.09843750 0.03906250
