2 0.83359375 0.63515625 0.02656250 0.02656250
2 0.35625000 0.67734375 0.06250000 0.02968750
2 0.46093750 0.48750000 0.02812500 0.03750000
2 0.96015625 0.95156250 0.03281250 0.04062500
2 0.28359375 0.08984375 0.02656250 0.02656250
2 0.33359375 0.99453125 0.02343750 0.01093750
2 0.48671875 0.21875000 0.01406250 0.01250000
2 0.05156250 0.58593750 0.02187500 0.02500000
2 0.06875000 0.67890625 0.02812500 0.02343750
2 0.34453125 0.15312500 0.01093750 0.02500000
2 0.11875000 0.59687500 0.01562500 0.01875000
2 0.41093750 0.61953125 0.02500000 0.02343750
2 0.71250000 0.68359375 0.02812500 0.02656250
2 0.33828125 0.67343750 0.02656250 0.02187500
2 0.46718750 0.20468750 0.01562500 0.01562500
2 0.48281250 0.63203125 0.01562500 0.02656250
2 0.33437500 0.31796875 0.02187500 0.02031250
2 0.31640625 0.33125000 0.04218750 0.06562500
2 0.77656250 0.85546875 0.03750000 0.03906250
2 0.24296875 0.48750000 0.01406250 0.02812500
2 0.33515625 0.67031250 0.02031250 0.01875000
2 0.07812500 0.52734375 0.01875000 0.02343750
2 0.93281250 0.67734375 0.01875000 0.02968750
2 0.37187500 0.67968750 0.01875000 0.01562500
2 0.79843750 0.66796875 0.01562500 0.04531250
2 0.21953125 0.62187500 0.02031250 0.03437500
2 0.37578125 0.68203125 0.02343750 0.02031250
2 0.07578125 0.69062500 0.03593750 0.04687500
2 0.34453125 0.15625000 0.01093750 0.01875000
2 0.30546875 0.31250000 0.01406250 0.02812500
2 0.44140625 0.24296875 0.01406250 0.02031250
2 0.46406250 0.18906250 0.02500000 0.02187500
2 0.30468750 0.31171875 0.01250000 0.02656250
2 0.12343750 0.60000000 0.02500000 0.02500000
2 0.72187500 0.63671875 0.02187500 0.02031250
2 0.49609375 0.63437500 0.03906250 0.04062500
2 0.46953125 0.19218750 0.01406250 0.01250000
2 0.07812500 0.52656250 0.01562500 0.02187500
2 0.24296875 0.48750000 0.01406250 0.02812500
2 0.22734375 0.55625000 0.02343750 0.01875000
2 0.52265625 0.61250000 0.03906250 0.01875000
2 0.79687500 0.76953125 0.01250000 0.01718750
2 0.02343750 0.47265625 0.04062500 0.03906250
2 0.05078125 0.58671875 0.02343750 0.02656250
2 0.02109375 0.47187500 0.01718750 0.02187500
2 0.76328125 0.59375000 0.01718750 0.01875000
2 0.32890625 0.99531250 0.01093750 0.00937500
2 0.41093750 0.60703125 0.05000000 0.05156250
2 0.01875000 0.72968750 0.01562500 0.01250000
2 0.41718750 0.61875000 0.03750000 0.02500000
2 0.34765625 0.15156250 0.01718750 0.02812500
2 0.94531250 0.63671875 0.02812500 0.02968750
2 0.07656250 0.69062500 0.03750000 0.04687500
2 0.39609375 0.59453125 0.01718750 0.02656250
2 0.99140625 0.03906250 0.01718750 0.05000000
2 0.34453125 0.15468750 0.01093750 0.02187500
2 0.31171875 0.92109375 0.02031250 0.03593750
2 0.40078125 0.60625000 0.02656250 0.05000000
2 0.46406250 0.19531250 0.02500000 0.03437500
2 0.42734375 0.61875000 0.01718750 0.01875000
2 0.46796875 0.19296875 0.01718750 0.01406250
2 0.08437500 0.70156250 0.01875000 0.02500000
2 0.49531250 0.21875000 0.01250000 0.01250000
2 0.49296875 0.21796875 0.01718750 0.01406250
2 0.45781250 0.18671875 0.01562500 0.01718750
2 0.21875000 0.76796875 0.01250000 0.01406250
2 0.74609375 0.80312500 0.03593750 0.02812500
2 0.23125000 0.72343750 0.01562500 0.01562500
2 0.35078125 0.14531250 0.01093750 0.01875000
1 0.80859375 0.04296875 0.08281250 0.03593750
1 0.91718750 0.03984375 0.08750000 0.03593750
1 0.83437500 0.21796875 0.09687500 0.03906250
1 0.59453125 0.20937500 0.08906250 0.03750000
1 0.62421875 0.15703125 0.09843750 0.03906250
1 0.73593750 0.10156250 0.08437500 0.04062500
1 0.97109375 0.16015625 0.05781250 0.03593750
1 0.60703125 0.09843750 0.09218750 0.03437500
1 0.99140625 0.03828125 0.01718750 0.04843750
1 0.89140625 0.10000000 0.10156250 0.04062500
1 0.95468750 0.21875000 0.09062500 0.03437500
1 0.56875000 0.03828125 0.10000000 0.03906250
1 0.02109375 0.47421875 0.04218750 0.04218750
1 0.73515625 0.15703125 0.08906250 0.03593750
1 0.98593750 0.10234375 0.02812500 0.03593750
1 0.71093750 0.21328125 0.09375000 0.03906250
1 0.83203125 0.28281250 0.08281250 0.04062500
1 0.64765625 0.27890625 0.09218750 0.04218750
1 0.69296875 0.04609375 0.08906250 0.03593750
1 0.85859375 0.15937500 0.08906250 0.03750000
