2 0.23593750 0.58203125 0.02812500 0.02343750
2 0.15000000 0.55937500 0.02812500 0.02500000
2 0.41328125 0.57578125 0.02031250 0.02656250
2 0.84296875 0.57421875 0.03593750 0.02343750
2 0.13437500 0.59453125 0.02812500 0.04218750
2 0.51171875 0.60468750 0.01718750 0.01875000
2 0.89765625 0.58750000 0.02968750 0.01875000
2 0.46484375 0.58828125 0.02031250 0.02031250
2 0.83203125 0.57421875 0.01406250 0.02343750
0 0.51328125 0.48671875 0.24843750 0.05781250
1 0.95703125 0.05156250 0.08593750 0.03750000
1 0.13671875 0.15703125 0.09531250 0.03593750
1 0.80859375 0.04062500 0.10156250 0.03750000
1 0.50156250 0.15859375 0.09687500 0.04218750
1 0.91328125 0.47578125 0.10468750 0.04843750
1 0.91171875 0.28359375 0.09218750 0.04218750
1 0.12734375 0.21015625 0.08593750 0.03906250
1 0.43593750 0.27812500 0.09375000 0.04375000
1 0.66953125 0.09921875 0.09843750 0.03906250
1 0.03515625 0.09843750 0.07031250 0.03750000
1 0.98437500 0.27734375 0.03125000 0.03281250
1 0.31250000 0.10234375 0.08125000 0.03906250
1 0.10312500 0.04453125 0.09687500 0.03906250
1 0.30468750 0.28046875 0.11250000 0.03906250
1 0.20546875 0.28046875 0.08593750 0.03593750
1 0.80000000 0.28203125 0.10000000 0.04218750
1 0.27968750 0.03828125 0.08437500 0.03906250
1 0.98984375 0.21484375 0.02031250 0.03906250
1 0.02500000 0.27734375 0.05000000 0.03593750
1 0.03359375 0.36250000 0.06718750 0.03750000
1 0.99218750 0.10156250 0.01562500 0.03750000
1 0.55625000 0.27734375 0.08437500 0.03281250
1 0.92109375 0.00625000 0.08593750 0.01250000
1 0.68515625 0.28593750 0.10156250 0.03750000
1 0.48437500 0.04296875 0.09687500 0.03593750
1 0.88750000 0.42109375 0.10312500 0.04531250
1 0.39843750 0.36171875 0.10000000 0.05156250
1 0.61484375 0.41562500 0.08906250 0.03437500
1 0.62343750 0.04140625 0.10000000 0.04218750
1 0.70546875 0.22421875 0.09531250 0.03593750
1 0.90937500 0.16171875 0.09687500 0.03593750
