2 0.97890625 0.43984375 0.01406250 0.02343750
2 0.00703125 0.34453125 0.01406250 0.01093750
2 0.86796875 0.14296875 0.01718750 0.03906250
2 0.23203125 0.38437500 0.02031250 0.01875000
2 0.22187500 0.46484375 0.01875000 0.02968750
2 0.21015625 0.38046875 0.00781250 0.01406250
2 0.19531250 0.48750000 0.01562500 0.02500000
2 0.97500000 0.51328125 0.02500000 0.02343750
2 0.35859375 0.29453125 0.02343750 0.02968750
2 0.86562500 0.44765625 0.01562500 0.03281250
1 0.54843750 0.12187500 0.03437500 0.09062500
1 0.96328125 0.98828125 0.07343750 0.02343750
1 0.49921875 0.02031250 0.03593750 0.04062500
1 0.85390625 0.53750000 0.08906250 0.06875000
1 0.98203125 0.59375000 0.03593750 0.04687500
1 0.70468750 0.02500000 0.03437500 0.05000000
1 0.54453125 0.23906250 0.03906250 0.09375000
1 0.01953125 0.90312500 0.03906250 0.04687500
1 0.49140625 0.23906250 0.03906250 0.10000000
1 0.60625000 0.00859375 0.03750000 0.01718750
1 0.33906250 0.79765625 0.07812500 0.05781250
1 0.60390625 0.21171875 0.03906250 0.09531250
1 0.49765625 0.11093750 0.03593750 0.09375000
1 0.61093750 0.09687500 0.03437500 0.09062500
1 0.62109375 0.50234375 0.05781250 0.08906250
1 0.44531250 0.76640625 0.09062500 0.08593750
1 0.55390625 0.01875000 0.03593750 0.03750000
