0 0.56640625 0.67968750 0.26406250 0.05937500
2 0.90468750 0.29375000 0.01562500 0.01875000
2 0.36796875 0.86875000 0.03906250 0.01562500
2 0.29609375 0.92734375 0.02031250 0.02343750
2 0.89609375 0.37578125 0.02031250 0.03906250
2 0.46406250 0.52031250 0.02187500 0.02187500
2 0.23437500 0.50156250 0.01562500 0.02187500
2 0.42968750 0.52265625 0.01562500 0.02031250
2 0.23046875 0.06562500 0.01406250 0.01875000
2 0.61250000 0.56171875 0.04687500 0.04531250
2 0.88984375 0.81328125 0.01718750 0.02031250
2 0.14843750 0.14296875 0.10000000 0.18906250
2 0.90703125 0.38046875 0.03906250 0.04531250
2 0.33125000 0.88359375 0.01562500 0.02031250
2 0.30625000 0.45859375 0.04062500 0.03281250
2 0.25625000 0.90625000 0.01250000 0.02500000
2 0.51015625 0.62265625 0.03593750 0.03281250
2 0.65937500 0.53125000 0.02500000 0.03750000
2 0.36796875 0.40703125 0.01406250 0.02031250
2 0.74375000 0.46171875 0.01875000 0.01718750
2 0.40937500 0.44921875 0.02187500 0.02656250
2 0.25234375 0.90937500 0.02031250 0.03125000
2 0.25625000 0.49843750 0.01875000 0.02500000
2 0.35859375 0.86796875 0.01718750 0.01406250
2 0.31875000 0.95234375 0.01250000 0.02031250
2 0.84375000 0.28828125 0.01562500 0.01718750
2 0.35625000 0.92343750 0.01562500 0.02187500
2 0.31796875 0.47500000 0.01718750 0.02500000
2 0.29765625 0.92734375 0.02031250 0.02031250
2 0.36562500 0.43593750 0.02187500 0.07812500
2 0.99531250 0.30859375 0.00937500 0.01718750
2 0.43046875 0.38750000 0.01406250 0.02500000
2 0.29375000 0.92656250 0.02500000 0.02500000
2 0.82265625 0.89687500 0.02343750 0.02187500
2 0.35703125 0.46562500 0.02031250 0.02187500
2 0.89453125 0.29609375 0.03593750 0.02343750
2 0.64453125 0.52890625 0.01718750 0.01718750
2 0.33046875 0.89296875 0.01718750 0.03906250
2 0.47500000 0.50312500 0.02812500 0.01875000
2 0.61484375 0.56093750 0.02343750 0.04375000
2 0.67265625 0.29375000 0.01406250 0.01250000
2 0.40937500 0.44531250 0.01875000 0.01875000
2 0.25390625 0.50234375 0.02343750 0.02968750
2 0.23515625 0.50859375 0.02031250 0.03593750
2 0.13906250 0.04843750 0.02187500 0.01562500
2 0.38046875 0.86875000 0.01406250 0.01562500
2 0.99531250 0.31171875 0.00937500 0.02343750
2 0.88828125 0.30000000 0.02343750 0.01250000
2 0.43671875 0.53359375 0.02968750 0.03906250
2 0.34531250 0.39453125 0.02187500 0.02031250
2 0.14531250 0.15000000 0.09375000 0.18125000
2 0.43828125 0.54218750 0.02656250 0.02187500
2 0.64375000 0.53906250 0.01875000 0.03437500
2 0.82031250 0.30546875 0.01875000 0.01406250
2 0.31796875 0.48125000 0.01718750 0.03750000
2 0.36796875 0.37343750 0.02031250 0.02812500
2 0.29453125 0.46406250 0.02031250 0.02187500
1 0.87578125 0.68515625 0.03906250 0.04218750
1 0.59687500 0.42109375 0.10625000 0.04218750
1 0.03671875 0.28359375 0.05156250 0.10468750
1 0.47421875 0.40000000 0.10468750 0.05312500
1 0.40781250 0.61562500 0.11250000 0.05000000
1 0.72187500 0.41640625 0.10937500 0.03593750
1 0.38515625 0.80781250 0.09843750 0.04375000
1 0.82656250 0.80156250 0.09687500 0.04062500
1 0.97656250 0.73828125 0.04687500 0.04218750
1 0.90312500 0.67812500 0.09375000 0.05625000
1 0.57734375 0.79843750 0.07968750 0.03750000
1 0.10156250 0.95625000 0.08437500 0.08125000
1 0.34062500 0.22734375 0.04375000 0.09218750
1 0.46562500 0.44453125 0.10937500 0.03593750
1 0.86171875 0.42656250 0.11718750 0.04687500
1 0.22031250 0.84843750 0.09375000 0.06250000
1 0.23437500 0.17031250 0.04375000 0.10312500
1 0.11484375 0.36406250 0.04843750 0.09687500
1 0.99531250 0.80078125 0.00937500 0.03906250
1 0.71406250 0.42890625 0.13125000 0.06093750
1 0.97578125 0.41796875 0.04843750 0.03593750
1 0.87656250 0.73203125 0.09375000 0.03906250
1 0.34140625 0.05546875 0.04843750 0.07968750
1 0.44921875 0.74375000 0.09531250 0.03750000
1 0.58125000 0.73671875 0.10000000 0.03906250
1 0.51406250 0.24609375 0.07812500 0.08281250
1 0.71328125 0.74375000 0.10156250 0.03750000
1 0.76562500 0.67578125 0.06875000 0.04531250
1 0.74140625 0.29921875 0.09843750 0.04531250
