2 0.28906250 0.53125000 0.01875000 0.02500000
2 0.14375000 0.61093750 0.02812500 0.01875000
2 0.25000000 0.55156250 0.02500000 0.02812500
2 0.33984375 0.40937500 0.02656250 0.01875000
2 0.34765625 0.35078125 0.02031250 0.02031250
2 0.76953125 0.49140625 0.01406250 0.01406250
2 0.32578125 0.14375000 0.02656250 0.05937500
2 0.01640625 0.39609375 0.02031250 0.00781250
2 0.38125000 0.44375000 0.04062500 0.03125000
2 0.97578125 0.44531250 0.01406250 0.01562500
2 0.09453125 0.38437500 0.01093750 0.01250000
2 0.98750000 0.56093750 0.02500000 0.02500000
2 0.96093750 0.47187500 0.02500000 0.02812500
2 0.25468750 0.50703125 0.01875000 0.02031250
2 0.25078125 0.46093750 0.01718750 0.01875000
2 0.15078125 0.45546875 0.01718750 0.01406250
2 0.28359375 0.52500000 0.02343750 0.01875000
2 0.96171875 0.47265625 0.02343750 0.02656250
2 0.25781250 0.37578125 0.01562500 0.02343750
2 0.08671875 0.40234375 0.01093750 0.01406250
2 0.90390625 0.46796875 0.01718750 0.01718750
2 0.07187500 0.61796875 0.02812500 0.02656250
2 0.22812500 0.39765625 0.01875000 0.01718750
2 0.11250000 0.43671875 0.01875000 0.01718750
2 0.06640625 0.40859375 0.01093750 0.01093750
2 0.28437500 0.53046875 0.02500000 0.02968750
2 0.20703125 0.39453125 0.00781250 0.01406250
2 0.21875000 0.55234375 0.01875000 0.02343750
2 0.14687500 0.62187500 0.03437500 0.04062500
2 0.25312500 0.37890625 0.02187500 0.02656250
2 0.21953125 0.55312500 0.01718750 0.02500000
2 0.26562500 0.46406250 0.02187500 0.01562500
2 0.83046875 0.38671875 0.01406250 0.01406250
2 0.35390625 0.33203125 0.02656250 0.02656250
2 0.21640625 0.41406250 0.02031250 0.01875000
2 0.21484375 0.55234375 0.02656250 0.02656250
2 0.86093750 0.14687500 0.02187500 0.04062500
2 0.13906250 0.61015625 0.02187500 0.01718750
2 0.31640625 0.40703125 0.02656250 0.02031250
2 0.76953125 0.49062500 0.01406250 0.01562500
2 0.35703125 0.33046875 0.02343750 0.02656250
2 0.34609375 0.33515625 0.02031250 0.01718750
2 0.16250000 0.46406250 0.02812500 0.02187500
2 0.18203125 0.52890625 0.02031250 0.02968750
2 0.00468750 0.39375000 0.00937500 0.00937500
2 0.76250000 0.48906250 0.02812500 0.01875000
2 0.25234375 0.46171875 0.01718750 0.01718750
2 0.32187500 0.12031250 0.03437500 0.10625000
2 0.99140625 0.56093750 0.01718750 0.02500000
2 0.62890625 0.06093750 0.01093750 0.01875000
2 0.22031250 0.39765625 0.03437500 0.02031250
2 0.33515625 0.33984375 0.01406250 0.01406250
2 0.11796875 0.49531250 0.01406250 0.01875000
2 0.14375000 0.64843750 0.02812500 0.03125000
2 0.99296875 0.56093750 0.01406250 0.02500000
2 0.75546875 0.48828125 0.01718750 0.01718750
2 0.84218750 0.04609375 0.02500000 0.03593750
2 0.57343750 0.47500000 0.02187500 0.02812500
2 0.37421875 0.45078125 0.02343750 0.01718750
2 0.33671875 0.34140625 0.01718750 0.01718750
2 0.97343750 0.44921875 0.01562500 0.02031250
2 0.14218750 0.64453125 0.02500000 0.02656250
2 0.33437500 0.14609375 0.03125000 0.05468750
2 0.31484375 0.40625000 0.02343750 0.01875000
2 0.25625000 0.37734375 0.01875000 0.02343750
2 0.28046875 0.53828125 0.02031250 0.01718750
2 0.35781250 0.47187500 0.01875000 0.02500000
2 0.07890625 0.39140625 0.01406250 0.01093750
2 0.69140625 0.64453125 0.01093750 0.01406250
2 0.92968750 0.41796875 0.01875000 0.01406250
2 0.34375000 0.34609375 0.02812500 0.02968750
2 0.35312500 0.38203125 0.03125000 0.02656250
2 0.15078125 0.63281250 0.02968750 0.02500000
2 0.32734375 0.40781250 0.04843750 0.02187500
2 0.89062500 0.46015625 0.02187500 0.02031250
2 0.38203125 0.45078125 0.03593750 0.01718750
2 0.83125000 0.33125000 0.01250000 0.01562500
2 0.25937500 0.46328125 0.03125000 0.02031250
2 0.31328125 0.08828125 0.02031250 0.04218750
2 0.14921875 0.62890625 0.03281250 0.04843750
2 0.90078125 0.46328125 0.02343750 0.02656250
2 0.20937500 0.55312500 0.01562500 0.02187500
2 0.25937500 0.04062500 0.01875000 0.02812500
1 0.72421875 0.16093750 0.03906250 0.08750000
1 0.59062500 0.09609375 0.03437500 0.06718750
1 0.54218750 0.01562500 0.03437500 0.03125000
1 0.49140625 0.25703125 0.03281250 0.07968750
1 0.96250000 0.95000000 0.07500000 0.04375000
1 0.36328125 0.95625000 0.09531250 0.04687500
1 0.02890625 0.84296875 0.05781250 0.03281250
1 0.53828125 0.24375000 0.03906250 0.09062500
1 0.94609375 0.57812500 0.07031250 0.06562500
1 0.24765625 0.88984375 0.08593750 0.04531250
1 0.45859375 0.67578125 0.08906250 0.03906250
1 0.03046875 0.92109375 0.06093750 0.03593750
1 0.43515625 0.20156250 0.03593750 0.08125000
1 0.48515625 0.12890625 0.03593750 0.10156250
1 0.04296875 0.79453125 0.08593750 0.03593750
1 0.43203125 0.35625000 0.03593750 0.08750000
1 0.13046875 0.75625000 0.09218750 0.04062500
1 0.80000000 0.45234375 0.06875000 0.08281250
1 0.12968750 0.71015625 0.08437500 0.04843750
1 0.04453125 0.97656250 0.08906250 0.04687500
1 0.49296875 0.02421875 0.03593750 0.04843750
1 0.42656250 0.76875000 0.09687500 0.03750000
1 0.52187500 0.86718750 0.08750000 0.07812500
1 0.54140625 0.11640625 0.03593750 0.09218750
1 0.59765625 0.21250000 0.03593750 0.08750000
1 0.60000000 0.01250000 0.04062500 0.02500000
