1 0.63750000 0.19375000 0.09375000 0.03750000
1 0.29140625 0.37109375 0.09843750 0.04218750
1 0.11015625 0.20000000 0.10156250 0.03750000
1 0.80781250 0.19062500 0.10625000 0.04062500
1 0.05000000 0.31093750 0.10000000 0.04687500
1 0.19765625 0.07343750 0.10468750 0.04062500
1 0.80312500 0.37109375 0.10312500 0.04218750
1 0.59453125 0.25312500 0.08281250 0.03750000
1 0.33046875 0.20078125 0.09843750 0.04218750
1 0.21406250 0.19765625 0.10937500 0.04218750
1 0.01484375 0.19609375 0.02968750 0.03906250
1 0.51015625 0.31093750 0.09531250 0.04062500
1 0.02890625 0.37187500 0.05781250 0.04062500
1 0.33437500 0.31015625 0.10000000 0.03906250
1 0.21406250 0.25468750 0.10000000 0.03750000
1 0.75390625 0.24843750 0.09531250 0.04062500
1 0.65156250 0.31875000 0.05000000 0.03750000
1 0.67421875 0.31875000 0.09531250 0.03750000
1 0.41718750 0.25234375 0.10625000 0.04218750
1 0.49375000 0.19375000 0.10312500 0.04062500
1 0.71093750 0.31875000 0.02500000 0.03750000
1 0.79062500 0.30312500 0.09062500 0.03750000
0 0.92109375 0.31875000 0.15781250 0.05625000
