1 0.47265625 0.77031250 0.03593750 0.08437500
1 0.22578125 0.39765625 0.02968750 0.03281250
1 0.87656250 0.01484375 0.04062500 0.02968750
1 0.66718750 0.47968750 0.03750000 0.08750000
1 0.53906250 0.32812500 0.03750000 0.08437500
1 0.47734375 0.50703125 0.03906250 0.08906250
1 0.59921875 0.20859375 0.03593750 0.08906250
1 0.00546875 0.91015625 0.01093750 0.03906250
1 0.54375000 0.70234375 0.03750000 0.09218750
1 0.49296875 0.16093750 0.03906250 0.08125000
1 0.31484375 0.44218750 0.03281250 0.03125000
1 0.67578125 0.85078125 0.03906250 0.09218750
1 0.71093750 0.23046875 0.03750000 0.08593750
1 0.28515625 0.41171875 0.03593750 0.02031250
1 0.00546875 0.96640625 0.01093750 0.03906250
1 0.54218750 0.05312500 0.03437500 0.08750000
1 0.59218750 0.09140625 0.03437500 0.06406250
1 0.66875000 0.05156250 0.03750000 0.09062500
1 0.77421875 0.06796875 0.02968750 0.04218750
1 0.60468750 0.01015625 0.03437500 0.02031250
1 0.72343750 0.41171875 0.03437500 0.08593750
2 0.84375000 0.04296875 0.01562500 0.03593750
2 0.11171875 0.95781250 0.02031250 0.01562500
2 0.14921875 0.87500000 0.02031250 0.02812500
2 0.97421875 0.44765625 0.01718750 0.02343750
2 0.60781250 0.95546875 0.01250000 0.01406250
