1 0.73906250 0.71484375 0.06250000 0.03593750
1 0.42421875 0.89687500 0.08906250 0.04062500
1 0.16328125 0.65781250 0.08906250 0.03750000
1 0.92734375 0.76718750 0.09843750 0.04062500
1 0.20156250 0.83984375 0.09687500 0.03906250
1 0.36562500 0.77421875 0.08437500 0.03906250
1 0.49062500 0.77187500 0.09062500 0.03750000
1 0.61953125 0.71484375 0.09531250 0.03593750
1 0.77734375 0.83906250 0.09531250 0.03750000
1 0.13281250 0.95703125 0.08750000 0.03906250
1 0.78984375 0.95546875 0.09531250 0.03906250
1 0.30312500 0.71953125 0.08437500 0.03593750
1 0.51328125 0.96015625 0.09218750 0.03593750
1 0.20937500 0.89687500 0.08125000 0.03437500
1 0.36328125 0.84062500 0.07968750 0.03750000
1 0.22656250 0.77656250 0.09062500 0.03750000
1 0.43593750 0.71796875 0.07500000 0.03593750
1 0.75546875 0.77500000 0.08906250 0.03750000
1 0.34453125 0.96093750 0.08593750 0.03750000
1 0.17656250 0.72187500 0.09687500 0.03750000
1 0.93750000 0.95859375 0.09375000 0.03906250
1 0.64765625 0.83125000 0.08593750 0.04062500
1 0.38828125 0.65000000 0.09531250 0.03750000
1 0.98281250 0.71484375 0.03437500 0.03593750
1 0.64765625 0.95468750 0.09218750 0.03750000
1 0.51015625 0.83671875 0.10468750 0.04218750
1 0.61718750 0.77343750 0.08125000 0.03437500
1 0.86406250 0.71718750 0.08750000 0.03750000
