1 0.92500000 0.15234375 0.09062500 0.03593750
1 0.42812500 0.47968750 0.07500000 0.03437500
1 0.66562500 0.24453125 0.08750000 0.03593750
1 0.02500000 0.30859375 0.05000000 0.03593750
1 0.26796875 0.30546875 0.08906250 0.03593750
1 0.07812500 0.42812500 0.10312500 0.03750000
1 0.87343750 0.48906250 0.08750000 0.03437500
1 0.51484375 0.30000000 0.08906250 0.03750000
1 0.02109375 0.24843750 0.04218750 0.04062500
1 0.32187500 0.54296875 0.09375000 0.03593750
1 0.82500000 0.04453125 0.09687500 0.03906250
1 0.88203125 0.42343750 0.08906250 0.04375000
1 0.05859375 0.55859375 0.09218750 0.03593750
1 0.23125000 0.47656250 0.09062500 0.03750000
1 0.39218750 0.30546875 0.08750000 0.03906250
1 0.11953125 0.25156250 0.09531250 0.03437500
1 0.33828125 0.36640625 0.08906250 0.03906250
1 0.39765625 0.24296875 0.09531250 0.03593750
1 0.75625000 0.30390625 0.08750000 0.03593750
1 0.24218750 0.24531250 0.10312500 0.03750000
1 0.14609375 0.31328125 0.09531250 0.04218750
1 0.13046875 0.36640625 0.09218750 0.03906250
1 0.75312500 0.53984375 0.08750000 0.03593750
1 0.34140625 0.15625000 0.08593750 0.03437500
1 0.55468750 0.42109375 0.09062500 0.04843750
1 0.61328125 0.48125000 0.09843750 0.03750000
1 0.61171875 0.36328125 0.09531250 0.04843750
1 0.53125000 0.24531250 0.08125000 0.03750000
1 0.78984375 0.23906250 0.08281250 0.04062500
1 0.63515625 0.30234375 0.08906250 0.03593750
1 0.69921875 0.16796875 0.07968750 0.03906250
1 0.95625000 0.36875000 0.08750000 0.03437500
0 0.32031250 0.03984375 0.25625000 0.05468750
2 0.93203125 0.59531250 0.02968750 0.01875000
2 0.50625000 0.67109375 0.01250000 0.01093750
2 0.79218750 0.58984375 0.01562500 0.01718750
2 0.44140625 0.61718750 0.02343750 0.01875000
2 0.22343750 0.59531250 0.01562500 0.01250000
2 0.45312500 0.60000000 0.01875000 0.01250000
2 0.96406250 0.62500000 0.02187500 0.01875000
2 0.73281250 0.59375000 0.01875000 0.01250000
2 0.09921875 0.96562500 0.03281250 0.03437500
2 0.45625000 0.60546875 0.02187500 0.02031250
2 0.96328125 0.81718750 0.01718750 0.01875000
2 0.92890625 0.59531250 0.02343750 0.01875000
2 0.96875000 0.62343750 0.02187500 0.02187500
2 0.38437500 0.58203125 0.02500000 0.02031250
2 0.45546875 0.87187500 0.02656250 0.02187500
2 0.80546875 0.58984375 0.01406250 0.01718750
2 0.22265625 0.59609375 0.01406250 0.01093750
2 0.35156250 0.59062500 0.01875000 0.01250000
2 0.33359375 0.59062500 0.01718750 0.01562500
2 0.96484375 0.62265625 0.02968750 0.02343750
2 0.11484375 0.69687500 0.04218750 0.01875000
2 0.40312500 0.57734375 0.03125000 0.02031250
2 0.93750000 0.66796875 0.02187500 0.02031250
2 0.04531250 0.77890625 0.01875000 0.02031250
2 0.95078125 0.80859375 0.04531250 0.03593750
2 0.55546875 0.64296875 0.01406250 0.01406250
2 0.22187500 0.59609375 0.01250000 0.01093750
2 0.36718750 0.66718750 0.02812500 0.04062500
2 0.95390625 0.79765625 0.02031250 0.01718750
2 0.35312500 0.59140625 0.01562500 0.01406250
2 0.39609375 0.57734375 0.01718750 0.02031250
2 0.40937500 0.57812500 0.01875000 0.01562500
2 0.33437500 0.59296875 0.01875000 0.01093750
2 0.23515625 0.59375000 0.01718750 0.01250000
2 0.34218750 0.59062500 0.03437500 0.01562500
2 0.93593750 0.79687500 0.01562500 0.01250000
2 0.00546875 0.79375000 0.01093750 0.01562500
2 0.26015625 0.61953125 0.02031250 0.02031250
2 0.83203125 0.85468750 0.02031250 0.01562500
2 0.75546875 0.60781250 0.03281250 0.01562500
2 0.37421875 0.98593750 0.08906250 0.02812500
2 0.22812500 0.59453125 0.02187500 0.01406250
2 0.99453125 0.75703125 0.01093750 0.02343750
2 0.66718750 0.65156250 0.01250000 0.01562500
2 0.74609375 0.60781250 0.01406250 0.01562500
2 0.98984375 0.60000000 0.02031250 0.02187500
2 0.93593750 0.67109375 0.02187500 0.02031250
2 0.75859375 0.61093750 0.03593750 0.02187500
2 0.24062500 0.66250000 0.01875000 0.02812500
2 0.66875000 0.64140625 0.02812500 0.02968750
2 0.76328125 0.61328125 0.02656250 0.01718750
2 0.45468750 0.60859375 0.02812500 0.02656250
2 0.44531250 0.61718750 0.01562500 0.01562500
2 0.44921875 0.61093750 0.03593750 0.03125000
2 0.74453125 0.59140625 0.04218750 0.02031250
2 0.93203125 0.67578125 0.01406250 0.01093750
2 0.80000000 0.59062500 0.02500000 0.01875000
2 0.66562500 0.98437500 0.03437500 0.03125000
2 0.75546875 0.58984375 0.02031250 0.02031250
2 0.93906250 0.59531250 0.02187500 0.01875000
2 0.66093750 0.97968750 0.02500000 0.02187500
2 0.99375000 0.73437500 0.01250000 0.02812500
2 0.43281250 0.61953125 0.01250000 0.01718750
