1 0.27500000 0.98750000 0.10000000 0.02500000
1 0.64609375 0.20781250 0.03906250 0.10000000
1 0.08828125 0.40937500 0.10156250 0.04687500
1 0.71171875 0.01250000 0.03906250 0.02500000
1 0.25390625 0.07890625 0.03906250 0.10156250
1 0.51093750 0.86484375 0.09687500 0.04531250
1 0.86875000 0.84140625 0.09687500 0.04843750
1 0.59218750 0.01250000 0.03750000 0.02500000
1 0.01718750 0.88203125 0.03437500 0.03906250
1 0.76171875 0.05390625 0.04218750 0.10781250
1 0.51953125 0.93984375 0.10156250 0.03906250
1 0.34140625 0.20312500 0.04218750 0.09687500
1 0.28593750 0.93593750 0.09687500 0.04062500
1 0.40468750 0.70625000 0.11250000 0.04062500
1 0.79453125 0.98671875 0.10156250 0.02656250
1 0.72500000 0.68203125 0.10625000 0.04531250
1 0.23359375 0.88046875 0.10156250 0.03906250
1 0.70312500 0.23828125 0.04375000 0.09531250
1 0.22500000 0.20703125 0.04687500 0.08281250
1 0.91015625 0.75078125 0.10781250 0.03906250
1 0.11796875 0.75937500 0.10781250 0.05000000
1 0.03281250 0.98984375 0.06562500 0.02031250
1 0.94843750 0.92109375 0.09375000 0.03906250
1 0.60390625 0.75937500 0.08281250 0.03750000
1 0.88984375 0.27890625 0.05156250 0.09531250
1 0.63437500 0.84218750 0.10000000 0.05937500
1 0.58125000 0.24531250 0.03750000 0.10000000
1 0.58125000 0.10078125 0.03750000 0.10156250
1 0.64296875 0.08046875 0.03906250 0.10156250
1 0.10234375 0.88281250 0.09218750 0.03750000
1 0.56875000 0.98828125 0.10000000 0.02343750
1 0.70390625 0.12265625 0.03906250 0.09843750
1 0.18828125 0.34531250 0.08593750 0.08437500
1 0.98437500 0.82031250 0.03125000 0.04062500
1 0.75937500 0.19609375 0.04062500 0.09843750
2 0.80859375 0.47343750 0.01718750 0.01875000
2 0.30859375 0.54375000 0.01406250 0.01875000
2 0.47968750 0.13671875 0.01562500 0.02343750
2 0.32890625 0.55000000 0.05156250 0.04062500
2 0.01953125 0.27734375 0.01093750 0.02968750
2 0.44296875 0.34375000 0.01093750 0.01250000
2 0.43906250 0.26562500 0.02187500 0.02187500
2 0.22187500 0.34062500 0.01875000 0.02187500
2 0.33125000 0.47500000 0.01562500 0.02500000
2 0.14140625 0.47031250 0.02968750 0.01875000
2 0.29453125 0.36718750 0.02656250 0.02500000
2 0.42109375 0.35312500 0.01406250 0.01562500
2 0.34375000 0.47812500 0.02187500 0.01875000
2 0.46718750 0.23125000 0.01562500 0.01250000
2 0.81953125 0.48203125 0.03906250 0.03281250
2 0.53203125 0.41406250 0.01718750 0.01875000
2 0.43046875 0.11796875 0.01406250 0.02031250
2 0.28828125 0.36328125 0.01718750 0.01718750
2 0.12500000 0.50625000 0.01562500 0.01250000
2 0.40625000 0.32031250 0.01562500 0.01250000
2 0.00781250 0.38828125 0.01562500 0.01718750
2 0.82968750 0.48671875 0.01875000 0.02343750
2 0.17968750 0.46171875 0.01562500 0.02656250
2 0.41718750 0.48437500 0.02187500 0.03125000
2 0.32656250 0.54062500 0.02500000 0.01875000
2 0.42578125 0.50000000 0.02343750 0.03125000
2 0.43437500 0.49218750 0.02812500 0.03750000
2 0.30625000 0.37109375 0.04375000 0.02656250
2 0.33281250 0.37968750 0.02187500 0.01250000
2 0.32031250 0.54140625 0.03437500 0.02343750
2 0.43750000 0.27187500 0.02187500 0.03125000
2 0.14062500 0.45390625 0.02812500 0.04843750
2 0.34062500 0.47734375 0.03437500 0.02968750
2 0.46562500 0.11875000 0.01562500 0.01562500
2 0.27500000 0.40390625 0.01875000 0.01718750
2 0.31015625 0.54140625 0.01718750 0.02343750
2 0.72734375 0.86484375 0.02656250 0.02031250
2 0.42500000 0.28906250 0.01562500 0.02812500
2 0.05859375 0.46718750 0.02343750 0.01250000
2 0.22890625 0.40781250 0.01718750 0.01562500
2 0.44531250 0.30234375 0.03437500 0.03906250
2 0.53984375 0.41328125 0.03281250 0.02031250
2 0.37343750 0.45859375 0.02187500 0.02031250
2 0.75390625 0.84296875 0.03281250 0.03281250
2 0.01015625 0.37656250 0.01718750 0.03750000
2 0.41015625 0.21250000 0.01406250 0.02187500
2 0.40234375 0.28593750 0.02343750 0.02812500
2 0.22968750 0.41171875 0.02187500 0.02343750
2 0.47343750 0.39531250 0.02500000 0.01250000
2 0.38593750 0.46718750 0.04687500 0.03750000
2 0.54140625 0.41406250 0.03593750 0.02187500
2 0.00625000 0.58515625 0.01250000 0.02343750
2 0.40937500 0.20546875 0.01875000 0.03906250
2 0.42812500 0.49218750 0.04062500 0.04375000
2 0.22109375 0.46484375 0.01406250 0.01406250
2 0.37656250 0.46484375 0.02812500 0.03281250
2 0.47265625 0.13046875 0.02968750 0.03593750
2 0.67109375 0.64609375 0.02031250 0.01406250
2 0.71875000 0.41640625 0.01250000 0.01718750
2 0.27890625 0.40703125 0.02656250 0.02343750
2 0.30937500 0.54375000 0.01562500 0.01875000
