2 0.88906250 0.27812500 0.01875000 0.01875000
2 0.45156250 0.51250000 0.04062500 0.02187500
2 0.83125000 0.27109375 0.01562500 0.01718750
2 0.42890625 0.52734375 0.04531250 0.04218750
2 0.03906250 0.77265625 0.02187500 0.02031250
2 0.33515625 0.56328125 0.04843750 0.02968750
2 0.38515625 0.49687500 0.03281250 0.03125000
2 0.15234375 0.85781250 0.04218750 0.03437500
2 0.08828125 0.82421875 0.03281250 0.03906250
2 0.28125000 0.46718750 0.01875000 0.02500000
2 0.39453125 0.43671875 0.01718750 0.02656250
2 0.34765625 0.56093750 0.02343750 0.02500000
2 0.23437500 0.45468750 0.03125000 0.02500000
2 0.88046875 0.28046875 0.03593750 0.02343750
2 0.48359375 0.50625000 0.02656250 0.01562500
2 0.04531250 0.77968750 0.03750000 0.03437500
2 0.99140625 0.28203125 0.01718750 0.02031250
2 0.99609375 0.24921875 0.00781250 0.01406250
2 0.31640625 0.35390625 0.02031250 0.02656250
2 0.40625000 0.57656250 0.02500000 0.03750000
2 0.08203125 0.23203125 0.01718750 0.01406250
2 0.14140625 0.85390625 0.02031250 0.02656250
2 0.81093750 0.28671875 0.01875000 0.01718750
2 0.28593750 0.47109375 0.02812500 0.03281250
2 0.15234375 0.87734375 0.04218750 0.07343750
0 0.55625000 0.66953125 0.26250000 0.06093750
1 0.57421875 0.72734375 0.09843750 0.03906250
1 0.72578125 0.28593750 0.09843750 0.04375000
1 0.51484375 0.79609375 0.10156250 0.04218750
1 0.99062500 0.28515625 0.01875000 0.02343750
1 0.78515625 0.78984375 0.10156250 0.03906250
1 0.57187500 0.61562500 0.10312500 0.04375000
1 0.89453125 0.66640625 0.09218750 0.04843750
1 0.94765625 0.78281250 0.09843750 0.04062500
1 0.58437500 0.41015625 0.10625000 0.04218750
1 0.86875000 0.71875000 0.09375000 0.03750000
1 0.32421875 0.22031250 0.04218750 0.09062500
1 0.97421875 0.72187500 0.05156250 0.04062500
1 0.64765625 0.79218750 0.10156250 0.04062500
1 0.24375000 0.82109375 0.08750000 0.07656250
1 0.21484375 0.16406250 0.04218750 0.10312500
1 0.82968750 0.92109375 0.09687500 0.03906250
1 0.44140625 0.73671875 0.09218750 0.03906250
1 0.46093750 0.39062500 0.10312500 0.05312500
1 0.07734375 0.58828125 0.07656250 0.09843750
1 0.84843750 0.41171875 0.11250000 0.04843750
1 0.49687500 0.23593750 0.07812500 0.08125000
1 0.96328125 0.40078125 0.05156250 0.04218750
1 0.70625000 0.73281250 0.10312500 0.03750000
1 0.32500000 0.04453125 0.03125000 0.06093750
1 0.51093750 0.87734375 0.10312500 0.04218750
1 0.75703125 0.66718750 0.06406250 0.03750000
