1 0.07500000 0.25781250 0.09062500 0.05312500
1 0.71406250 0.27500000 0.09375000 0.03750000
1 0.00937500 0.29843750 0.01875000 0.04375000
1 0.26406250 0.34531250 0.09687500 0.03750000
1 0.37421875 0.34687500 0.09843750 0.03750000
1 0.85781250 0.33515625 0.08437500 0.03593750
1 0.46250000 0.28359375 0.09687500 0.03906250
1 0.00625000 0.24140625 0.01250000 0.03906250
1 0.97812500 0.32812500 0.04375000 0.04062500
1 0.05078125 0.35625000 0.10156250 0.03750000
1 0.32734375 0.29296875 0.09531250 0.03906250
1 0.15546875 0.35312500 0.08281250 0.03437500
1 0.97343750 0.26562500 0.05312500 0.04062500
1 0.49609375 0.34609375 0.08906250 0.03906250
1 0.04375000 0.07031250 0.08750000 0.04062500
1 0.49765625 0.10312500 0.09531250 0.04687500
1 0.59218750 0.28125000 0.09687500 0.03750000
1 0.88046875 0.26796875 0.09218750 0.03906250
1 0.18750000 0.29296875 0.10000000 0.03906250
