2 0.05546875 0.06562500 0.06093750 0.12500000
2 0.78828125 0.36562500 0.02656250 0.01875000
2 0.23750000 0.47421875 0.02812500 0.02968750
2 0.72421875 0.52812500 0.02656250 0.04687500
2 0.81718750 0.45312500 0.01562500 0.02812500
2 0.05156250 0.20078125 0.01250000 0.02656250
2 0.47812500 0.56328125 0.02187500 0.01718750
2 0.07890625 0.13437500 0.01718750 0.02812500
2 0.74375000 0.56640625 0.03750000 0.03906250
2 0.05546875 0.13828125 0.01718750 0.03593750
2 0.23125000 0.25000000 0.01250000 0.02812500
2 0.15625000 0.45078125 0.01875000 0.02343750
2 0.31718750 0.56171875 0.01562500 0.02656250
2 0.37812500 0.56484375 0.02812500 0.02031250
2 0.85390625 0.55625000 0.02968750 0.03437500
2 0.08828125 0.10546875 0.02343750 0.02031250
2 0.47421875 0.56484375 0.02656250 0.02031250
2 0.79453125 0.36328125 0.01718750 0.01718750
2 0.24453125 0.45781250 0.02656250 0.04687500
2 0.97421875 0.55312500 0.02968750 0.02187500
2 0.30546875 0.67343750 0.01718750 0.01562500
2 0.90000000 0.52656250 0.03750000 0.02500000
2 0.78203125 0.36718750 0.01406250 0.01562500
2 0.97656250 0.55468750 0.02500000 0.01875000
2 0.29375000 0.68281250 0.01562500 0.02187500
2 0.27031250 0.42890625 0.02500000 0.02968750
2 0.27187500 0.42734375 0.02187500 0.02343750
2 0.05078125 0.16718750 0.02343750 0.09062500
2 0.98671875 0.38125000 0.02656250 0.02187500
2 0.38593750 0.01250000 0.02187500 0.02500000
2 0.78906250 0.38515625 0.02812500 0.05781250
2 0.73203125 0.25703125 0.01406250 0.03281250
2 0.17109375 0.44531250 0.01718750 0.01875000
2 0.40703125 0.37500000 0.01406250 0.01562500
2 0.31718750 0.55546875 0.01250000 0.01406250
2 0.16328125 0.44921875 0.03281250 0.02656250
2 0.03281250 0.03750000 0.01875000 0.03125000
2 0.99453125 0.58203125 0.01093750 0.01718750
2 0.54375000 0.58906250 0.01562500 0.01562500
2 0.79687500 0.40546875 0.01250000 0.01718750
2 0.73671875 0.50781250 0.02343750 0.01250000
2 0.54843750 0.58906250 0.02500000 0.01562500
2 0.33281250 0.18125000 0.01875000 0.02187500
2 0.74843750 0.56171875 0.02812500 0.02968750
2 0.73437500 0.57812500 0.02187500 0.01562500
2 0.36406250 0.30859375 0.08437500 0.13593750
2 0.54296875 0.20625000 0.01718750 0.01250000
2 0.32031250 0.11093750 0.01562500 0.02187500
2 0.04843750 0.14921875 0.01875000 0.02968750
2 0.47968750 0.56015625 0.01562500 0.01093750
2 0.49531250 0.20703125 0.01875000 0.01406250
2 0.30078125 0.68046875 0.02656250 0.02968750
2 0.33359375 0.01171875 0.02031250 0.02343750
1 0.61250000 0.89765625 0.08125000 0.03593750
1 0.70234375 0.71875000 0.08593750 0.03750000
1 0.93906250 0.95937500 0.09375000 0.03750000
1 0.58906250 0.95781250 0.11875000 0.04375000
1 0.90937500 0.83593750 0.10312500 0.04375000
1 0.60156250 0.83984375 0.09687500 0.03906250
1 0.76484375 0.77421875 0.08593750 0.03906250
1 0.57656250 0.72187500 0.09687500 0.03750000
1 0.44843750 0.65937500 0.08750000 0.03750000
1 0.78437500 0.65859375 0.09062500 0.03906250
1 0.88984375 0.77265625 0.09218750 0.03906250
1 0.99218750 0.71640625 0.01562500 0.03281250
1 0.62500000 0.77656250 0.09062500 0.03750000
1 0.76328125 0.84062500 0.07968750 0.03437500
1 0.83515625 0.71796875 0.07343750 0.03593750
1 0.69296875 0.96093750 0.08906250 0.03750000
1 0.99218750 0.77265625 0.01562500 0.03281250
1 0.81328125 0.96250000 0.09843750 0.03750000
0 0.04843750 0.03046875 0.05000000 0.04218750
0 0.13281250 0.95781250 0.23437500 0.05625000
0 0.81250000 0.96250000 0.10000000 0.04062500
0 0.05078125 0.16640625 0.02343750 0.08906250
0 0.89921875 0.29531250 0.20156250 0.15312500
0 0.26562500 0.13281250 0.51562500 0.26562500
