1 0.59375000 0.90000000 0.09375000 0.03750000
1 0.71718750 0.78437500 0.08437500 0.03750000
1 0.85937500 0.84296875 0.09375000 0.03593750
1 0.94609375 0.96015625 0.08281250 0.03281250
1 0.94921875 0.78203125 0.09218750 0.03593750
1 0.60625000 0.84218750 0.08750000 0.03437500
1 0.96640625 0.84296875 0.06718750 0.03593750
1 0.45703125 0.67109375 0.09218750 0.03906250
1 0.59765625 0.73125000 0.09531250 0.04062500
1 0.59843750 0.96796875 0.08750000 0.03593750
1 0.19296875 0.64687500 0.08906250 0.05625000
1 0.86171875 0.72265625 0.09531250 0.04218750
1 0.98046875 0.90156250 0.03906250 0.03750000
1 0.73281250 0.84453125 0.08750000 0.03281250
1 0.97578125 0.71953125 0.04843750 0.03906250
1 0.86484375 0.90234375 0.08906250 0.03906250
1 0.73671875 0.90156250 0.09218750 0.03750000
1 0.82578125 0.96015625 0.09531250 0.04218750
1 0.61015625 0.78281250 0.07968750 0.03750000
1 0.75000000 0.72031250 0.09375000 0.03750000
1 0.82578125 0.78203125 0.07656250 0.03906250
1 0.70859375 0.96484375 0.07968750 0.03593750
2 0.08203125 0.44843750 0.01718750 0.02500000
2 0.37265625 0.55937500 0.02343750 0.01875000
2 0.08984375 0.37500000 0.02031250 0.02812500
2 0.02968750 0.75312500 0.01562500 0.04062500
2 0.16718750 0.45000000 0.01562500 0.02187500
2 0.24062500 0.61562500 0.02500000 0.02500000
2 0.15000000 0.52968750 0.02187500 0.01875000
