1 0.72343750 0.10390625 0.09375000 0.03593750
1 0.10000000 0.27968750 0.09375000 0.04062500
1 0.95546875 0.05156250 0.08906250 0.03437500
1 0.80468750 0.30468750 0.09062500 0.04375000
1 0.91562500 0.48515625 0.09375000 0.03593750
1 0.94296875 0.22187500 0.09531250 0.03750000
1 0.09765625 0.35156250 0.09531250 0.04062500
1 0.56875000 0.27578125 0.08125000 0.03281250
1 0.61171875 0.03593750 0.09531250 0.04062500
1 0.84453125 0.04453125 0.08906250 0.04218750
1 0.32812500 0.27031250 0.08750000 0.03437500
1 0.32265625 0.41953125 0.09531250 0.03593750
1 0.91718750 0.28593750 0.09062500 0.03437500
1 0.45156250 0.27578125 0.09375000 0.03906250
1 0.12734375 0.41718750 0.08593750 0.03750000
1 0.21015625 0.28046875 0.08906250 0.04218750
1 0.60781250 0.16171875 0.09687500 0.03906250
1 0.72812500 0.04140625 0.08437500 0.03593750
1 0.86796875 0.10781250 0.09531250 0.03437500
1 0.72500000 0.21953125 0.08750000 0.03593750
1 0.74765625 0.15937500 0.08906250 0.03750000
1 0.61250000 0.09609375 0.10000000 0.03906250
1 0.98359375 0.10625000 0.03281250 0.03750000
1 0.87734375 0.42265625 0.08906250 0.03593750
1 0.70625000 0.28125000 0.08750000 0.03750000
1 0.76718750 0.56250000 0.09375000 0.03750000
1 0.59453125 0.21718750 0.08906250 0.03437500
1 0.22265625 0.95000000 0.12968750 0.10000000
1 0.87421875 0.16562500 0.09531250 0.03750000
1 0.88750000 0.35937500 0.09062500 0.04062500
