1 0.08359375 0.41093750 0.10468750 0.04687500
1 0.03437500 0.73828125 0.06875000 0.04531250
1 0.63437500 0.46718750 0.04062500 0.10000000
1 0.51796875 0.13437500 0.03906250 0.09062500
1 0.24453125 0.08203125 0.04218750 0.09843750
1 0.89062500 0.71484375 0.09375000 0.09218750
1 0.25312500 0.94453125 0.10312500 0.03906250
1 0.75937500 0.04921875 0.04062500 0.09843750
1 0.06718750 0.88906250 0.09687500 0.04062500
1 0.19921875 0.88593750 0.10156250 0.04062500
1 0.32656250 0.62812500 0.09375000 0.06875000
1 0.75390625 0.98515625 0.03906250 0.02968750
1 0.50468750 0.39687500 0.04687500 0.09375000
1 0.75859375 0.39765625 0.04531250 0.10468750
1 0.21406250 0.19921875 0.05000000 0.10156250
1 0.18281250 0.34687500 0.08750000 0.08125000
1 0.09062500 0.95859375 0.10625000 0.07031250
1 0.01718750 0.99140625 0.03437500 0.01718750
1 0.62812500 0.64687500 0.04062500 0.10000000
1 0.52187500 0.01171875 0.03437500 0.02343750
1 0.93828125 0.27812500 0.04218750 0.09375000
1 0.68593750 0.71484375 0.04375000 0.11093750
1 0.57187500 0.77734375 0.04062500 0.09531250
1 0.63281250 0.83906250 0.04375000 0.09687500
1 0.63593750 0.20078125 0.04062500 0.10156250
1 0.64140625 0.04765625 0.03906250 0.09531250
1 0.75156250 0.20000000 0.03750000 0.09375000
1 0.69218750 0.50937500 0.03750000 0.09062500
1 0.59218750 0.96484375 0.04062500 0.07031250
1 0.69843750 0.17109375 0.04062500 0.10468750
1 0.96875000 0.52187500 0.06250000 0.08750000
1 0.69843750 0.97890625 0.04062500 0.04218750
0 0.16718750 0.98906250 0.25625000 0.02187500
2 0.26875000 0.47734375 0.01562500 0.01718750
2 0.18125000 0.50546875 0.01250000 0.01406250
2 0.96875000 0.00546875 0.00937500 0.01093750
2 0.96953125 0.05234375 0.01093750 0.01718750
2 0.75312500 0.84296875 0.03125000 0.03281250
2 0.75859375 0.60937500 0.02343750 0.02187500
2 0.22734375 0.45000000 0.02656250 0.03437500
2 0.31484375 0.55781250 0.02656250 0.01875000
2 0.75078125 0.83671875 0.03593750 0.04531250
2 0.43750000 0.34375000 0.01562500 0.01562500
2 0.12812500 0.50468750 0.02187500 0.01562500
2 0.22421875 0.44140625 0.01718750 0.01718750
2 0.00625000 0.39062500 0.01250000 0.01875000
2 0.35546875 0.60390625 0.01718750 0.03281250
2 0.30859375 0.43203125 0.02031250 0.02968750
2 0.13125000 0.50390625 0.01562500 0.01406250
2 0.21875000 0.46875000 0.01250000 0.01562500
2 0.28515625 0.47187500 0.02656250 0.01875000
2 0.35546875 0.59375000 0.01406250 0.01250000
2 0.33203125 0.38515625 0.01718750 0.02031250
2 0.74062500 0.82187500 0.01875000 0.01875000
2 0.36015625 0.60625000 0.02656250 0.04062500
2 0.00703125 0.38203125 0.01406250 0.03593750
2 0.46406250 0.13046875 0.02500000 0.03593750
2 0.35859375 0.38906250 0.02343750 0.02500000
2 0.27812500 0.47500000 0.04062500 0.02500000
