1 0.24140625 0.94453125 0.10781250 0.03906250
1 0.66562500 0.01015625 0.03750000 0.02031250
1 0.54218750 0.25000000 0.03750000 0.09687500
1 0.80156250 0.92343750 0.10625000 0.04375000
1 0.60546875 0.10625000 0.03906250 0.09375000
1 0.54296875 0.01250000 0.03593750 0.02500000
1 0.04453125 0.89609375 0.08906250 0.03906250
1 0.60312500 0.00625000 0.03750000 0.01250000
1 0.15156250 0.35234375 0.08750000 0.08906250
1 0.54140625 0.12109375 0.04531250 0.10468750
1 0.72265625 0.16953125 0.03906250 0.09531250
1 0.17265625 0.89218750 0.10156250 0.04062500
1 0.20937500 0.08828125 0.04375000 0.10156250
1 0.19062500 0.20625000 0.05312500 0.10000000
1 0.05156250 0.42109375 0.10312500 0.04843750
1 0.71718750 0.04609375 0.04062500 0.09218750
1 0.98437500 0.96328125 0.03125000 0.03906250
1 0.97968750 0.16171875 0.04062500 0.10156250
1 0.60156250 0.25078125 0.04062500 0.09843750
1 0.20546875 0.00468750 0.03593750 0.00937500
1 0.27734375 0.99375000 0.09531250 0.01250000
1 0.66406250 0.22500000 0.04062500 0.10000000
1 0.66250000 0.08359375 0.03750000 0.09218750
2 0.33906250 0.54765625 0.02500000 0.02968750
2 0.31796875 0.45546875 0.02656250 0.02968750
2 0.25546875 0.52109375 0.03593750 0.02656250
2 0.00859375 0.56406250 0.01718750 0.02812500
2 0.28437500 0.54921875 0.02500000 0.02656250
2 0.43046875 0.13359375 0.02968750 0.03281250
2 0.41562500 0.43203125 0.01875000 0.03906250
2 0.99296875 0.36484375 0.01406250 0.02968750
2 0.30156250 0.47890625 0.02500000 0.03593750
