1 0.71640625 0.04531250 0.08281250 0.03750000
1 0.41875000 0.48281250 0.09687500 0.04062500
1 0.91171875 0.05546875 0.09218750 0.03593750
1 0.28671875 0.05156250 0.09531250 0.04062500
1 0.61796875 0.28515625 0.10468750 0.04218750
1 0.74140625 0.42890625 0.08906250 0.04531250
1 0.25468750 0.10781250 0.08750000 0.03437500
1 0.03828125 0.11328125 0.07656250 0.03906250
1 0.47734375 0.37968750 0.09531250 0.03750000
1 0.62656250 0.48671875 0.09375000 0.04531250
1 0.48750000 0.17656250 0.09062500 0.04062500
1 0.10000000 0.04375000 0.09062500 0.03437500
1 0.31250000 0.36328125 0.09062500 0.04218750
1 0.99375000 0.17734375 0.01250000 0.03593750
1 0.11328125 0.17656250 0.09531250 0.04687500
1 0.28828125 0.42812500 0.07656250 0.04062500
1 0.82812500 0.28984375 0.09687500 0.03906250
1 0.06171875 0.36015625 0.09531250 0.03906250
1 0.76250000 0.10781250 0.09687500 0.03750000
1 0.97656250 0.48515625 0.04687500 0.03906250
1 0.94609375 0.29687500 0.09843750 0.03750000
1 0.78437500 0.38046875 0.08750000 0.03593750
1 0.48515625 0.10625000 0.08281250 0.03750000
1 0.54218750 0.04921875 0.10000000 0.03906250
1 0.07734375 0.48203125 0.09531250 0.03906250
1 0.76093750 0.17187500 0.09062500 0.03750000
1 0.72031250 0.29062500 0.08437500 0.03750000
1 0.57656250 0.00390625 0.09062500 0.00781250
1 0.22734375 0.95156250 0.12343750 0.09687500
