2 0.54609375 0.50625000 0.01406250 0.01250000
2 0.20546875 0.39375000 0.01093750 0.01250000
2 0.83359375 0.11328125 0.01406250 0.02031250
2 0.24843750 0.55156250 0.02500000 0.02812500
2 0.55234375 0.39609375 0.02343750 0.01406250
2 0.06406250 0.40703125 0.01250000 0.01093750
2 0.34218750 0.37500000 0.03125000 0.02187500
2 0.35468750 0.30390625 0.03125000 0.03281250
2 0.97343750 0.44453125 0.01562500 0.01406250
2 0.78203125 0.05625000 0.01406250 0.02187500
2 0.79453125 0.66328125 0.02968750 0.01718750
2 0.98750000 0.61328125 0.02500000 0.02343750
2 0.25781250 0.03359375 0.01250000 0.02031250
2 0.95468750 0.47031250 0.03125000 0.03125000
2 0.25312500 0.50703125 0.01875000 0.02343750
2 0.11328125 0.48906250 0.01718750 0.01875000
2 0.26406250 0.26953125 0.01562500 0.01718750
2 0.08437500 0.40312500 0.00937500 0.00937500
2 0.35468750 0.21562500 0.01562500 0.02500000
2 0.09296875 0.38437500 0.01093750 0.01250000
2 0.33281250 0.36484375 0.02812500 0.02968750
2 0.28359375 0.28046875 0.01406250 0.01406250
2 0.98750000 0.60859375 0.02500000 0.01406250
2 0.25078125 0.38046875 0.02656250 0.02343750
2 0.28046875 0.46093750 0.03906250 0.02187500
2 0.30156250 0.43593750 0.02500000 0.02187500
2 0.22656250 0.39687500 0.02187500 0.01875000
2 0.17968750 0.52812500 0.01875000 0.02812500
2 0.29296875 0.43515625 0.03906250 0.02343750
2 0.87812500 0.47031250 0.01875000 0.01875000
2 0.00703125 0.43046875 0.01406250 0.00781250
2 0.34687500 0.30468750 0.01875000 0.02812500
2 0.98828125 0.56562500 0.02343750 0.01875000
2 0.62578125 0.05781250 0.01406250 0.01875000
2 0.37265625 0.56406250 0.02343750 0.01562500
2 0.33281250 0.35937500 0.02500000 0.01875000
2 0.15703125 0.49218750 0.03281250 0.02500000
2 0.06171875 0.61250000 0.02968750 0.02500000
2 0.85703125 0.15156250 0.01718750 0.03125000
2 0.34062500 0.36718750 0.04062500 0.03437500
2 0.61015625 0.45468750 0.04218750 0.03125000
2 0.84609375 0.05468750 0.01406250 0.02812500
2 0.56328125 0.50703125 0.02343750 0.01718750
2 0.34296875 0.37734375 0.02343750 0.01718750
2 0.97187500 0.44843750 0.01875000 0.02187500
2 0.63046875 0.61875000 0.01406250 0.01250000
2 0.95390625 0.44609375 0.02656250 0.01718750
2 0.28437500 0.27421875 0.02187500 0.02656250
2 0.37968750 0.56796875 0.03750000 0.02343750
2 0.55703125 0.50703125 0.03593750 0.01718750
2 0.36093750 0.29687500 0.01875000 0.02187500
2 0.21250000 0.55156250 0.02500000 0.02500000
2 0.86640625 0.42734375 0.02343750 0.03281250
2 0.32890625 0.21953125 0.01093750 0.02031250
2 0.89921875 0.52187500 0.02343750 0.01875000
2 0.34218750 0.15937500 0.01875000 0.03125000
1 0.84062500 0.55390625 0.07812500 0.06718750
1 0.55000000 0.83203125 0.09375000 0.03593750
1 0.73046875 0.78125000 0.08906250 0.03750000
1 0.96171875 0.95000000 0.07656250 0.04375000
1 0.58828125 0.09765625 0.03281250 0.06406250
1 0.00937500 0.77031250 0.01875000 0.03437500
1 0.37578125 0.81875000 0.09843750 0.03750000
1 0.02578125 0.91953125 0.05156250 0.04218750
1 0.93437500 0.77812500 0.09375000 0.03750000
1 0.57734375 0.77656250 0.08906250 0.03125000
1 0.48281250 0.12343750 0.03750000 0.11250000
1 0.27968750 0.46015625 0.03750000 0.02031250
1 0.34140625 0.76250000 0.08281250 0.03750000
1 0.48984375 0.25781250 0.03281250 0.08125000
1 0.18828125 0.83203125 0.09843750 0.03906250
1 0.88906250 0.84062500 0.09375000 0.03750000
1 0.16250000 0.69609375 0.09062500 0.03906250
1 0.01640625 0.97968750 0.03281250 0.03750000
1 0.49140625 0.02421875 0.03593750 0.04843750
1 0.98828125 0.72109375 0.02343750 0.03906250
1 0.70156250 0.87421875 0.09062500 0.04218750
1 0.53671875 0.24296875 0.03906250 0.08906250
1 0.43046875 0.00468750 0.02968750 0.00937500
1 0.56875000 0.71875000 0.08437500 0.03750000
1 0.53984375 0.11640625 0.03593750 0.09218750
1 0.54062500 0.01484375 0.03125000 0.02968750
1 0.59531250 0.21171875 0.03437500 0.08906250
1 0.59921875 0.01171875 0.03593750 0.02343750
1 0.26562500 0.60312500 0.09062500 0.06875000
1 0.28515625 0.93046875 0.09218750 0.03906250
1 0.81406250 0.72656250 0.08750000 0.03437500
