1 0.54140625 0.88281250 0.08281250 0.03125000
1 0.73359375 0.70390625 0.05781250 0.03593750
1 0.61328125 0.76328125 0.07656250 0.03281250
1 0.07656250 0.65312500 0.08125000 0.03437500
1 0.92500000 0.75546875 0.10000000 0.03906250
1 0.36250000 0.83203125 0.08125000 0.03593750
1 0.34062500 0.95234375 0.09687500 0.03906250
1 0.30000000 0.71015625 0.08750000 0.03593750
1 0.36250000 0.76562500 0.08437500 0.04062500
1 0.22343750 0.76796875 0.09062500 0.03906250
1 0.48828125 0.76250000 0.09218750 0.03750000
1 0.92265625 0.82421875 0.08906250 0.03906250
1 0.60703125 0.70390625 0.09218750 0.03593750
1 0.31718750 0.88593750 0.08750000 0.04062500
1 0.64531250 0.81953125 0.08750000 0.03906250
1 0.96093750 0.70390625 0.07812500 0.03593750
1 0.20078125 0.83125000 0.09531250 0.03750000
1 0.79140625 0.88437500 0.09218750 0.03750000
1 0.43281250 0.70781250 0.07500000 0.03437500
1 0.17500000 0.71484375 0.09687500 0.03906250
1 0.75156250 0.76406250 0.09062500 0.03750000
1 0.93906250 0.88125000 0.09375000 0.04062500
1 0.30000000 0.64296875 0.09375000 0.03906250
1 0.96406250 0.93906250 0.07187500 0.03750000
1 0.67812500 0.88046875 0.09687500 0.04218750
1 0.44062500 0.88750000 0.08750000 0.03750000
1 0.73203125 0.59375000 0.03593750 0.01562500
1 0.50859375 0.82578125 0.10468750 0.04531250
1 0.77578125 0.82734375 0.09531250 0.03906250
1 0.54453125 0.64296875 0.08593750 0.03593750
1 0.20390625 0.88906250 0.08281250 0.03750000
1 0.84375000 0.70546875 0.08750000 0.03593750
1 0.20703125 0.94921875 0.09218750 0.03906250
2 0.10625000 0.59843750 0.03125000 0.02500000
2 0.07812500 0.57421875 0.02187500 0.01718750
2 0.36796875 0.60703125 0.01406250 0.01718750
2 0.17265625 0.58125000 0.02031250 0.01562500
2 0.06484375 0.60546875 0.02031250 0.01406250
2 0.73203125 0.59375000 0.03281250 0.01562500
2 0.48281250 0.58515625 0.01875000 0.02968750
2 0.00234375 0.72109375 0.00468750 0.01093750
2 0.00781250 0.57343750 0.01562500 0.02187500
2 0.00312500 0.72265625 0.00625000 0.01406250
2 0.07265625 0.56640625 0.03281250 0.03281250
2 0.21796875 0.60000000 0.01406250 0.01875000
2 0.19531250 0.60000000 0.01562500 0.01875000
2 0.10937500 0.59687500 0.02187500 0.02187500
2 0.36328125 0.60781250 0.02343750 0.01875000
2 0.48281250 0.57968750 0.01562500 0.01875000
