1 0.33203125 0.59843750 0.07656250 0.07500000
1 0.02343750 0.19921875 0.04687500 0.03906250
1 0.95937500 0.08828125 0.08125000 0.03593750
1 0.90234375 0.27500000 0.09218750 0.04062500
1 0.01015625 0.29218750 0.02031250 0.08750000
1 0.24062500 0.00703125 0.09062500 0.01406250
1 0.30625000 0.38359375 0.09375000 0.03593750
1 0.38359375 0.33359375 0.09218750 0.03593750
1 0.91328125 0.38125000 0.08906250 0.03437500
1 0.56406250 0.13359375 0.09375000 0.03906250
1 0.03906250 0.01406250 0.07812500 0.02812500
1 0.80625000 0.02187500 0.08750000 0.03750000
1 0.98593750 0.27812500 0.02812500 0.03750000
1 0.25234375 0.06171875 0.09218750 0.04531250
1 0.55625000 0.00703125 0.09375000 0.01406250
1 0.12187500 0.39531250 0.09375000 0.04687500
1 0.31171875 0.17031250 0.09218750 0.03750000
1 0.00468750 0.32343750 0.00937500 0.03125000
1 0.03906250 0.13828125 0.07812500 0.03281250
1 0.21953125 0.32734375 0.08906250 0.03593750
1 0.76015625 0.27421875 0.08906250 0.04218750
1 0.99453125 0.34375000 0.01093750 0.03437500
1 0.01484375 0.06015625 0.02968750 0.05781250
1 0.21406250 0.11953125 0.09062500 0.03593750
1 0.04296875 0.49843750 0.08593750 0.03750000
1 0.62968750 0.26328125 0.09062500 0.04218750
1 0.39531250 0.13281250 0.08125000 0.03750000
1 0.82109375 0.45546875 0.09218750 0.03906250
1 0.54296875 0.44375000 0.08906250 0.03750000
1 0.49296875 0.06718750 0.08906250 0.03750000
1 0.76953125 0.13984375 0.09218750 0.04218750
1 0.72968750 0.07187500 0.09375000 0.03750000
2 0.16250000 0.96093750 0.02812500 0.03125000
2 0.26015625 0.63125000 0.02031250 0.01562500
2 0.16875000 0.59687500 0.01250000 0.02187500
2 0.54453125 0.55937500 0.01406250 0.02187500
2 0.14062500 0.55781250 0.01562500 0.02187500
2 0.20312500 0.61484375 0.02187500 0.02656250
2 0.14218750 0.55468750 0.01875000 0.02812500
2 0.10390625 0.60859375 0.01093750 0.02031250
2 0.11796875 0.63515625 0.01406250 0.01406250
2 0.11875000 0.61484375 0.02187500 0.02656250
2 0.11875000 0.61718750 0.02500000 0.03125000
2 0.26875000 0.56015625 0.01562500 0.01718750
2 0.18046875 0.60312500 0.01718750 0.01875000
2 0.13203125 0.59531250 0.01406250 0.01562500
2 0.07109375 0.54140625 0.02031250 0.02031250
2 0.33046875 0.71796875 0.03281250 0.02031250
2 0.26328125 0.72734375 0.03906250 0.03281250
2 0.13515625 0.76640625 0.04531250 0.03281250
2 0.12187500 0.75703125 0.01875000 0.01406250
2 0.99531250 0.40234375 0.00937500 0.14218750
2 0.65937500 0.91093750 0.03437500 0.02187500
2 0.03359375 0.65468750 0.01406250 0.01562500
2 0.13437500 0.66953125 0.01875000 0.01718750
2 0.52578125 0.60859375 0.02968750 0.03593750
2 0.20000000 0.98984375 0.03125000 0.02031250
2 0.02343750 0.56484375 0.02500000 0.02343750
2 0.11562500 0.62109375 0.03125000 0.04218750
2 0.51796875 0.62031250 0.01406250 0.01250000
2 0.18359375 0.56562500 0.02031250 0.02500000
2 0.83203125 0.61953125 0.01718750 0.01406250
2 0.26171875 0.62734375 0.02343750 0.02343750
2 0.25859375 0.72109375 0.02656250 0.02031250
2 0.17578125 0.59687500 0.02656250 0.02812500
2 0.14765625 0.76953125 0.02031250 0.02968750
2 0.99375000 0.75468750 0.01250000 0.01250000
