2 0.90546875 0.31093750 0.01718750 0.01875000
2 0.41953125 0.57343750 0.03593750 0.02187500
2 0.34687500 0.57890625 0.04687500 0.02656250
2 0.41875000 0.35078125 0.01250000 0.02656250
2 0.96562500 0.54921875 0.03125000 0.02031250
2 0.00546875 0.26406250 0.01093750 0.01875000
2 0.84687500 0.30390625 0.01875000 0.01718750
2 0.11875000 0.16718750 0.01875000 0.02812500
2 0.97500000 0.58125000 0.02812500 0.01250000
2 0.31484375 0.48046875 0.02343750 0.03281250
2 0.97578125 0.54843750 0.04843750 0.02500000
2 0.36171875 0.42578125 0.02343750 0.04531250
2 0.36015625 0.41640625 0.02031250 0.02343750
2 0.98671875 0.54687500 0.02656250 0.02187500
2 0.33750000 0.58125000 0.02812500 0.02187500
2 0.27500000 0.49921875 0.02500000 0.03593750
2 0.10078125 0.22890625 0.01406250 0.02343750
2 0.82500000 0.31718750 0.01875000 0.01562500
2 0.88906250 0.31718750 0.02187500 0.01562500
2 0.85937500 0.47421875 0.02187500 0.01406250
2 0.93671875 0.57343750 0.02343750 0.01250000
2 0.08515625 0.41640625 0.02343750 0.02343750
2 0.99296875 0.48515625 0.01406250 0.01406250
2 0.07890625 0.43046875 0.03593750 0.05156250
2 0.89609375 0.31328125 0.03593750 0.02343750
2 0.99609375 0.32578125 0.00781250 0.01718750
2 0.92890625 0.52500000 0.02343750 0.02187500
2 0.74296875 0.47734375 0.01718750 0.01718750
2 0.99296875 0.52187500 0.01406250 0.01875000
2 0.91250000 0.55703125 0.02500000 0.02968750
2 0.88750000 0.55234375 0.01875000 0.01718750
2 0.23593750 0.06328125 0.02500000 0.01718750
2 0.67265625 0.30703125 0.01718750 0.01406250
2 0.92421875 0.52421875 0.04531250 0.02343750
1 0.85937500 0.44296875 0.11562500 0.04843750
1 0.41171875 0.94140625 0.08593750 0.04218750
1 0.97421875 0.43593750 0.05156250 0.03750000
1 0.79453125 0.82265625 0.10156250 0.03906250
1 0.92109375 0.70234375 0.10156250 0.03906250
1 0.72421875 0.43593750 0.10156250 0.05000000
1 0.01015625 0.74531250 0.02031250 0.03750000
1 0.84453125 0.75546875 0.03906250 0.03906250
1 0.45625000 0.45156250 0.12500000 0.04375000
1 0.91250000 0.82265625 0.09687500 0.03593750
1 0.66718750 0.81640625 0.10000000 0.03906250
1 0.08750000 0.96484375 0.09375000 0.03906250
1 0.34062500 0.23046875 0.04375000 0.09218750
1 0.23515625 0.17031250 0.04531250 0.10312500
1 0.30078125 0.67421875 0.10468750 0.04531250
1 0.82109375 0.95000000 0.10781250 0.04375000
1 0.47031250 0.40468750 0.10937500 0.05312500
1 0.29375000 0.75625000 0.08750000 0.04375000
1 0.68203125 0.69531250 0.10468750 0.04062500
1 0.08125000 0.68125000 0.10937500 0.04062500
1 0.98750000 0.82343750 0.02500000 0.03750000
1 0.95625000 0.64062500 0.08750000 0.03750000
1 0.57578125 0.75234375 0.10156250 0.03906250
1 0.44531250 0.62890625 0.09375000 0.03906250
1 0.34296875 0.04921875 0.04531250 0.07656250
1 0.52421875 0.81718750 0.09843750 0.03750000
1 0.51484375 0.25390625 0.07968750 0.08281250
1 0.78437500 0.75625000 0.05625000 0.03750000
1 0.59453125 0.43125000 0.10468750 0.04375000
1 0.68203125 0.99218750 0.09843750 0.01562500
1 0.74140625 0.31171875 0.09843750 0.04218750
1 0.81093750 0.75546875 0.10625000 0.03906250
