1 0.86093750 0.71796875 0.09375000 0.03906250
1 0.59921875 0.96093750 0.08906250 0.03750000
1 0.71796875 0.77812500 0.08281250 0.03750000
1 0.86093750 0.83515625 0.09375000 0.03593750
1 0.94921875 0.95390625 0.08281250 0.03593750
1 0.61015625 0.77656250 0.07968750 0.03750000
1 0.60703125 0.83281250 0.08593750 0.03437500
1 0.75234375 0.71250000 0.09218750 0.04062500
1 0.29296875 0.55312500 0.03906250 0.02812500
1 0.86562500 0.89453125 0.09062500 0.03906250
1 0.96640625 0.83593750 0.06718750 0.03750000
1 0.95156250 0.77421875 0.09375000 0.03906250
1 0.97656250 0.71250000 0.04687500 0.04062500
1 0.60000000 0.72265625 0.09375000 0.03906250
1 0.98125000 0.89453125 0.03750000 0.03906250
1 0.29531250 0.63359375 0.08750000 0.04843750
1 0.73515625 0.83671875 0.08593750 0.03593750
1 0.58046875 0.60703125 0.04218750 0.02031250
1 0.73750000 0.89375000 0.09062500 0.03750000
1 0.82578125 0.95468750 0.09843750 0.04375000
1 0.59531250 0.89296875 0.09375000 0.03906250
1 0.82890625 0.77421875 0.08281250 0.03593750
1 0.70781250 0.95781250 0.08437500 0.03750000
2 0.78515625 0.35703125 0.02031250 0.01718750
2 0.30937500 0.84609375 0.01250000 0.02031250
2 0.70781250 0.40390625 0.01875000 0.03281250
2 0.33281250 0.81406250 0.01562500 0.04375000
2 0.51406250 0.59296875 0.02500000 0.03906250
2 0.02265625 0.13750000 0.01718750 0.02187500
2 0.37656250 0.55156250 0.02187500 0.02187500
2 0.46015625 0.25078125 0.01406250 0.02656250
2 0.08281250 0.10703125 0.02187500 0.02656250
2 0.45625000 0.57421875 0.01875000 0.02968750
2 0.75546875 0.58828125 0.01406250 0.02031250
2 0.00703125 0.53437500 0.01406250 0.01250000
2 0.41015625 0.60078125 0.02656250 0.02031250
2 0.74921875 0.58906250 0.02343750 0.02187500
2 0.46250000 0.57109375 0.03750000 0.03593750
2 0.72500000 0.57890625 0.02812500 0.01406250
2 0.37500000 0.56796875 0.02187500 0.01406250
2 0.35156250 0.54531250 0.02500000 0.02187500
2 0.73203125 0.25078125 0.01406250 0.02968750
2 0.28593750 0.42343750 0.02500000 0.01875000
2 0.31171875 0.85156250 0.01718750 0.03125000
2 0.05000000 0.13828125 0.03125000 0.03906250
2 0.33281250 0.80312500 0.01250000 0.02187500
2 0.73984375 0.56171875 0.02656250 0.03281250
2 0.06093750 0.37968750 0.01562500 0.01875000
2 0.01953125 0.38359375 0.01406250 0.01718750
2 0.29140625 0.42265625 0.01718750 0.02031250
2 0.16796875 0.43984375 0.01406250 0.02031250
2 0.07578125 0.58203125 0.02031250 0.03281250
2 0.03359375 0.03906250 0.02031250 0.03437500
2 0.49531250 0.58515625 0.01875000 0.02031250
2 0.80781250 0.46875000 0.01562500 0.06562500
2 0.74296875 0.59140625 0.01406250 0.01718750
2 0.24375000 0.95312500 0.01562500 0.02187500
2 0.44218750 0.57734375 0.01875000 0.01718750
2 0.38515625 0.56640625 0.02031250 0.02031250
2 0.26796875 0.42343750 0.02031250 0.02187500
2 0.47265625 0.55859375 0.02031250 0.01406250
2 0.23984375 0.95312500 0.02343750 0.02500000
2 0.62343750 0.59218750 0.02812500 0.01875000
