1 0.64453125 0.10937500 0.03906250 0.09375000
1 0.08828125 0.41250000 0.10156250 0.04687500
1 0.57968750 0.25000000 0.03750000 0.09687500
1 0.93828125 0.71875000 0.07968750 0.08750000
1 0.39531250 0.35390625 0.06250000 0.08281250
1 0.07265625 0.88750000 0.09531250 0.04062500
1 0.25234375 0.08515625 0.04218750 0.09843750
1 0.31718750 0.62734375 0.09375000 0.06093750
1 0.58203125 0.01250000 0.03906250 0.02500000
1 0.20312500 0.88515625 0.10000000 0.03906250
1 0.70703125 0.01171875 0.03906250 0.02343750
1 0.12812500 0.79062500 0.10000000 0.04375000
1 0.52265625 0.22421875 0.04531250 0.09531250
1 0.80468750 0.43593750 0.06250000 0.09375000
1 0.64453125 0.00859375 0.03593750 0.01718750
1 0.63828125 0.25312500 0.04218750 0.10000000
1 0.18593750 0.35000000 0.08125000 0.08437500
1 0.09453125 0.94375000 0.10468750 0.04375000
1 0.70312500 0.08593750 0.04062500 0.09375000
1 0.01953125 0.98984375 0.03906250 0.02031250
1 0.97343750 0.50000000 0.05312500 0.09375000
1 0.64765625 0.98359375 0.05156250 0.03281250
1 0.25468750 0.94296875 0.10625000 0.03906250
1 0.39062500 0.80000000 0.09375000 0.05312500
1 0.57968750 0.10156250 0.04687500 0.10625000
1 0.70078125 0.22578125 0.04218750 0.10156250
0 0.17031250 0.98828125 0.25312500 0.02343750
0 0.76093750 0.09375000 0.05312500 0.18750000
2 0.38671875 0.68203125 0.02656250 0.01718750
2 0.22187500 0.46875000 0.01250000 0.01562500
2 0.40312500 0.43515625 0.01875000 0.02968750
2 0.41875000 0.33671875 0.01562500 0.02656250
2 0.88437500 0.23281250 0.00937500 0.01250000
2 0.25000000 0.00703125 0.03125000 0.01406250
2 0.75703125 0.88203125 0.01406250 0.02343750
2 0.24296875 0.21953125 0.01406250 0.04531250
2 0.66640625 0.64062500 0.02031250 0.03125000
2 0.12500000 0.50859375 0.01250000 0.01093750
2 0.11953125 0.56406250 0.01718750 0.01875000
2 0.22890625 0.22578125 0.03906250 0.05468750
2 0.25781250 0.50078125 0.01250000 0.01718750
2 0.55156250 0.53046875 0.01562500 0.01718750
2 0.00703125 0.38515625 0.01406250 0.02968750
2 0.75312500 0.86015625 0.03437500 0.06718750
2 0.75312500 0.84296875 0.03437500 0.03281250
2 0.12500000 0.56484375 0.02812500 0.02343750
2 0.28906250 0.47421875 0.04062500 0.02968750
2 0.33593750 0.38515625 0.01875000 0.02031250
2 0.08984375 0.55703125 0.02968750 0.01718750
2 0.31875000 0.56171875 0.03125000 0.02656250
2 0.32656250 0.56250000 0.01562500 0.02500000
2 0.96953125 0.05546875 0.01406250 0.01406250
2 0.44609375 0.30078125 0.02656250 0.01718750
2 0.31171875 0.55468750 0.01718750 0.01250000
2 0.65546875 0.74687500 0.03593750 0.02187500
2 0.23828125 0.44375000 0.02031250 0.01562500
2 0.37968750 0.26093750 0.02500000 0.02812500
2 0.21796875 0.49531250 0.01406250 0.01562500
2 0.00312500 0.94453125 0.00625000 0.02343750
2 0.42734375 0.81250000 0.02343750 0.02812500
2 0.64453125 0.74296875 0.01718750 0.01406250
2 0.42890625 0.41640625 0.02656250 0.01406250
2 0.40625000 0.25703125 0.01562500 0.03593750
2 0.40859375 0.02421875 0.02343750 0.02968750
2 0.40625000 0.37421875 0.01250000 0.01718750
2 0.39218750 0.68828125 0.03750000 0.02968750
2 0.00859375 0.38125000 0.01718750 0.03750000
2 0.64453125 0.84296875 0.01406250 0.01718750
2 0.92109375 0.04609375 0.01406250 0.01718750
2 0.47656250 0.14218750 0.01875000 0.01562500
2 0.13046875 0.56796875 0.01718750 0.01718750
2 0.66406250 0.74843750 0.01875000 0.01875000
