2 0.94453125 0.62343750 0.01093750 0.01562500
2 0.89218750 0.37031250 0.01250000 0.01250000
2 0.38828125 0.50625000 0.02031250 0.02500000
2 0.94921875 0.63125000 0.02031250 0.03125000
2 0.12578125 0.57578125 0.02031250 0.02343750
2 0.95234375 0.63437500 0.01406250 0.02500000
2 0.22265625 0.51796875 0.01406250 0.01718750
2 0.95703125 0.45312500 0.01406250 0.01875000
2 0.83437500 0.53750000 0.02500000 0.03125000
2 0.23750000 0.30625000 0.02500000 0.01562500
2 0.99453125 0.39296875 0.01093750 0.01406250
2 0.85625000 0.67578125 0.01562500 0.02656250
2 0.39609375 0.50625000 0.03281250 0.02500000
2 0.86250000 0.39453125 0.01250000 0.01093750
2 0.85703125 0.67031250 0.01406250 0.01562500
2 0.79140625 0.36015625 0.02343750 0.04218750
2 0.88359375 0.38906250 0.01093750 0.01562500
1 0.02812500 0.21875000 0.04062500 0.06562500
1 0.76406250 0.96406250 0.08750000 0.04062500
1 0.76718750 0.90703125 0.08437500 0.03593750
1 0.07578125 0.16093750 0.03593750 0.05625000
1 0.00859375 0.43203125 0.01718750 0.08593750
1 0.13281250 0.43593750 0.04375000 0.06875000
1 0.12265625 0.18671875 0.04218750 0.08906250
1 0.04375000 0.41562500 0.05312500 0.09375000
1 0.65156250 0.90546875 0.07812500 0.03281250
1 0.32812500 0.43125000 0.04375000 0.09062500
1 0.50234375 0.96406250 0.09531250 0.03750000
1 0.63671875 0.96875000 0.09218750 0.03750000
1 0.56093750 0.38203125 0.03750000 0.09218750
