2 0.27812500 0.58125000 0.01875000 0.01562500
2 0.11093750 0.54765625 0.02500000 0.01406250
2 0.09531250 0.55390625 0.01562500 0.01718750
2 0.16875000 0.19375000 0.01250000 0.01562500
2 0.27109375 0.58203125 0.03281250 0.01718750
2 0.03750000 0.55859375 0.02500000 0.02031250
2 0.10468750 0.55078125 0.03437500 0.02031250
2 0.94140625 0.46328125 0.02031250 0.01718750
2 0.15546875 0.42734375 0.01406250 0.02031250
1 0.35546875 0.94062500 0.08906250 0.03750000
1 0.98984375 0.67031250 0.02031250 0.04062500
1 0.61875000 0.75078125 0.08750000 0.04218750
1 0.95625000 0.79921875 0.08750000 0.03593750
1 0.24453125 0.70078125 0.08593750 0.04218750
1 0.09453125 0.82265625 0.08281250 0.03593750
1 0.87187500 0.92265625 0.09687500 0.03906250
1 0.32187500 0.81406250 0.09375000 0.03750000
1 0.09609375 0.87734375 0.09218750 0.03906250
1 0.32421875 0.86562500 0.07656250 0.03125000
1 0.79062500 0.80703125 0.09687500 0.03906250
1 0.25390625 0.62968750 0.08281250 0.03750000
1 0.17265625 0.76250000 0.09843750 0.04375000
1 0.96640625 0.92343750 0.06718750 0.03750000
1 0.99062500 0.73437500 0.01875000 0.03750000
1 0.74218750 0.92656250 0.09062500 0.03750000
1 0.44140625 0.75625000 0.07343750 0.04062500
1 0.48203125 0.93828125 0.08906250 0.03906250
1 0.57656250 0.81250000 0.09375000 0.04062500
1 0.58671875 0.68906250 0.09843750 0.03750000
1 0.62109375 0.93281250 0.09531250 0.03750000
1 0.73359375 0.86953125 0.09843750 0.04218750
1 0.78359375 0.74531250 0.09218750 0.04062500
1 0.24531250 0.94296875 0.09062500 0.03906250
1 0.97500000 0.85781250 0.05000000 0.04062500
0 0.61796875 0.26484375 0.38906250 0.16406250
