0 0.15546875 0.66718750 0.26093750 0.05937500
0 0.49140625 0.66640625 0.09531250 0.04843750
1 0.78750000 0.37109375 0.04687500 0.10781250
1 0.38046875 0.78593750 0.10156250 0.04062500
1 0.44453125 0.41171875 0.11406250 0.04843750
1 0.94609375 0.17812500 0.05156250 0.05625000
1 0.94687500 0.65468750 0.10625000 0.03750000
1 0.04296875 0.73437500 0.08593750 0.03750000
1 0.46562500 0.71562500 0.09375000 0.03750000
1 0.82421875 0.77109375 0.09843750 0.03906250
1 0.49921875 0.47656250 0.05468750 0.02500000
1 0.29296875 0.41640625 0.08906250 0.06093750
1 0.05546875 0.38906250 0.11093750 0.05312500
1 0.90781250 0.70859375 0.08437500 0.03593750
1 0.54140625 0.77968750 0.11093750 0.04062500
1 0.11250000 0.79218750 0.10000000 0.04062500
1 0.30234375 0.72968750 0.10156250 0.04062500
1 0.98515625 0.36562500 0.02968750 0.10000000
1 0.18125000 0.40859375 0.10625000 0.04218750
1 0.24375000 0.78906250 0.10312500 0.04062500
1 0.48984375 0.52031250 0.04843750 0.04375000
1 0.81171875 0.65156250 0.10781250 0.04062500
1 0.17109375 0.72421875 0.09843750 0.03906250
1 0.13125000 0.90937500 0.10312500 0.04375000
1 0.83515625 0.37187500 0.04531250 0.09375000
1 0.97734375 0.76953125 0.04531250 0.03906250
1 0.49062500 0.66328125 0.09375000 0.05156250
1 0.68671875 0.85937500 0.09531250 0.04062500
1 0.68828125 0.78046875 0.10781250 0.04218750
1 0.48515625 0.87578125 0.09531250 0.03906250
1 0.09453125 0.23593750 0.08281250 0.08125000
1 0.59375000 0.71953125 0.10312500 0.03906250
1 0.56953125 0.40000000 0.07968750 0.04062500
1 0.74062500 0.71562500 0.09375000 0.03750000
1 0.89453125 0.37500000 0.04218750 0.09687500
1 0.64687500 0.66015625 0.10625000 0.04218750
1 0.35234375 0.66406250 0.06718750 0.03750000
1 0.60390625 0.28437500 0.05468750 0.03125000
1 0.98671875 0.71250000 0.02656250 0.04062500
1 0.28984375 0.40078125 0.07656250 0.03281250
1 0.32265625 0.28437500 0.09531250 0.04375000
