0 0.05312500 0.67968750 0.10625000 0.05625000
1 0.95703125 0.38359375 0.06406250 0.09843750
1 0.58203125 0.40781250 0.08906250 0.03750000
1 0.95390625 0.18828125 0.05156250 0.05156250
1 0.94062500 0.96875000 0.10937500 0.04375000
1 0.84062500 0.38046875 0.04687500 0.09531250
1 0.78906250 0.37968750 0.05312500 0.10312500
1 0.02343750 0.62500000 0.04687500 0.04062500
1 0.18515625 0.61796875 0.09843750 0.03906250
1 0.90546875 0.72343750 0.11406250 0.04062500
1 0.06328125 0.39609375 0.10468750 0.06093750
1 0.97500000 0.78515625 0.05000000 0.03906250
1 0.20390625 0.97968750 0.10156250 0.04062500
1 0.95312500 0.66875000 0.09375000 0.04062500
1 0.46250000 0.90156250 0.10000000 0.04375000
1 0.11250000 0.90859375 0.10000000 0.04218750
1 0.30234375 0.42421875 0.12656250 0.05156250
1 0.10000000 0.74140625 0.10000000 0.03906250
1 0.06171875 0.41171875 0.11093750 0.09218750
1 0.18984375 0.80000000 0.10468750 0.04375000
1 0.66484375 0.61171875 0.10156250 0.04218750
1 0.18750000 0.41562500 0.10312500 0.04375000
1 0.53750000 0.66953125 0.09062500 0.03906250
1 0.98984375 0.38203125 0.02031250 0.11093750
1 0.85156250 0.88281250 0.10312500 0.05000000
1 0.55703125 0.72734375 0.11093750 0.04218750
1 0.40937500 0.61953125 0.10312500 0.03906250
1 0.45781250 0.79140625 0.10625000 0.04218750
1 0.10234375 0.24218750 0.07968750 0.08125000
1 0.45000000 0.41953125 0.11562500 0.04843750
1 0.76171875 0.78750000 0.09843750 0.04062500
1 0.90312500 0.38437500 0.04687500 0.09687500
1 0.52734375 0.97734375 0.11093750 0.04531250
1 0.61093750 0.29062500 0.05625000 0.02812500
1 0.32734375 0.29218750 0.09843750 0.04062500
