1 0.95312500 0.05078125 0.09375000 0.03906250
1 0.45234375 0.28828125 0.09531250 0.03906250
1 0.60781250 0.11171875 0.09375000 0.04218750
1 0.19375000 0.21406250 0.08750000 0.04062500
1 0.86171875 0.17500000 0.08281250 0.04375000
1 0.22343750 0.10390625 0.08437500 0.04218750
1 0.34375000 0.16328125 0.07812500 0.03593750
1 0.97265625 0.17968750 0.05468750 0.04062500
1 0.33203125 0.28437500 0.08281250 0.04062500
1 0.82656250 0.05156250 0.09375000 0.03437500
1 0.52968750 0.22656250 0.08125000 0.03125000
1 0.56562500 0.28828125 0.09687500 0.03906250
1 0.21328125 0.27890625 0.09531250 0.03906250
1 0.34453125 0.10468750 0.08593750 0.04375000
1 0.42109375 0.22656250 0.08593750 0.03750000
1 0.22656250 0.15937500 0.09687500 0.03750000
1 0.30625000 0.21796875 0.08437500 0.03593750
1 0.62500000 0.17031250 0.10312500 0.04062500
1 0.68437500 0.05156250 0.10000000 0.03750000
1 0.97734375 0.35781250 0.04531250 0.08125000
1 0.86953125 0.11484375 0.08593750 0.03906250
1 0.74921875 0.11093750 0.10156250 0.03750000
1 0.46328125 0.10625000 0.09218750 0.03750000
1 0.96171875 0.11562500 0.07656250 0.05312500
1 0.50000000 0.16250000 0.09375000 0.04062500
1 0.42500000 0.05234375 0.07187500 0.03593750
1 0.67578125 0.29218750 0.09531250 0.03750000
1 0.75234375 0.17343750 0.09218750 0.04375000
1 0.55078125 0.05390625 0.09531250 0.03906250
0 0.26250000 0.04453125 0.25000000 0.05781250
