2 0.61640625 0.62812500 0.01718750 0.01875000
0 0.70234375 0.73203125 0.25468750 0.05781250
1 0.31953125 0.96953125 0.08593750 0.04218750
1 0.41718750 0.90781250 0.09375000 0.03750000
1 0.61171875 0.79453125 0.09531250 0.03593750
1 0.16171875 0.72578125 0.09843750 0.03906250
1 0.96484375 0.61640625 0.07031250 0.03906250
1 0.78671875 0.90937500 0.09843750 0.03750000
1 0.97656250 0.73750000 0.04687500 0.03750000
1 0.88125000 0.97578125 0.10312500 0.03906250
1 0.93125000 0.85781250 0.08750000 0.04062500
1 0.42890625 0.96796875 0.09531250 0.03593750
1 0.32656250 0.78906250 0.08125000 0.04062500
1 0.50937500 0.73125000 0.09062500 0.03437500
1 0.18671875 0.89687500 0.08906250 0.03750000
1 0.04062500 0.67343750 0.08125000 0.04062500
1 0.30234375 0.90312500 0.09218750 0.03750000
1 0.54531250 0.90937500 0.09062500 0.03437500
1 0.33046875 0.84609375 0.08593750 0.03593750
1 0.21484375 0.96796875 0.09843750 0.03906250
1 0.28671875 0.73437500 0.08906250 0.03750000
1 0.45000000 0.85000000 0.09062500 0.03750000
1 0.21640625 0.84531250 0.09218750 0.04062500
1 0.48281250 0.79140625 0.09687500 0.04218750
1 0.84843750 0.79453125 0.09375000 0.03593750
1 0.73281250 0.79921875 0.08750000 0.03906250
1 0.90156250 0.91484375 0.10000000 0.03593750
1 0.20078125 0.78671875 0.09218750 0.03593750
1 0.97656250 0.97500000 0.04687500 0.04062500
1 0.70000000 0.85312500 0.07187500 0.03437500
1 0.40078125 0.73203125 0.08281250 0.03593750
1 0.98671875 0.80078125 0.02656250 0.04218750
1 0.66875000 0.90859375 0.09062500 0.03906250
1 0.58437500 0.85156250 0.10625000 0.04062500
1 0.54531250 0.97578125 0.09687500 0.03593750
1 0.87265625 0.74531250 0.08906250 0.03750000
1 0.65156250 0.97187500 0.09375000 0.03750000
1 0.99296875 0.91562500 0.01406250 0.03437500
1 0.80703125 0.85781250 0.08593750 0.04062500
1 0.76953125 0.97500000 0.08906250 0.03750000
