1 0.08203125 0.41328125 0.10468750 0.04843750
1 0.99609375 0.16328125 0.00781250 0.09843750
1 0.69921875 0.00781250 0.03906250 0.01562500
1 0.74687500 0.96875000 0.04375000 0.06250000
1 0.24453125 0.08281250 0.03906250 0.09687500
1 0.42656250 0.54921875 0.07187500 0.08281250
1 0.50781250 0.45078125 0.04375000 0.09531250
1 0.85312500 0.58515625 0.06875000 0.08906250
1 0.63359375 0.25000000 0.04218750 0.10000000
1 0.06640625 0.89062500 0.09843750 0.04062500
1 0.96093750 0.46562500 0.06562500 0.09687500
1 0.25312500 0.94531250 0.10312500 0.04062500
1 0.63984375 0.00781250 0.04218750 0.01562500
1 0.19921875 0.88671875 0.10156250 0.04218750
1 0.57656250 0.24921875 0.04062500 0.09843750
1 0.28046875 0.66953125 0.09531250 0.06093750
1 0.69687500 0.22421875 0.04062500 0.10156250
1 0.18203125 0.34765625 0.08593750 0.08281250
1 0.01718750 0.99140625 0.03437500 0.01718750
1 0.63125000 0.83984375 0.04062500 0.09531250
1 0.69531250 0.96328125 0.04062500 0.07343750
1 0.63984375 0.10625000 0.03906250 0.09375000
1 0.75703125 0.10000000 0.03906250 0.09687500
1 0.69843750 0.08359375 0.04062500 0.09218750
1 0.76015625 0.31093750 0.04218750 0.10000000
2 0.88359375 0.23125000 0.01093750 0.01250000
2 0.20468750 0.53359375 0.02187500 0.01718750
2 0.38671875 0.36875000 0.02031250 0.01562500
2 0.40625000 0.22656250 0.01562500 0.01875000
2 0.98906250 0.82187500 0.02187500 0.07187500
2 0.25468750 0.50000000 0.02500000 0.01562500
2 0.13671875 0.45703125 0.02968750 0.04843750
2 0.31484375 0.56015625 0.02656250 0.02031250
2 0.17812500 0.47031250 0.01562500 0.01875000
2 0.74375000 0.83906250 0.04687500 0.04375000
2 0.39218750 0.29375000 0.01562500 0.03750000
2 0.00468750 0.38750000 0.00937500 0.03125000
2 0.99296875 0.80156250 0.01406250 0.02812500
2 0.19687500 0.53515625 0.03750000 0.02031250
2 0.22187500 0.43906250 0.01875000 0.01875000
2 0.28203125 0.47109375 0.03281250 0.01718750
2 0.26328125 0.50078125 0.04218750 0.01406250
2 0.27890625 0.48046875 0.03906250 0.03593750
2 0.11953125 0.50859375 0.01093750 0.01093750
2 0.36406250 0.38203125 0.03125000 0.04218750
2 0.47109375 0.14062500 0.01718750 0.02187500
2 0.21718750 0.46796875 0.00937500 0.01718750
2 0.20703125 0.49843750 0.01718750 0.01250000
2 0.18671875 0.53593750 0.01718750 0.01562500
2 0.00625000 0.38281250 0.01250000 0.03437500
2 0.98984375 0.82187500 0.02031250 0.06875000
2 0.45156250 0.38125000 0.04375000 0.04062500
2 0.55000000 0.53046875 0.01562500 0.01718750
2 0.75000000 0.84453125 0.03437500 0.03281250
2 0.72890625 0.83593750 0.02031250 0.03750000
2 0.96875000 0.05468750 0.01250000 0.01562500
2 0.44531250 0.37343750 0.03437500 0.03125000
2 0.72968750 0.82578125 0.01875000 0.01718750
2 0.46640625 0.39375000 0.01406250 0.01562500
2 0.22656250 0.44453125 0.02812500 0.03281250
2 0.33281250 0.38437500 0.01562500 0.01875000
2 0.24296875 0.50156250 0.08281250 0.01562500
