0 0.12265625 0.45078125 0.24531250 0.06093750
0 0.15781250 0.95781250 0.13437500 0.08437500
1 0.79296875 0.21484375 0.09531250 0.04531250
1 0.47031250 0.45000000 0.09687500 0.03750000
1 0.67656250 0.21015625 0.09687500 0.03593750
1 0.11015625 0.32578125 0.09218750 0.03906250
1 0.50703125 0.33125000 0.09218750 0.03750000
1 0.87343750 0.01093750 0.09062500 0.02187500
1 0.53750000 0.38984375 0.06562500 0.04218750
1 0.16328125 0.38125000 0.09218750 0.04062500
1 0.76718750 0.45390625 0.08437500 0.03593750
1 0.43046875 0.26328125 0.08593750 0.04218750
1 0.03671875 0.37812500 0.07343750 0.03437500
1 0.00859375 0.32109375 0.01718750 0.03906250
1 0.79375000 0.39765625 0.08750000 0.03593750
1 0.52265625 0.50468750 0.09531250 0.03750000
1 0.65390625 0.44609375 0.09843750 0.03906250
1 0.34531250 0.44531250 0.09062500 0.03750000
1 0.42031250 0.38906250 0.08125000 0.03750000
1 0.23828125 0.32812500 0.10156250 0.04375000
1 0.73046875 0.98593750 0.09218750 0.02812500
1 0.76015625 0.33750000 0.08593750 0.03750000
1 0.28906250 0.38125000 0.08750000 0.04062500
1 0.65859375 0.39687500 0.08906250 0.03437500
1 0.66875000 0.27421875 0.08125000 0.04218750
1 0.54687500 0.27343750 0.09062500 0.03437500
1 0.77109375 0.27812500 0.09218750 0.03750000
1 0.64687500 0.32968750 0.09062500 0.03437500
1 0.37500000 0.33046875 0.09375000 0.03593750
