1 0.46093750 0.97890625 0.09687500 0.03906250
1 0.95781250 0.37187500 0.08437500 0.08437500
1 0.82031250 0.90937500 0.09687500 0.04062500
1 0.86015625 0.43750000 0.10468750 0.04687500
1 0.04375000 0.98437500 0.08750000 0.03125000
1 0.97421875 0.96015625 0.05156250 0.04218750
1 0.58984375 0.97734375 0.09531250 0.03906250
1 0.72734375 0.96953125 0.09531250 0.03906250
1 0.19062500 0.98203125 0.11250000 0.03593750
1 0.32421875 0.98281250 0.09531250 0.03437500
1 0.88046875 0.96484375 0.10156250 0.03906250
1 0.44765625 0.92421875 0.09218750 0.03906250
2 0.01640625 0.45937500 0.03281250 0.10312500
2 0.01484375 0.47734375 0.02968750 0.06406250
