1 0.51875000 0.99296875 0.08125000 0.01406250
1 0.77578125 0.95937500 0.07968750 0.03750000
1 0.01093750 0.42031250 0.02187500 0.08437500
1 0.17578125 0.17109375 0.05156250 0.08593750
1 0.53359375 0.70703125 0.08281250 0.03906250
1 0.40156250 0.31406250 0.05000000 0.09375000
1 0.13125000 0.18437500 0.04062500 0.07500000
1 0.96250000 0.84375000 0.07500000 0.06875000
1 0.79843750 0.89296875 0.09687500 0.03906250
1 0.55234375 0.95468750 0.09218750 0.03437500
1 0.11796875 0.99218750 0.08906250 0.01562500
1 0.43515625 0.94296875 0.08593750 0.03906250
1 0.31796875 0.94531250 0.08906250 0.03437500
1 0.39921875 0.40781250 0.04531250 0.09062500
1 0.56640625 0.37500000 0.03906250 0.09062500
1 0.68046875 0.89140625 0.09218750 0.03593750
1 0.13750000 0.42578125 0.04375000 0.07031250
1 0.04843750 0.40468750 0.05625000 0.09687500
1 0.55000000 0.89218750 0.10937500 0.03750000
1 0.65156250 0.99531250 0.08750000 0.00937500
1 0.03593750 0.20781250 0.04687500 0.06875000
1 0.67265625 0.95546875 0.07968750 0.03906250
1 0.24843750 0.99062500 0.10000000 0.01875000
1 0.72812500 0.78046875 0.09062500 0.03906250
1 0.21875000 0.39843750 0.07500000 0.12812500
1 0.38281250 0.99453125 0.09062500 0.01093750
