1 0.56484375 0.71640625 0.09843750 0.03593750
1 0.68359375 0.26875000 0.09843750 0.04062500
1 0.10390625 0.40156250 0.06093750 0.09375000
1 0.96484375 0.26875000 0.05781250 0.03750000
1 0.81640625 0.77187500 0.10781250 0.04375000
1 0.58828125 0.65781250 0.10156250 0.04062500
1 0.44687500 0.91562500 0.10000000 0.05000000
1 0.43906250 0.72343750 0.10937500 0.04375000
1 0.24921875 0.57968750 0.04843750 0.05312500
1 0.60937500 0.59375000 0.09375000 0.04687500
1 0.83593750 0.70078125 0.08750000 0.05156250
1 0.03593750 0.70468750 0.07187500 0.09375000
1 0.27890625 0.21093750 0.04218750 0.09375000
1 0.95781250 0.70390625 0.08437500 0.04218750
1 0.15312500 0.82656250 0.09375000 0.07500000
1 0.54218750 0.39765625 0.10625000 0.04531250
1 0.17031250 0.15703125 0.04062500 0.10468750
1 0.44375000 0.66406250 0.09375000 0.04062500
1 0.82187500 0.58046875 0.09375000 0.04531250
1 0.29531250 0.50000000 0.04062500 0.02812500
1 0.80781250 0.58437500 0.05937500 0.03750000
1 0.41796875 0.38203125 0.10781250 0.06093750
1 0.96015625 0.76093750 0.07968750 0.03750000
1 0.80703125 0.39375000 0.11406250 0.05312500
1 0.93984375 0.37890625 0.08593750 0.03906250
1 0.45234375 0.22421875 0.07968750 0.08281250
1 0.97968750 0.58359375 0.04062500 0.04531250
1 0.76093750 0.89140625 0.10312500 0.05781250
1 0.27968750 0.04843750 0.04375000 0.09687500
1 0.50234375 0.78281250 0.10156250 0.04062500
1 0.62890625 0.77578125 0.11406250 0.04843750
1 0.70000000 0.71406250 0.10625000 0.04375000
1 0.85546875 0.50781250 0.04843750 0.04062500
1 0.72343750 0.64687500 0.08750000 0.04375000
1 0.41171875 0.43046875 0.10781250 0.04218750
1 0.97812500 0.63906250 0.04375000 0.05625000
1 0.87578125 0.64765625 0.09843750 0.04218750
