2 0.78750000 0.14062500 0.02500000 0.01875000
2 0.43750000 0.77343750 0.01875000 0.02812500
2 0.42812500 0.53515625 0.02500000 0.02031250
2 0.30390625 0.54375000 0.01718750 0.02812500
2 0.39453125 0.63750000 0.01406250 0.02500000
2 0.31250000 0.43203125 0.02187500 0.01406250
2 0.25468750 0.49765625 0.01875000 0.02343750
2 0.28359375 0.42265625 0.02031250 0.02656250
2 0.31328125 0.56015625 0.02031250 0.02343750
2 0.29843750 0.42343750 0.05000000 0.03125000
2 0.25312500 0.53281250 0.01875000 0.01562500
2 0.40000000 0.63828125 0.02500000 0.02656250
1 0.87734375 0.23046875 0.09843750 0.03593750
1 0.63203125 0.14609375 0.10156250 0.05781250
1 0.09531250 0.16875000 0.08750000 0.03437500
1 0.50625000 0.16640625 0.09687500 0.04218750
1 0.95937500 0.01250000 0.08125000 0.02500000
1 0.55625000 0.30546875 0.09687500 0.03906250
1 0.74296875 0.98359375 0.03906250 0.03281250
1 0.44453125 0.44609375 0.08593750 0.07968750
1 0.57734375 0.23984375 0.09843750 0.04218750
1 0.42031250 0.04921875 0.10000000 0.04218750
1 0.22734375 0.17187500 0.10156250 0.04062500
1 0.01250000 0.16640625 0.02500000 0.03906250
1 0.86171875 0.89765625 0.04218750 0.09843750
1 0.86484375 0.76640625 0.03906250 0.09843750
1 0.10468750 0.34765625 0.10000000 0.03906250
1 0.14687500 0.05156250 0.09062500 0.04375000
1 0.80703125 0.97109375 0.03906250 0.05781250
1 0.80781250 0.71718750 0.03437500 0.08437500
1 0.22500000 0.29218750 0.10000000 0.04062500
1 0.85781250 0.98750000 0.03750000 0.02500000
1 0.64296875 0.00625000 0.10156250 0.01250000
1 0.74531250 0.76640625 0.03750000 0.07968750
1 0.80546875 0.85937500 0.03906250 0.09687500
1 0.74843750 0.89843750 0.04062500 0.10000000
1 0.56093750 0.78671875 0.04375000 0.10468750
1 0.78437500 0.31093750 0.10625000 0.04687500
1 0.74921875 0.05703125 0.10468750 0.03593750
1 0.23125000 0.23437500 0.10625000 0.04062500
1 0.32109375 0.97734375 0.04218750 0.04531250
1 0.99531250 0.31718750 0.00937500 0.05625000
