1 0.68593750 0.01250000 0.02500000 0.02500000
1 0.70078125 0.37421875 0.06093750 0.09531250
1 0.06718750 0.20156250 0.09687500 0.04062500
1 0.89296875 0.95468750 0.03906250 0.08437500
1 0.88437500 0.71093750 0.04062500 0.10000000
1 0.01875000 0.31484375 0.03750000 0.03906250
1 0.35703125 0.98671875 0.03906250 0.02656250
1 0.25390625 0.25703125 0.10468750 0.03906250
1 0.36406250 0.79218750 0.06875000 0.09375000
1 0.83984375 0.96406250 0.04218750 0.07187500
1 0.76953125 0.64218750 0.04531250 0.09062500
1 0.88750000 0.83437500 0.03750000 0.09375000
1 0.19921875 0.19843750 0.10156250 0.04062500
1 0.09062500 0.25859375 0.10625000 0.04531250
1 0.04531250 0.48515625 0.03437500 0.02343750
1 0.95078125 0.57421875 0.04531250 0.09843750
1 0.83281250 0.80703125 0.04062500 0.09531250
1 0.77812500 0.83906250 0.04062500 0.09375000
1 0.78125000 0.99375000 0.03437500 0.01250000
1 0.56015625 0.56640625 0.07031250 0.09218750
1 0.57421875 0.78515625 0.04218750 0.09531250
1 0.07031250 0.06484375 0.10625000 0.04218750
1 0.58359375 0.18671875 0.08906250 0.08281250
1 0.26093750 0.46796875 0.05625000 0.01718750
1 0.83046875 0.68828125 0.03906250 0.09531250
0 0.16718750 0.32187500 0.25625000 0.06250000
