2 0.31953125 0.49140625 0.03906250 0.02968750
2 0.32187500 0.55859375 0.01875000 0.02343750
2 0.44375000 0.42109375 0.01562500 0.03906250
2 0.39531250 0.42343750 0.01875000 0.02812500
2 0.38906250 0.38906250 0.02500000 0.04687500
2 0.43203125 0.36718750 0.01406250 0.01562500
2 0.96562500 0.04687500 0.01562500 0.02187500
2 0.39687500 0.44609375 0.01875000 0.02031250
2 0.74453125 0.83750000 0.03906250 0.03125000
2 0.67421875 0.39687500 0.05468750 0.02187500
2 0.25156250 0.40625000 0.02187500 0.01562500
2 0.04453125 0.54140625 0.02656250 0.03593750
2 0.15937500 0.52968750 0.03125000 0.01562500
2 0.29375000 0.51796875 0.03125000 0.02343750
2 0.43593750 0.48125000 0.02187500 0.05937500
2 0.38671875 0.34687500 0.02031250 0.02812500
2 0.39687500 0.43437500 0.02187500 0.04375000
2 0.39453125 0.33984375 0.01718750 0.02656250
2 0.25234375 0.37968750 0.02343750 0.02187500
2 0.79375000 0.42656250 0.02812500 0.03750000
2 0.35156250 0.42812500 0.02812500 0.03437500
2 0.04375000 0.55078125 0.04062500 0.02343750
2 0.04375000 0.53125000 0.01562500 0.01562500
2 0.29609375 0.54062500 0.02031250 0.01875000
2 0.38750000 0.47500000 0.02812500 0.02812500
2 0.22421875 0.44843750 0.01718750 0.01875000
2 0.33203125 0.55703125 0.03593750 0.02343750
2 0.19609375 0.57578125 0.02968750 0.01718750
2 0.26640625 0.41796875 0.02031250 0.01718750
2 0.30781250 0.43437500 0.01562500 0.01875000
2 0.44375000 0.43046875 0.01562500 0.02031250
2 0.31015625 0.48750000 0.02031250 0.02187500
2 0.13437500 0.46953125 0.03125000 0.01718750
2 0.18359375 0.49531250 0.02656250 0.01562500
2 0.73671875 0.84218750 0.02343750 0.01562500
2 0.32109375 0.43984375 0.04218750 0.02656250
2 0.80703125 0.41640625 0.05156250 0.05781250
2 0.11718750 0.50625000 0.01250000 0.01250000
2 0.22500000 0.51796875 0.02812500 0.01718750
2 0.41796875 0.35468750 0.01718750 0.03437500
2 0.67734375 0.39687500 0.08593750 0.02500000
2 0.43359375 0.45859375 0.01406250 0.01718750
2 0.46796875 0.12500000 0.01718750 0.03125000
2 0.25937500 0.41250000 0.03437500 0.02812500
2 0.35078125 0.42343750 0.02343750 0.02187500
2 0.88203125 0.22812500 0.01093750 0.01250000
2 0.33203125 0.07812500 0.01093750 0.01250000
2 0.64140625 0.39609375 0.01406250 0.01718750
2 0.00781250 0.87031250 0.01562500 0.25937500
2 0.91796875 0.03750000 0.01406250 0.01562500
2 0.37031250 0.39687500 0.01875000 0.01875000
2 0.82109375 0.40000000 0.02343750 0.02500000
2 0.27265625 0.39296875 0.02968750 0.02343750
2 0.33984375 0.55468750 0.02031250 0.01875000
2 0.37421875 0.39765625 0.02656250 0.02343750
2 0.54375000 0.52578125 0.01562500 0.01718750
2 0.44296875 0.41015625 0.01406250 0.02031250
2 0.38984375 0.38593750 0.02656250 0.04687500
2 0.69062500 0.39531250 0.01562500 0.01875000
2 0.32968750 0.38125000 0.02187500 0.01562500
2 0.40781250 0.31015625 0.01562500 0.02343750
2 0.39296875 0.32031250 0.01406250 0.01875000
1 0.91328125 0.22578125 0.04218750 0.09843750
1 0.07890625 0.40859375 0.10468750 0.04843750
1 0.97031250 0.47343750 0.05937500 0.09375000
1 0.02031250 0.64453125 0.04062500 0.03906250
1 0.18515625 0.70859375 0.09843750 0.04218750
1 0.24062500 0.07656250 0.04062500 0.10000000
1 0.44453125 0.71718750 0.08593750 0.04062500
1 0.83750000 0.91250000 0.10000000 0.04062500
1 0.57500000 0.00937500 0.03750000 0.01875000
1 0.06328125 0.88593750 0.09843750 0.04062500
1 0.21718750 0.19609375 0.05000000 0.09843750
1 0.96875000 0.74140625 0.06250000 0.04218750
1 0.74843750 0.04296875 0.03750000 0.08593750
1 0.52578125 0.78046875 0.07968750 0.03906250
1 0.49921875 0.92421875 0.09843750 0.04218750
1 0.19609375 0.88281250 0.10468750 0.04062500
1 0.99453125 0.15703125 0.01093750 0.09843750
1 0.50546875 0.33671875 0.03906250 0.09218750
1 0.69375000 0.21875000 0.03750000 0.10312500
1 0.27031250 0.98828125 0.09062500 0.02343750
1 0.99375000 0.97656250 0.01250000 0.03750000
1 0.01015625 0.99296875 0.02031250 0.01406250
1 0.63125000 0.24453125 0.04062500 0.10156250
1 0.69843750 0.98125000 0.10000000 0.03750000
1 0.57265625 0.24375000 0.03906250 0.09375000
1 0.48906250 0.98515625 0.10000000 0.02968750
1 0.69609375 0.00546875 0.03281250 0.01093750
1 0.57343750 0.10546875 0.05000000 0.10781250
1 0.63750000 0.10156250 0.04062500 0.09375000
1 0.75390625 0.16406250 0.03906250 0.09687500
1 0.69375000 0.07578125 0.03750000 0.09218750
1 0.18750000 0.33203125 0.10312500 0.10781250
1 0.63593750 0.00546875 0.02812500 0.01093750
1 0.12656250 0.94218750 0.09375000 0.03750000
1 0.82265625 0.68750000 0.10156250 0.04375000
