1 0.03593750 0.80390625 0.07187500 0.03906250
1 0.95078125 0.36171875 0.09218750 0.08906250
1 0.44609375 0.91406250 0.10156250 0.03750000
1 0.88984375 0.90312500 0.09531250 0.04062500
1 0.01875000 0.98281250 0.03750000 0.03437500
1 0.96875000 0.95468750 0.06250000 0.04062500
1 0.63750000 0.96640625 0.09687500 0.03906250
1 0.03359375 0.93359375 0.06718750 0.03906250
1 0.27109375 0.98046875 0.09843750 0.03906250
1 0.29921875 0.92343750 0.09531250 0.03750000
1 0.14843750 0.92968750 0.10312500 0.04062500
1 0.72578125 0.73984375 0.09843750 0.04218750
1 0.40312500 0.74062500 0.09687500 0.04062500
1 0.84843750 0.43125000 0.10312500 0.05312500
1 0.86875000 0.95859375 0.09687500 0.03593750
1 0.57656250 0.91328125 0.10000000 0.03906250
1 0.48281250 0.97578125 0.09375000 0.03906250
1 0.71250000 0.90703125 0.10000000 0.03906250
2 0.03593750 0.52812500 0.05312500 0.02812500
2 0.00859375 0.46484375 0.01718750 0.08906250
2 0.80234375 0.52890625 0.03906250 0.02031250
2 0.03203125 0.52890625 0.06406250 0.03906250
2 0.23828125 0.49375000 0.02656250 0.02500000
2 0.79375000 0.53046875 0.02187500 0.01718750
