0 0.25859375 0.04140625 0.24218750 0.05468750
1 0.81953125 0.05000000 0.09218750 0.03750000
1 0.95000000 0.04921875 0.10000000 0.03906250
1 0.78203125 0.29140625 0.09843750 0.03593750
1 0.64062500 0.22500000 0.08125000 0.04062500
1 0.87734375 0.43281250 0.09843750 0.03750000
1 0.90625000 0.22968750 0.10000000 0.03750000
1 0.74921875 0.17031250 0.09843750 0.03750000
1 0.18750000 0.21093750 0.08750000 0.03750000
1 0.44765625 0.28515625 0.09531250 0.03906250
1 0.52500000 0.22343750 0.08125000 0.03125000
1 0.62031250 0.16640625 0.10312500 0.03593750
1 0.54218750 0.05156250 0.10000000 0.04062500
1 0.21953125 0.10156250 0.08593750 0.04375000
1 0.33906250 0.15859375 0.07500000 0.03593750
1 0.98984375 0.23203125 0.02031250 0.03593750
1 0.32578125 0.28203125 0.08593750 0.03906250
1 0.96562500 0.17421875 0.06875000 0.03593750
1 0.55625000 0.28437500 0.08750000 0.03750000
1 0.67031250 0.28984375 0.09062500 0.03906250
1 0.20625000 0.27500000 0.08750000 0.04062500
1 0.33906250 0.10156250 0.08437500 0.04375000
1 0.41406250 0.22265625 0.08125000 0.03593750
1 0.22265625 0.15625000 0.09531250 0.03750000
1 0.49296875 0.15781250 0.09531250 0.03750000
1 0.29296875 0.21562500 0.06718750 0.03437500
1 0.18046875 0.40156250 0.10468750 0.05000000
1 0.86328125 0.11406250 0.08281250 0.04375000
1 0.95546875 0.11328125 0.08906250 0.05156250
1 0.98359375 0.29375000 0.03281250 0.04062500
1 0.74296875 0.10703125 0.10156250 0.03593750
1 0.45859375 0.10312500 0.09218750 0.03750000
1 0.89609375 0.29453125 0.08281250 0.03906250
1 0.72265625 0.37031250 0.09218750 0.03437500
1 0.41875000 0.04921875 0.07500000 0.03906250
1 0.59765625 0.11015625 0.08906250 0.04218750
1 0.67812500 0.04921875 0.09687500 0.03906250
1 0.77578125 0.22421875 0.08906250 0.03906250
1 0.85703125 0.16953125 0.08906250 0.03906250
