2 0.99453125 0.56015625 0.01093750 0.02656250
2 0.92968750 0.50000000 0.01875000 0.02187500
2 0.99453125 0.39921875 0.01093750 0.01718750
2 0.53750000 0.64453125 0.02812500 0.01406250
1 0.36484375 0.98359375 0.08906250 0.03281250
1 0.03203125 0.44687500 0.05156250 0.09375000
1 0.05781250 0.19296875 0.03750000 0.06093750
1 0.77500000 0.98515625 0.09687500 0.02968750
1 0.00546875 0.45937500 0.01093750 0.07812500
1 0.11015625 0.21875000 0.04218750 0.08750000
1 0.30312500 0.77968750 0.09062500 0.04687500
1 0.31718750 0.45859375 0.04375000 0.09218750
1 0.01796875 0.25000000 0.03593750 0.06875000
1 0.35703125 0.92421875 0.08281250 0.04218750
1 0.73125000 0.66718750 0.08750000 0.04062500
1 0.12187500 0.46640625 0.04687500 0.07031250
1 0.05078125 0.80000000 0.09531250 0.03750000
1 0.59531250 0.92734375 0.08437500 0.03281250
1 0.71406250 0.92343750 0.09687500 0.04375000
1 0.48359375 0.92968750 0.09218750 0.03750000
1 0.63203125 0.98125000 0.08593750 0.03750000
1 0.55078125 0.40390625 0.04218750 0.09218750
1 0.15156250 0.93046875 0.09062500 0.03593750
1 0.57109375 0.70078125 0.07968750 0.03906250
1 0.49218750 0.98125000 0.08437500 0.03750000
1 0.20468750 0.64531250 0.09062500 0.03750000
