2 0.15781250 0.97500000 0.01250000 0.02500000
2 0.30546875 0.82109375 0.01718750 0.02031250
2 0.31250000 0.89531250 0.03750000 0.02812500
2 0.57734375 0.56796875 0.02031250 0.02031250
2 0.21015625 0.94765625 0.03281250 0.04218750
2 0.48593750 0.60781250 0.01875000 0.01562500
2 0.55859375 0.62187500 0.02968750 0.03125000
2 0.96093750 0.56718750 0.02187500 0.01562500
2 0.19062500 0.64921875 0.01562500 0.01718750
2 0.08984375 0.89375000 0.01718750 0.01562500
2 0.20859375 0.94062500 0.02343750 0.02812500
2 0.90000000 0.60625000 0.02187500 0.01562500
2 0.20546875 0.64765625 0.01718750 0.02031250
2 0.10468750 0.93125000 0.02500000 0.02812500
2 0.25000000 0.60156250 0.02812500 0.02187500
2 0.20078125 0.94843750 0.02656250 0.04375000
2 0.20546875 0.64687500 0.01718750 0.01875000
2 0.18750000 0.62109375 0.02500000 0.01718750
2 0.18750000 0.63046875 0.02812500 0.03593750
2 0.19843750 0.64843750 0.03125000 0.02187500
2 0.15781250 0.90468750 0.01875000 0.02812500
2 0.10078125 0.94687500 0.02656250 0.03437500
2 0.57500000 0.57656250 0.04375000 0.04687500
2 0.43906250 0.67031250 0.02500000 0.02187500
2 0.55625000 0.61953125 0.01875000 0.02031250
2 0.34218750 0.59531250 0.01562500 0.02187500
2 0.14296875 0.93281250 0.01406250 0.02500000
2 0.38437500 0.91718750 0.02187500 0.04062500
2 0.57578125 0.56406250 0.02656250 0.02812500
2 0.19687500 0.95781250 0.01875000 0.02187500
2 0.78828125 0.61015625 0.02343750 0.01718750
0 0.83828125 0.45546875 0.24218750 0.05781250
0 0.04531250 0.18593750 0.06875000 0.02812500
0 0.17500000 0.26250000 0.23750000 0.05937500
1 0.75546875 0.24843750 0.08906250 0.03750000
1 0.51171875 0.18750000 0.09218750 0.04062500
1 0.96015625 0.37031250 0.07968750 0.03437500
1 0.88281250 0.24765625 0.09062500 0.03593750
1 0.20468750 0.01875000 0.09062500 0.03750000
1 0.45156250 0.07890625 0.09687500 0.03906250
1 0.78593750 0.01171875 0.08125000 0.02343750
1 0.23046875 0.07343750 0.08281250 0.03750000
1 0.13281250 0.47656250 0.09687500 0.03750000
1 0.37031250 0.36718750 0.08750000 0.04062500
1 0.14062500 0.12968750 0.09062500 0.03750000
1 0.33906250 0.13515625 0.09062500 0.03906250
1 0.04218750 0.35546875 0.08437500 0.03906250
1 0.74531250 0.12890625 0.08437500 0.03593750
1 0.64609375 0.25156250 0.08906250 0.04375000
1 0.98046875 0.12109375 0.03906250 0.03906250
1 0.79531250 0.32734375 0.09062500 0.03906250
1 0.48281250 0.40859375 0.09062500 0.03906250
1 0.53750000 0.13046875 0.09062500 0.03906250
1 0.65625000 0.07343750 0.09062500 0.04062500
1 0.07265625 0.40859375 0.09218750 0.03593750
1 0.84375000 0.06250000 0.08437500 0.04062500
1 0.98828125 0.24140625 0.02343750 0.03593750
1 0.82500000 0.18437500 0.08750000 0.03750000
