1 0.94062500 0.08828125 0.10000000 0.03906250
1 0.65078125 0.15000000 0.11093750 0.03750000
1 0.21484375 0.08828125 0.07968750 0.03593750
1 0.96718750 0.03359375 0.06562500 0.03593750
1 0.76640625 0.34765625 0.10156250 0.03906250
1 0.80703125 0.08906250 0.08281250 0.03750000
1 0.44296875 0.43515625 0.08281250 0.04218750
1 0.35625000 0.02578125 0.09375000 0.03906250
1 0.39375000 0.27421875 0.08437500 0.03906250
1 0.46562500 0.14843750 0.09375000 0.03750000
1 0.06875000 0.28359375 0.09375000 0.04531250
1 0.91875000 0.27031250 0.09375000 0.03750000
1 0.86640625 0.03437500 0.08593750 0.03437500
1 0.20000000 0.20468750 0.09375000 0.03750000
1 0.83125000 0.46250000 0.07812500 0.03750000
1 0.33984375 0.15000000 0.08906250 0.03437500
1 0.34218750 0.20781250 0.09062500 0.03750000
1 0.43046875 0.08593750 0.07968750 0.03750000
1 0.86406250 0.40625000 0.09687500 0.03750000
1 0.32109375 0.09062500 0.08281250 0.04062500
1 0.21093750 0.14687500 0.08750000 0.03437500
1 0.84531250 0.14921875 0.09375000 0.03906250
1 0.69140625 0.09218750 0.09218750 0.04062500
1 0.68125000 0.26875000 0.09375000 0.03750000
1 0.42968750 0.35000000 0.10000000 0.03750000
1 0.20546875 0.03515625 0.08906250 0.03906250
1 0.55546875 0.26953125 0.09531250 0.03906250
1 0.55546875 0.08828125 0.09531250 0.03906250
1 0.60390625 0.02421875 0.09218750 0.03906250
1 0.62578125 0.40156250 0.07656250 0.03750000
1 0.75234375 0.03125000 0.09843750 0.03750000
1 0.46796875 0.02812500 0.09218750 0.04375000
1 0.98750000 0.27343750 0.02500000 0.03437500
1 0.81796875 0.27031250 0.10156250 0.04062500
