1 0.33125000 0.97500000 0.08437500 0.04062500
1 0.95234375 0.73984375 0.09531250 0.03906250
1 0.56328125 0.97812500 0.09218750 0.03750000
1 0.45156250 0.97812500 0.09687500 0.03750000
1 0.19218750 0.90312500 0.08750000 0.03750000
1 0.42734375 0.91640625 0.10156250 0.03593750
1 0.49843750 0.85234375 0.09375000 0.04218750
1 0.91171875 0.92265625 0.09843750 0.03906250
1 0.60703125 0.80000000 0.09531250 0.04062500
1 0.54687500 0.74375000 0.09687500 0.04062500
1 0.22109375 0.79375000 0.08906250 0.04062500
1 0.22578125 0.96796875 0.12343750 0.04218750
1 0.42500000 0.74218750 0.07500000 0.03750000
1 0.34296875 0.79296875 0.08593750 0.04218750
1 0.78750000 0.98281250 0.09687500 0.03437500
1 0.74765625 0.86171875 0.08906250 0.03906250
1 0.34062500 0.85312500 0.07812500 0.03750000
1 0.30546875 0.90781250 0.08593750 0.03437500
1 0.74921875 0.79921875 0.10156250 0.03906250
1 0.46250000 0.79531250 0.09375000 0.03750000
1 0.90312500 0.98437500 0.08750000 0.03125000
1 0.22578125 0.84921875 0.09531250 0.03906250
1 0.98671875 0.98203125 0.02656250 0.03593750
1 0.86875000 0.80468750 0.08750000 0.04062500
1 0.62421875 0.85859375 0.10156250 0.03906250
1 0.96640625 0.80468750 0.06718750 0.05312500
1 0.65156250 0.91953125 0.08437500 0.03906250
1 0.67500000 0.98125000 0.09375000 0.03750000
1 0.78046875 0.91718750 0.08906250 0.04062500
1 0.52968750 0.91640625 0.08750000 0.03281250
1 0.68281250 0.74140625 0.09687500 0.03906250
1 0.82500000 0.74062500 0.09375000 0.03437500
1 0.97109375 0.86718750 0.05781250 0.03750000
1 0.86328125 0.86250000 0.09531250 0.03750000
0 0.26250000 0.73359375 0.25000000 0.06093750
2 0.01562500 0.81328125 0.01562500 0.02656250
