1 0.45078125 0.28984375 0.09531250 0.03906250
1 0.22578125 0.16015625 0.09531250 0.03593750
1 0.75000000 0.17343750 0.09062500 0.04062500
1 0.95234375 0.05234375 0.09531250 0.03906250
1 0.78750000 0.29609375 0.09687500 0.03593750
1 0.91171875 0.23359375 0.09843750 0.03906250
1 0.19296875 0.21484375 0.08593750 0.03593750
1 0.53125000 0.22656250 0.08125000 0.03125000
1 0.62343750 0.17109375 0.10312500 0.03906250
1 0.54531250 0.05390625 0.09375000 0.03906250
1 0.22031250 0.10546875 0.08750000 0.04218750
1 0.34218750 0.16484375 0.07812500 0.03593750
1 0.99375000 0.23593750 0.01250000 0.03437500
1 0.33046875 0.28671875 0.08593750 0.03906250
1 0.82421875 0.05234375 0.09531250 0.03593750
1 0.97109375 0.17812500 0.05781250 0.03750000
1 0.67578125 0.29375000 0.09218750 0.03750000
1 0.21171875 0.27968750 0.09531250 0.03750000
1 0.41953125 0.22734375 0.08593750 0.03593750
1 0.49687500 0.16328125 0.09687500 0.03906250
1 0.86328125 0.17421875 0.09218750 0.03906250
1 0.30312500 0.21953125 0.08437500 0.03593750
1 0.90312500 0.29843750 0.08437500 0.03750000
1 0.34218750 0.10546875 0.08437500 0.04531250
1 0.20156250 0.51953125 0.07812500 0.03593750
1 0.98750000 0.29843750 0.02500000 0.04062500
1 0.74921875 0.11171875 0.10156250 0.03906250
1 0.46171875 0.10703125 0.09218750 0.03593750
1 0.96406250 0.11718750 0.07187500 0.05000000
1 0.42500000 0.05234375 0.07812500 0.03593750
1 0.56250000 0.28906250 0.09062500 0.03750000
1 0.64921875 0.22968750 0.08281250 0.04062500
1 0.70546875 0.48515625 0.08593750 0.03593750
1 0.60468750 0.11328125 0.09062500 0.04218750
1 0.78046875 0.22890625 0.08906250 0.04218750
1 0.68203125 0.05234375 0.09843750 0.03906250
1 0.86875000 0.11718750 0.08750000 0.04375000
0 0.25937500 0.04531250 0.24687500 0.05937500
