0 0.87265625 0.98281250 0.25468750 0.03437500
0 0.92109375 0.98671875 0.15781250 0.02656250
1 0.89609375 0.40000000 0.10468750 0.04687500
1 0.97656250 0.34765625 0.04687500 0.07031250
1 0.75468750 0.93203125 0.09375000 0.04218750
1 0.03046875 0.93515625 0.06093750 0.03906250
1 0.38906250 0.93359375 0.10000000 0.03906250
1 0.38671875 0.39296875 0.03906250 0.08906250
1 0.89453125 0.93281250 0.10468750 0.04375000
1 0.29062500 0.98828125 0.10625000 0.02343750
1 0.12968750 0.94062500 0.10312500 0.03750000
1 0.79218750 0.98359375 0.09375000 0.03281250
1 0.25390625 0.93906250 0.09843750 0.03750000
1 0.31328125 0.40937500 0.04531250 0.08750000
1 0.03593750 0.98671875 0.07187500 0.02656250
1 0.52343750 0.93359375 0.10312500 0.04218750
1 0.42656250 0.98671875 0.09687500 0.02656250
1 0.02812500 0.41406250 0.05625000 0.06562500
1 0.54531250 0.98593750 0.09687500 0.02812500
1 0.64296875 0.93281250 0.08281250 0.04062500
1 0.17500000 0.98671875 0.10625000 0.02656250
1 0.64531250 0.66406250 0.09062500 0.04375000
