1 0.88671875 0.20859375 0.09531250 0.03906250
1 0.74687500 0.21484375 0.08437500 0.03906250
1 0.04218750 0.29453125 0.08437500 0.04218750
1 0.83359375 0.39531250 0.06093750 0.03437500
1 0.98046875 0.20703125 0.03906250 0.03593750
1 0.26250000 0.34296875 0.09687500 0.03593750
1 0.32343750 0.28984375 0.09375000 0.04218750
1 0.85156250 0.39375000 0.09375000 0.03750000
1 0.59140625 0.27968750 0.09531250 0.03750000
1 0.49765625 0.22500000 0.09843750 0.04375000
1 0.11796875 0.23046875 0.10468750 0.03906250
1 0.97656250 0.39218750 0.04687500 0.03437500
1 0.55546875 0.34218750 0.08906250 0.04062500
1 0.05000000 0.35156250 0.10000000 0.04062500
1 0.28515625 0.40468750 0.09843750 0.04062500
1 0.18515625 0.28984375 0.09843750 0.04218750
1 0.84453125 0.50078125 0.06093750 0.02656250
1 0.72656250 0.27343750 0.09375000 0.03750000
1 0.15312500 0.34921875 0.08437500 0.03593750
1 0.38750000 0.22656250 0.10000000 0.04062500
1 0.97265625 0.26562500 0.05468750 0.03750000
1 0.46093750 0.28125000 0.09687500 0.03750000
1 0.43203125 0.34375000 0.09843750 0.03750000
1 0.71562500 0.39218750 0.06562500 0.03750000
1 0.71015625 0.34140625 0.05156250 0.03906250
1 0.61875000 0.21875000 0.09375000 0.03750000
1 0.12734375 0.40703125 0.10156250 0.03593750
1 0.97656250 0.32968750 0.04687500 0.03125000
1 0.87734375 0.26796875 0.09531250 0.03593750
