2 0.91171875 0.50312500 0.01718750 0.01250000
2 0.80781250 0.50468750 0.03125000 0.01875000
2 0.68671875 0.54453125 0.01718750 0.03593750
2 0.49531250 0.48671875 0.01562500 0.02656250
2 0.01328125 0.49296875 0.02656250 0.03281250
2 0.55078125 0.56796875 0.02343750 0.02343750
2 0.36015625 0.56015625 0.03281250 0.02031250
2 0.06484375 0.50312500 0.02343750 0.01562500
2 0.57500000 0.56171875 0.02187500 0.02031250
2 0.91093750 0.53046875 0.03125000 0.01406250
2 0.73359375 0.51718750 0.03281250 0.01562500
2 0.58281250 0.48125000 0.01875000 0.01562500
2 0.01250000 0.50000000 0.02500000 0.02187500
2 0.41250000 0.54531250 0.03750000 0.03125000
2 0.44531250 0.52421875 0.02187500 0.02031250
2 0.38281250 0.61093750 0.01562500 0.01875000
2 0.66875000 0.60312500 0.01562500 0.02812500
2 0.37890625 0.61484375 0.02656250 0.02656250
2 0.68515625 0.53828125 0.01406250 0.02343750
2 0.84453125 0.52187500 0.03906250 0.02187500
2 0.79843750 0.50625000 0.01875000 0.01562500
2 0.49140625 0.56328125 0.02031250 0.01718750
2 0.36640625 0.55937500 0.02031250 0.01250000
2 0.05078125 0.49453125 0.05156250 0.03281250
2 0.85234375 0.51875000 0.02656250 0.01562500
2 0.95703125 0.50390625 0.02968750 0.02031250
2 0.81328125 0.55468750 0.02968750 0.01875000
2 0.44609375 0.52031250 0.02031250 0.01562500
2 0.56250000 0.56484375 0.04687500 0.02656250
2 0.72812500 0.51718750 0.02187500 0.01562500
2 0.14375000 0.60625000 0.01875000 0.01250000
2 0.83593750 0.52578125 0.02187500 0.01406250
2 0.42031250 0.53984375 0.01875000 0.02031250
1 0.04375000 0.74921875 0.08750000 0.03906250
1 0.96562500 0.34218750 0.06875000 0.08437500
1 0.47265625 0.65859375 0.09843750 0.03906250
1 0.03515625 0.90000000 0.07031250 0.04062500
1 0.82343750 0.94531250 0.09375000 0.04062500
1 0.97031250 0.88359375 0.05937500 0.03906250
1 0.12500000 0.95703125 0.10937500 0.03906250
1 0.29140625 0.89765625 0.09531250 0.03906250
1 0.84296875 0.99140625 0.08906250 0.01718750
1 0.42656250 0.72578125 0.09687500 0.03906250
1 0.85390625 0.79843750 0.07968750 0.03750000
1 0.15859375 0.90078125 0.10468750 0.03906250
1 0.87500000 0.40625000 0.10312500 0.05000000
1 0.59062500 0.88984375 0.10312500 0.03906250
1 0.36093750 0.41640625 0.04375000 0.06718750
1 0.86015625 0.88593750 0.09843750 0.04062500
1 0.21171875 0.99609375 0.09218750 0.00781250
1 0.35234375 0.95312500 0.09531250 0.03750000
1 0.42265625 0.89062500 0.10156250 0.04062500
1 0.01484375 0.43125000 0.02968750 0.08437500
1 0.58203125 0.94687500 0.10156250 0.04062500
1 0.72656250 0.88593750 0.10312500 0.04062500
1 0.24765625 0.76875000 0.09843750 0.04062500
1 0.86875000 0.70312500 0.08750000 0.03750000
