1 0.03906250 0.17968750 0.07812500 0.03750000
1 0.82812500 0.28281250 0.09687500 0.03750000
1 0.34765625 0.47500000 0.10156250 0.04062500
1 0.61796875 0.28203125 0.09843750 0.03906250
1 0.94531250 0.28984375 0.09687500 0.03593750
1 0.53984375 0.43437500 0.09218750 0.04062500
1 0.06562500 0.35937500 0.08125000 0.03437500
1 0.31718750 0.07031250 0.08437500 0.04062500
1 0.51562500 0.21484375 0.09375000 0.03593750
1 0.38593750 0.37968750 0.09062500 0.03437500
1 0.81406250 0.39921875 0.10312500 0.04218750
1 0.17656250 0.41015625 0.09062500 0.03906250
1 0.39609375 0.16250000 0.08593750 0.03750000
1 0.15234375 0.14843750 0.07031250 0.03437500
1 0.82500000 0.10390625 0.09062500 0.03906250
1 0.92656250 0.22656250 0.09687500 0.03750000
1 0.80078125 0.04609375 0.09218750 0.03906250
1 0.04296875 0.09687500 0.08593750 0.03437500
1 0.55625000 0.10000000 0.09687500 0.03750000
1 0.87812500 0.16718750 0.08750000 0.04062500
1 0.71953125 0.28281250 0.08593750 0.03750000
1 0.22265625 0.95000000 0.12343750 0.10000000
0 0.13750000 0.02968750 0.23750000 0.05937500
2 0.39453125 0.59296875 0.01718750 0.01406250
2 0.33750000 0.57578125 0.02500000 0.02343750
2 0.09453125 0.54453125 0.01718750 0.01718750
2 0.98828125 0.61562500 0.02343750 0.01875000
2 0.29609375 0.92031250 0.02031250 0.03750000
2 0.34296875 0.56953125 0.01406250 0.01406250
2 0.16796875 0.55546875 0.01718750 0.01718750
2 0.66875000 0.55234375 0.02812500 0.02656250
2 0.49609375 0.55625000 0.01093750 0.01250000
