1 0.33750000 0.55937500 0.09375000 0.03750000
1 0.09687500 0.37031250 0.09375000 0.04062500
1 0.83515625 0.00546875 0.06718750 0.01093750
1 0.77578125 0.42343750 0.09843750 0.04062500
1 0.20312500 0.05156250 0.10312500 0.05312500
1 0.38671875 0.43203125 0.09218750 0.03906250
1 0.00468750 0.43671875 0.00937500 0.03593750
1 0.33828125 0.13828125 0.04531250 0.08906250
1 0.64296875 0.42500000 0.08906250 0.04062500
1 0.18359375 0.26015625 0.07968750 0.03906250
1 0.01640625 0.49140625 0.03281250 0.03593750
1 0.22578125 0.37421875 0.09843750 0.03281250
1 0.00625000 0.37578125 0.01250000 0.03593750
1 0.88125000 0.54218750 0.10000000 0.04062500
1 0.55000000 0.48281250 0.08125000 0.03750000
1 0.54843750 0.55078125 0.09062500 0.03593750
1 0.51093750 0.37343750 0.09375000 0.03750000
1 0.22343750 0.43203125 0.09687500 0.04218750
1 0.69921875 0.55156250 0.09843750 0.04062500
1 0.38593750 0.36796875 0.08437500 0.04218750
1 0.66562500 0.24609375 0.09062500 0.03593750
1 0.28515625 0.49609375 0.09531250 0.03593750
1 0.63593750 0.37265625 0.09687500 0.03593750
1 0.09296875 0.43828125 0.08906250 0.04218750
1 0.12421875 0.55781250 0.10781250 0.03750000
1 0.75859375 0.30625000 0.08906250 0.03750000
1 0.79140625 0.24218750 0.08906250 0.04062500
1 0.78750000 0.48203125 0.08437500 0.03593750
1 0.66562500 0.48437500 0.09375000 0.04687500
1 0.42265625 0.49062500 0.09218750 0.03750000
1 0.68906250 0.24609375 0.04375000 0.03593750
1 0.51796875 0.42812500 0.10468750 0.04062500
1 0.51796875 0.30625000 0.08593750 0.03437500
1 0.63750000 0.30625000 0.09062500 0.03437500
1 0.12109375 0.49531250 0.10781250 0.03750000
1 0.75859375 0.36406250 0.09218750 0.03750000
1 0.57109375 0.00312500 0.07968750 0.00625000
2 0.97109375 0.36718750 0.01406250 0.01562500
2 0.95234375 0.22578125 0.01718750 0.01093750
2 0.94062500 0.67187500 0.02187500 0.02187500
2 0.86093750 0.59609375 0.02500000 0.02968750
2 0.95859375 0.80703125 0.04218750 0.03593750
2 0.08203125 0.69921875 0.01718750 0.02031250
2 0.86953125 0.59453125 0.03906250 0.02656250
2 0.94453125 0.15937500 0.01406250 0.01875000
2 0.94687500 0.30468750 0.01250000 0.01562500
2 0.77656250 0.69921875 0.02500000 0.01718750
2 0.05312500 0.78984375 0.02500000 0.02968750
2 0.94453125 0.79609375 0.01406250 0.01406250
2 0.96640625 0.62265625 0.02968750 0.02031250
2 0.99062500 0.77187500 0.01875000 0.03750000
2 0.08671875 0.69921875 0.02656250 0.02031250
2 0.98750000 0.36875000 0.01562500 0.01562500
2 0.92265625 0.60234375 0.03281250 0.02343750
2 0.87968750 0.59609375 0.01875000 0.02031250
2 0.83203125 0.86015625 0.02656250 0.03281250
2 0.34375000 0.10312500 0.01562500 0.02187500
2 0.99218750 0.64296875 0.01562500 0.01718750
2 0.89609375 0.81562500 0.02031250 0.01875000
2 0.80859375 0.60937500 0.02031250 0.02187500
2 0.67343750 0.98593750 0.03125000 0.02812500
2 0.86562500 0.83359375 0.03437500 0.03593750
2 0.86328125 0.58906250 0.02656250 0.01875000
2 0.88906250 0.60234375 0.03125000 0.01718750
2 0.98046875 0.36796875 0.03281250 0.01718750
2 0.90000000 0.60468750 0.02500000 0.01562500
