2 0.95937500 0.60156250 0.03125000 0.01875000
2 0.81562500 0.58828125 0.02500000 0.02031250
2 0.96796875 0.18906250 0.01406250 0.02812500
2 0.94843750 0.68515625 0.01562500 0.02343750
2 0.96328125 0.62656250 0.02343750 0.01875000
2 0.71250000 0.58750000 0.02500000 0.01875000
2 0.98828125 0.66093750 0.02343750 0.02187500
2 0.81484375 0.61875000 0.02031250 0.01562500
2 0.75937500 0.58671875 0.02500000 0.02031250
2 0.93203125 0.67109375 0.02343750 0.02343750
2 0.92656250 0.64687500 0.02187500 0.01562500
2 0.79375000 0.60703125 0.01250000 0.01406250
2 0.85312500 0.60781250 0.03125000 0.01562500
2 0.99296875 0.62578125 0.01406250 0.02031250
2 0.78515625 0.60546875 0.02656250 0.01718750
2 0.94531250 0.18046875 0.01875000 0.01718750
2 0.77968750 0.60625000 0.01875000 0.01562500
0 0.31250000 0.47812500 0.25937500 0.05312500
1 0.78593750 0.24531250 0.09375000 0.03750000
1 0.65234375 0.23359375 0.09218750 0.03593750
1 0.78046875 0.02187500 0.08906250 0.04062500
1 0.11015625 0.40781250 0.09531250 0.03437500
1 0.75312500 0.42187500 0.10312500 0.04062500
1 0.40781250 0.28671875 0.08437500 0.03281250
1 0.36328125 0.35390625 0.09531250 0.03906250
1 0.02265625 0.46796875 0.04531250 0.03593750
1 0.10078125 0.22734375 0.09843750 0.03593750
1 0.53046875 0.47421875 0.08906250 0.03906250
1 0.11953125 0.47031250 0.10156250 0.03750000
1 0.28359375 0.28671875 0.09531250 0.03593750
1 0.37890625 0.41484375 0.09843750 0.03593750
1 0.51328125 0.23281250 0.08281250 0.03750000
1 0.14609375 0.28750000 0.09843750 0.03750000
1 0.24609375 0.35078125 0.10156250 0.03906250
1 0.24453125 0.41093750 0.09843750 0.03437500
1 0.61562500 0.35468750 0.10000000 0.04062500
1 0.77265625 0.47656250 0.09531250 0.03750000
1 0.07812500 0.34921875 0.10312500 0.03906250
1 0.51171875 0.41406250 0.09218750 0.03437500
1 0.79921875 0.30234375 0.09218750 0.03906250
1 0.65781250 0.47656250 0.08437500 0.03437500
1 0.63359375 0.41718750 0.09218750 0.03750000
1 0.49765625 0.35625000 0.09218750 0.03750000
1 0.44609375 0.53906250 0.09218750 0.03437500
1 0.03750000 0.01484375 0.07500000 0.02968750
1 0.53671875 0.29453125 0.08906250 0.03593750
1 0.66093750 0.30000000 0.09687500 0.03750000
1 0.75546875 0.36250000 0.08281250 0.03750000
