2 0.19375000 0.75625000 0.01875000 0.01562500
2 0.82421875 0.46171875 0.04218750 0.02968750
2 0.19375000 0.56015625 0.01562500 0.02343750
2 0.70546875 0.35781250 0.01406250 0.01562500
2 0.13125000 0.41718750 0.01875000 0.01250000
2 0.44140625 0.59843750 0.02656250 0.02187500
2 0.73359375 0.52031250 0.02031250 0.01562500
2 0.38281250 0.60000000 0.02187500 0.01562500
2 0.43828125 0.93125000 0.01718750 0.01562500
2 0.10000000 0.46406250 0.01875000 0.02500000
2 0.10625000 0.46953125 0.01250000 0.02031250
2 0.42187500 0.62421875 0.02187500 0.01718750
2 0.16093750 0.47265625 0.02500000 0.02656250
2 0.49531250 0.60156250 0.02500000 0.02500000
2 0.37656250 0.34375000 0.02500000 0.01562500
2 0.17500000 0.44453125 0.01250000 0.01406250
2 0.75859375 0.54687500 0.02656250 0.02812500
2 0.24296875 0.47343750 0.02343750 0.02812500
2 0.72656250 0.58515625 0.02812500 0.02031250
2 0.17343750 0.44843750 0.01562500 0.02187500
2 0.03125000 0.33125000 0.01250000 0.01562500
2 0.51953125 0.63828125 0.01718750 0.01718750
2 0.27187500 0.43437500 0.02812500 0.02500000
2 0.10390625 0.47500000 0.01718750 0.04062500
2 0.18906250 0.56015625 0.02500000 0.02343750
2 0.81250000 0.46406250 0.01875000 0.02500000
2 0.25390625 0.54609375 0.02968750 0.02031250
2 0.72031250 0.54218750 0.02812500 0.04062500
2 0.38515625 0.60390625 0.02968750 0.02031250
2 0.29765625 0.43281250 0.01406250 0.01250000
2 0.03984375 0.04531250 0.02031250 0.03437500
2 0.79062500 0.38203125 0.03437500 0.01718750
2 0.96640625 0.56875000 0.03281250 0.02812500
2 0.48828125 0.61875000 0.02343750 0.01562500
2 0.80468750 0.37734375 0.01250000 0.01406250
2 0.83203125 0.45937500 0.02656250 0.02500000
2 0.74140625 0.57031250 0.02968750 0.03125000
2 0.52968750 0.63750000 0.03437500 0.01875000
2 0.09843750 0.13984375 0.02500000 0.09218750
2 0.45703125 0.64375000 0.02968750 0.01875000
2 0.06015625 0.14687500 0.02031250 0.03750000
2 0.47187500 0.57578125 0.03437500 0.02656250
2 0.31718750 0.50546875 0.01250000 0.01406250
2 0.89218750 0.52968750 0.03125000 0.03437500
1 0.58203125 0.96796875 0.08593750 0.03593750
1 0.68906250 0.73359375 0.09062500 0.03593750
1 0.94531250 0.96328125 0.08437500 0.03593750
1 0.80390625 0.73203125 0.08281250 0.03593750
1 0.96250000 0.78984375 0.07500000 0.04218750
1 0.33046875 0.60234375 0.03281250 0.02656250
1 0.35078125 0.55468750 0.03593750 0.02187500
1 0.82578125 0.96406250 0.09531250 0.04687500
1 0.01718750 0.46640625 0.03437500 0.05468750
1 0.95000000 0.90625000 0.09062500 0.03437500
1 0.70625000 0.90156250 0.09375000 0.03750000
1 0.16875000 0.95156250 0.08750000 0.04375000
1 0.33828125 0.66718750 0.09218750 0.04062500
1 0.78984375 0.78906250 0.09218750 0.04375000
1 0.75312500 0.84609375 0.08750000 0.03906250
1 0.25390625 0.54687500 0.02968750 0.02187500
1 0.14609375 0.57812500 0.07031250 0.06562500
1 0.91250000 0.72734375 0.08750000 0.03593750
1 0.62109375 0.84453125 0.09531250 0.03906250
1 0.82734375 0.90546875 0.09531250 0.03906250
1 0.70781250 0.96484375 0.08437500 0.03281250
1 0.56406250 0.72656250 0.09687500 0.04062500
1 0.59062500 0.89609375 0.09062500 0.03593750
1 0.62343750 0.78750000 0.09062500 0.03750000
1 0.39765625 0.96640625 0.09218750 0.03906250
1 0.99296875 0.84765625 0.01406250 0.03593750
1 0.47187500 0.57578125 0.03437500 0.02656250
