2 0.39453125 0.56015625 0.02968750 0.02343750
2 0.31015625 0.45781250 0.02968750 0.04062500
2 0.19453125 0.36406250 0.02343750 0.03125000
2 0.79296875 0.26250000 0.01406250 0.01562500
2 0.27812500 0.35078125 0.02187500 0.02656250
2 0.22812500 0.38359375 0.02187500 0.02968750
2 0.28984375 0.52968750 0.02343750 0.02187500
2 0.31484375 0.44921875 0.02031250 0.02343750
2 0.22265625 0.38671875 0.03281250 0.03593750
2 0.40625000 0.48203125 0.02187500 0.01406250
2 0.39453125 0.56875000 0.02968750 0.04062500
2 0.76875000 0.28046875 0.01875000 0.01406250
1 0.94375000 0.38828125 0.08750000 0.03906250
1 0.68750000 0.27656250 0.09687500 0.04375000
1 0.96796875 0.27109375 0.05468750 0.02968750
1 0.74765625 0.78046875 0.10156250 0.03906250
1 0.85859375 0.95390625 0.10156250 0.03906250
1 0.81171875 0.40078125 0.11718750 0.04843750
1 0.45546875 0.92578125 0.10468750 0.04531250
1 0.67343750 0.39609375 0.09687500 0.03593750
1 0.90781250 0.77109375 0.11875000 0.04843750
1 0.54687500 0.40468750 0.10625000 0.04375000
1 0.01718750 0.98437500 0.03437500 0.03125000
1 0.06406250 0.02187500 0.05312500 0.04375000
1 0.97656250 0.70625000 0.04687500 0.04062500
1 0.98593750 0.58906250 0.02812500 0.04062500
1 0.61718750 0.78359375 0.10312500 0.04218750
1 0.08359375 0.92031250 0.10781250 0.04375000
1 0.28515625 0.21875000 0.04218750 0.09062500
1 0.42343750 0.38359375 0.11250000 0.05156250
1 0.44453125 0.72890625 0.10781250 0.04218750
1 0.97500000 0.42265625 0.05000000 0.02968750
1 0.86093750 0.51171875 0.05000000 0.02968750
1 0.27890625 0.58984375 0.09843750 0.04843750
1 0.17734375 0.16406250 0.04218750 0.10312500
1 0.09765625 0.46171875 0.07031250 0.09843750
1 0.45781250 0.23281250 0.08125000 0.08125000
1 0.97890625 0.46171875 0.04218750 0.02656250
1 0.83281250 0.88359375 0.10312500 0.04218750
1 0.43828125 0.61406250 0.09843750 0.04062500
1 0.48437500 0.78984375 0.10000000 0.04218750
1 0.57656250 0.72031250 0.09687500 0.04062500
1 0.18437500 0.98359375 0.10000000 0.03281250
1 0.71718750 0.60078125 0.10000000 0.04218750
