0 0.91875000 0.32500000 0.16250000 0.05625000
1 0.28750000 0.33046875 0.10000000 0.03906250
1 0.63671875 0.26171875 0.07968750 0.03906250
1 0.88984375 0.25781250 0.10468750 0.04375000
1 0.02734375 0.27421875 0.05468750 0.03906250
1 0.42187500 0.32500000 0.10000000 0.04062500
1 0.89453125 0.37890625 0.09218750 0.03906250
1 0.52031250 0.26406250 0.10000000 0.04375000
1 0.43281250 0.20390625 0.10312500 0.03906250
1 0.03671875 0.32968750 0.07343750 0.03750000
1 0.17109375 0.21484375 0.10156250 0.03906250
1 0.98671875 0.38828125 0.02656250 0.03593750
1 0.67421875 0.32968750 0.09218750 0.03750000
1 0.30312500 0.21250000 0.09375000 0.03750000
1 0.12265625 0.07031250 0.11093750 0.05312500
1 0.16953125 0.33046875 0.10781250 0.03906250
1 0.74921875 0.25859375 0.09531250 0.04218750
1 0.38281250 0.26718750 0.10000000 0.04062500
1 0.66328125 0.06953125 0.08906250 0.04218750
1 0.12265625 0.27734375 0.10156250 0.03906250
1 0.98906250 0.49453125 0.02187500 0.01718750
1 0.97343750 0.19921875 0.05312500 0.03906250
1 0.53984375 0.32187500 0.09531250 0.04062500
1 0.57187500 0.20546875 0.10000000 0.03906250
1 0.73437500 0.20156250 0.10312500 0.04062500
1 0.86640625 0.20156250 0.09843750 0.04062500
1 0.24843750 0.27343750 0.09687500 0.03750000
1 0.78593750 0.31328125 0.09375000 0.03906250
