2 0.53828125 0.66328125 0.02656250 0.02031250
2 0.77968750 0.39140625 0.01562500 0.02968750
2 0.82343750 0.52187500 0.01875000 0.01562500
2 0.32031250 0.50312500 0.01875000 0.01875000
2 0.06093750 0.53046875 0.01875000 0.01406250
2 0.66875000 0.56718750 0.01250000 0.03437500
2 0.05703125 0.49375000 0.01406250 0.01875000
2 0.85625000 0.57734375 0.01562500 0.02656250
2 0.65625000 0.62578125 0.01562500 0.02343750
2 0.32734375 0.48906250 0.02343750 0.01875000
2 0.24687500 0.61406250 0.04687500 0.03125000
2 0.81953125 0.52187500 0.02968750 0.01562500
2 0.01015625 0.52343750 0.02031250 0.02812500
2 0.24921875 0.60781250 0.02968750 0.01875000
2 0.32500000 0.49687500 0.02812500 0.03125000
2 0.89218750 0.52187500 0.00937500 0.00937500
2 0.53359375 0.66250000 0.01718750 0.01875000
2 0.54296875 0.66250000 0.03593750 0.02187500
2 0.13828125 0.63203125 0.02343750 0.01406250
2 0.70859375 0.56093750 0.03281250 0.01875000
1 0.45468750 0.96796875 0.09687500 0.03906250
1 0.61093750 0.90625000 0.09687500 0.03750000
1 0.88281250 0.89531250 0.09687500 0.04062500
1 0.36875000 0.91406250 0.10312500 0.04062500
1 0.03984375 0.97968750 0.07968750 0.04062500
1 0.31640625 0.97812500 0.09218750 0.04375000
1 0.17968750 0.97578125 0.10312500 0.04218750
1 0.08359375 0.91953125 0.10468750 0.03906250
1 0.85546875 0.42656250 0.10468750 0.04687500
1 0.97187500 0.95078125 0.05625000 0.03906250
1 0.97890625 0.89218750 0.04218750 0.03750000
1 0.87578125 0.95390625 0.09843750 0.03906250
1 0.72265625 0.95937500 0.09531250 0.03750000
1 0.49531250 0.91093750 0.09062500 0.04375000
1 0.74296875 0.90078125 0.08593750 0.03906250
1 0.58359375 0.96718750 0.09218750 0.03750000
1 0.95078125 0.36328125 0.07968750 0.07968750
