1 0.65781250 0.72187500 0.08437500 0.03750000
1 0.15625000 0.55156250 0.08750000 0.06250000
1 0.86015625 0.96718750 0.08593750 0.03750000
1 0.96093750 0.77578125 0.07812500 0.03906250
1 0.01796875 0.88046875 0.03593750 0.03281250
1 0.60390625 0.96171875 0.10156250 0.03906250
1 0.38984375 0.90234375 0.08593750 0.03593750
1 0.45156250 0.84375000 0.09687500 0.03750000
1 0.43906250 0.72500000 0.05937500 0.03750000
1 0.26093750 0.71953125 0.08750000 0.03593750
1 0.73515625 0.84296875 0.08281250 0.03593750
1 0.40859375 0.63828125 0.09218750 0.04531250
1 0.77109375 0.66015625 0.08906250 0.03906250
1 0.96875000 0.96171875 0.06250000 0.03906250
1 0.86093750 0.72500000 0.08437500 0.03437500
1 0.60312500 0.77578125 0.08750000 0.03906250
1 0.74062500 0.96328125 0.09687500 0.03906250
1 0.74218750 0.90312500 0.08437500 0.03750000
1 0.99062500 0.83750000 0.01875000 0.03750000
2 0.06250000 0.41171875 0.02500000 0.02031250
2 0.68750000 0.33203125 0.01562500 0.01718750
2 0.22890625 0.50781250 0.01718750 0.01875000
2 0.17265625 0.44765625 0.01718750 0.02343750
2 0.93671875 0.58828125 0.02656250 0.02968750
2 0.18281250 0.28593750 0.01875000 0.02500000
2 0.73359375 0.25937500 0.01718750 0.02500000
2 0.16328125 0.32500000 0.01718750 0.01875000
2 0.01562500 0.30546875 0.02187500 0.02343750
2 0.93671875 0.58281250 0.02656250 0.01875000
2 0.05546875 0.14218750 0.02031250 0.04062500
2 0.03671875 0.04062500 0.02656250 0.03437500
2 0.02656250 0.33671875 0.02500000 0.02656250
2 0.00468750 0.11328125 0.00937500 0.02343750
2 0.79140625 0.36796875 0.01718750 0.01718750
2 0.47343750 0.56718750 0.03125000 0.01875000
2 0.20000000 0.31093750 0.02812500 0.02500000
2 0.95859375 0.53593750 0.01093750 0.02187500
2 0.13671875 0.45781250 0.02343750 0.02812500
2 0.70625000 0.38671875 0.01562500 0.02968750
