1 0.75312500 0.04531250 0.04375000 0.09062500
1 0.63906250 0.10546875 0.03750000 0.09218750
1 0.08437500 0.41093750 0.10312500 0.04687500
1 0.69921875 0.00859375 0.04531250 0.01718750
1 0.69609375 0.22343750 0.03906250 0.10312500
1 0.24687500 0.08281250 0.03750000 0.09687500
1 0.57578125 0.24921875 0.04218750 0.09531250
1 0.57968750 0.01250000 0.03750000 0.02500000
1 0.21484375 0.20078125 0.05156250 0.09843750
1 0.95468750 0.74609375 0.09062500 0.04218750
1 0.40156250 0.92890625 0.09375000 0.03906250
1 0.06562500 0.94218750 0.08125000 0.03750000
1 0.33281250 0.76406250 0.09375000 0.03750000
1 0.20156250 0.88281250 0.10312500 0.04062500
1 0.63437500 0.25000000 0.04062500 0.10000000
1 0.07031250 0.88593750 0.09687500 0.04062500
1 0.69609375 0.08203125 0.03906250 0.08906250
1 0.99531250 0.16328125 0.00937500 0.09843750
1 0.46562500 0.49921875 0.06875000 0.09218750
1 0.57578125 0.10859375 0.04843750 0.10468750
1 0.63984375 0.00703125 0.03906250 0.01406250
1 0.10234375 0.98750000 0.08593750 0.02500000
1 0.18515625 0.34687500 0.08593750 0.08437500
1 0.75625000 0.16953125 0.03750000 0.09531250
0 0.86718750 0.67656250 0.25000000 0.05937500
0 0.32031250 0.98671875 0.25000000 0.02656250
2 0.42890625 0.11484375 0.02656250 0.02031250
2 0.90703125 0.20078125 0.01406250 0.02343750
2 0.67656250 0.51953125 0.02500000 0.01718750
2 0.32187500 0.56640625 0.01875000 0.01718750
2 0.83906250 0.42734375 0.03750000 0.03281250
2 0.70000000 0.54140625 0.01875000 0.01406250
2 0.92812500 0.53125000 0.02500000 0.01875000
2 0.55625000 0.39375000 0.01875000 0.01562500
2 0.91015625 0.19218750 0.02031250 0.03437500
2 0.84765625 0.42109375 0.02031250 0.02031250
2 0.88750000 0.45468750 0.01562500 0.01562500
2 0.39531250 0.07734375 0.05625000 0.08281250
2 0.92578125 0.52265625 0.02968750 0.04218750
2 0.41328125 0.46171875 0.02656250 0.02031250
2 0.35000000 0.38671875 0.04687500 0.02343750
2 0.40468750 0.44687500 0.02187500 0.02500000
2 0.31171875 0.55156250 0.01718750 0.01562500
2 0.40468750 0.31875000 0.03437500 0.03750000
2 0.31015625 0.49296875 0.01718750 0.01406250
2 0.77187500 0.44687500 0.01562500 0.02500000
2 0.86718750 0.60546875 0.01875000 0.01718750
2 0.61953125 0.45468750 0.03593750 0.01562500
2 0.46562500 0.13125000 0.02187500 0.03437500
2 0.90937500 0.19375000 0.02187500 0.03750000
2 0.88828125 0.56015625 0.02656250 0.02968750
2 0.12109375 0.50781250 0.01093750 0.01250000
2 0.86328125 0.60546875 0.02656250 0.02031250
2 0.33203125 0.38281250 0.01718750 0.01562500
2 0.35156250 0.48750000 0.03750000 0.03125000
2 0.97968750 0.55546875 0.03750000 0.02656250
2 0.88125000 0.23046875 0.01250000 0.01406250
2 0.96250000 0.56640625 0.02500000 0.02343750
2 0.91171875 0.18359375 0.01718750 0.01718750
2 0.92265625 0.53750000 0.03593750 0.03125000
2 0.89453125 0.56171875 0.01406250 0.02031250
2 0.68437500 0.54218750 0.02187500 0.01875000
2 0.72968750 0.56250000 0.03437500 0.01875000
2 0.38046875 0.40390625 0.02343750 0.02656250
2 0.43281250 0.36093750 0.02812500 0.03125000
2 0.40703125 0.58984375 0.02031250 0.02031250
2 0.26171875 0.49062500 0.02343750 0.01562500
2 0.51015625 0.43203125 0.03281250 0.01718750
2 0.36093750 0.42968750 0.02812500 0.03125000
2 0.74531250 0.59218750 0.01875000 0.02500000
2 0.51718750 0.43203125 0.01875000 0.01406250
2 0.81250000 0.49062500 0.04687500 0.02187500
2 0.34375000 0.48046875 0.02187500 0.01406250
2 0.67343750 0.49687500 0.02500000 0.01875000
2 0.74765625 0.89218750 0.03906250 0.13750000
2 0.80000000 0.49062500 0.01875000 0.01875000
2 0.23593750 0.43906250 0.01875000 0.01875000
2 0.89765625 0.20546875 0.04531250 0.06093750
2 0.00625000 0.38203125 0.01250000 0.03281250
2 0.87265625 0.45703125 0.02343750 0.02031250
2 0.66875000 0.51875000 0.03750000 0.01562500
2 0.87734375 0.45703125 0.03281250 0.02343750
2 0.73515625 0.46406250 0.02656250 0.02187500
2 0.72187500 0.56328125 0.01875000 0.01718750
2 0.50703125 0.41250000 0.02031250 0.02812500
2 0.92656250 0.51093750 0.02812500 0.01875000
2 0.69062500 0.54140625 0.03437500 0.01718750
2 0.95312500 0.57968750 0.03125000 0.03750000
2 0.75703125 0.58828125 0.03906250 0.02968750
2 0.96718750 0.05390625 0.01250000 0.01718750
2 0.41171875 0.31250000 0.02656250 0.02500000
2 0.46250000 0.58515625 0.02812500 0.02031250
2 0.18281250 0.43203125 0.01875000 0.01406250
2 0.73046875 0.46406250 0.01718750 0.01875000
2 0.73593750 0.54609375 0.03437500 0.03281250
2 0.34296875 0.62343750 0.02656250 0.02187500
2 0.51015625 0.41875000 0.03281250 0.04062500
2 0.73984375 0.53750000 0.02656250 0.01875000
2 0.46953125 0.13281250 0.01406250 0.03125000
2 0.39921875 0.32968750 0.02343750 0.03125000
2 0.98203125 0.55156250 0.02968750 0.01875000
2 0.43593750 0.36875000 0.01875000 0.01875000
2 0.82265625 0.48984375 0.02656250 0.01718750
2 0.76093750 0.58515625 0.03125000 0.02343750
