2 0.90234375 0.29062500 0.02031250 0.02187500
2 0.34218750 0.46953125 0.02812500 0.03593750
2 0.82187500 0.30000000 0.01562500 0.01875000
2 0.36875000 0.40234375 0.01250000 0.01093750
2 0.99531250 0.30546875 0.00937500 0.02031250
2 0.84375000 0.28671875 0.01562500 0.02031250
2 0.85703125 0.45781250 0.01718750 0.01562500
2 0.35937500 0.46406250 0.02812500 0.02500000
2 0.14296875 0.65937500 0.02031250 0.03437500
2 0.36328125 0.40390625 0.02343750 0.01406250
2 0.56953125 0.45937500 0.01718750 0.02500000
2 0.89453125 0.53125000 0.02031250 0.03750000
2 0.01250000 0.82500000 0.02500000 0.02500000
2 0.29296875 0.46328125 0.02343750 0.02656250
2 0.62656250 0.54296875 0.02500000 0.02968750
2 0.98671875 0.33437500 0.02031250 0.02187500
2 0.25468750 0.50859375 0.01875000 0.03593750
2 0.61718750 0.55937500 0.03125000 0.04687500
2 0.01953125 0.82500000 0.03906250 0.02812500
2 0.30390625 0.46093750 0.04218750 0.02812500
2 0.35625000 0.46250000 0.01875000 0.02187500
2 0.10468750 0.77343750 0.01562500 0.01250000
2 0.23281250 0.50546875 0.01875000 0.03593750
2 0.82421875 0.89687500 0.02031250 0.01875000
2 0.31640625 0.47578125 0.02656250 0.02968750
2 0.10234375 0.77890625 0.02031250 0.02343750
2 0.31093750 0.47031250 0.05000000 0.04375000
2 0.91796875 0.53593750 0.02656250 0.02812500
2 0.67031250 0.29296875 0.02187500 0.01718750
2 0.89453125 0.29296875 0.03593750 0.02656250
2 0.88750000 0.29609375 0.02187500 0.02031250
2 0.32812500 0.45781250 0.02500000 0.02187500
2 0.61171875 0.55859375 0.04531250 0.04843750
2 0.36953125 0.46640625 0.01093750 0.01406250
2 0.63203125 0.54062500 0.05468750 0.04062500
2 0.33906250 0.47031250 0.06875000 0.04062500
2 0.34218750 0.66796875 0.01250000 0.01093750
2 0.09921875 0.23203125 0.01406250 0.01406250
2 0.61640625 0.57109375 0.02031250 0.02343750
2 0.64765625 0.53906250 0.02343750 0.03437500
2 0.24375000 0.50703125 0.04062500 0.03906250
2 0.33203125 0.11718750 0.01718750 0.01562500
2 0.03281250 0.83046875 0.01250000 0.01406250
2 0.98828125 0.32031250 0.02343750 0.05000000
0 0.56562500 0.67734375 0.26562500 0.06093750
1 0.86171875 0.42343750 0.12031250 0.04687500
1 0.46406250 0.81171875 0.09687500 0.04218750
1 0.59687500 0.41875000 0.10625000 0.04375000
1 0.04140625 0.27343750 0.05156250 0.10312500
1 0.72109375 0.42890625 0.10781250 0.06093750
1 0.97500000 0.41484375 0.05000000 0.03906250
1 0.93359375 0.79609375 0.09531250 0.04218750
1 0.02734375 0.97968750 0.05468750 0.04062500
1 0.97734375 0.73593750 0.04531250 0.04062500
1 0.58125000 0.73437500 0.10000000 0.03750000
1 0.33828125 0.22500000 0.04218750 0.09375000
1 0.23125000 0.16796875 0.04375000 0.10468750
1 0.44921875 0.74296875 0.09531250 0.03906250
1 0.24765625 0.85625000 0.10156250 0.06562500
1 0.47109375 0.39453125 0.10781250 0.05468750
1 0.60156250 0.61875000 0.10000000 0.06250000
1 0.87812500 0.73125000 0.09375000 0.03750000
1 0.71406250 0.74218750 0.10312500 0.03750000
1 0.71015625 0.79765625 0.09843750 0.03906250
1 0.33750000 0.04843750 0.05312500 0.07812500
1 0.51093750 0.24375000 0.07812500 0.08125000
1 0.76484375 0.67421875 0.06718750 0.04843750
1 0.73984375 0.29609375 0.09531250 0.04218750
