1 0.91406250 0.10390625 0.09375000 0.03906250
1 0.43906250 0.41328125 0.08750000 0.03906250
1 0.55156250 0.21875000 0.09062500 0.03437500
1 0.76796875 0.10781250 0.08906250 0.03750000
1 0.10625000 0.27890625 0.08437500 0.03593750
1 0.28984375 0.04609375 0.08906250 0.03593750
1 0.41171875 0.27656250 0.09218750 0.04687500
1 0.90703125 0.28359375 0.08906250 0.03906250
1 0.62656250 0.16171875 0.10000000 0.04531250
1 0.33359375 0.15781250 0.08281250 0.03750000
1 0.32968750 0.10078125 0.08125000 0.04218750
1 0.20625000 0.10000000 0.08750000 0.03750000
1 0.95859375 0.36015625 0.08281250 0.03593750
1 0.32656250 0.47265625 0.09062500 0.04531250
1 0.90234375 0.05078125 0.09218750 0.03593750
1 0.48828125 0.09921875 0.09843750 0.03906250
1 0.42656250 0.21796875 0.09687500 0.03906250
1 0.98750000 0.04218750 0.02500000 0.03437500
1 0.24765625 0.27968750 0.08593750 0.03437500
1 0.30703125 0.21328125 0.09218750 0.03906250
1 0.76484375 0.28281250 0.09843750 0.04375000
1 0.22187500 0.15703125 0.09375000 0.03906250
1 0.19218750 0.20859375 0.09062500 0.03593750
1 0.04296875 0.48046875 0.08593750 0.04218750
1 0.96093750 0.41796875 0.07812500 0.04843750
1 0.90859375 0.16171875 0.07656250 0.03281250
1 0.65078125 0.28515625 0.09843750 0.03593750
1 0.54687500 0.27812500 0.08437500 0.03437500
1 0.40468750 0.04375000 0.08125000 0.03437500
1 0.98828125 0.10546875 0.02343750 0.03906250
1 0.65781250 0.42265625 0.09062500 0.03281250
1 0.45625000 0.15937500 0.08750000 0.03437500
1 0.40546875 0.35625000 0.08906250 0.03750000
1 0.16484375 0.03984375 0.09843750 0.03906250
1 0.60000000 0.48281250 0.09687500 0.03437500
1 0.67187500 0.35781250 0.09375000 0.03750000
1 0.63906250 0.10312500 0.09687500 0.03750000
1 0.67265625 0.21796875 0.09218750 0.03906250
1 0.51171875 0.04062500 0.08906250 0.03750000
1 0.97734375 0.27968750 0.04531250 0.03437500
1 0.92109375 0.21875000 0.09843750 0.03750000
0 0.70546875 0.03828125 0.25781250 0.05156250
