1 0.86718750 0.20000000 0.09687500 0.04062500
1 0.73515625 0.20156250 0.10156250 0.04062500
1 0.28828125 0.33046875 0.10468750 0.03906250
1 0.02890625 0.27421875 0.05781250 0.03906250
1 0.12578125 0.27734375 0.10156250 0.03906250
1 0.52187500 0.26328125 0.10000000 0.04218750
1 0.17265625 0.21484375 0.10156250 0.03906250
1 0.04140625 0.32890625 0.08281250 0.03593750
1 0.03828125 0.21484375 0.07656250 0.03906250
1 0.92578125 0.48203125 0.03906250 0.01718750
1 0.42421875 0.32421875 0.09843750 0.03906250
1 0.30546875 0.21250000 0.09218750 0.03750000
1 0.43593750 0.20390625 0.10000000 0.03906250
1 0.75156250 0.25781250 0.09375000 0.04062500
1 0.17187500 0.32968750 0.10312500 0.03750000
1 0.38281250 0.03828125 0.09687500 0.04218750
1 0.97343750 0.19843750 0.05312500 0.03750000
1 0.54140625 0.32109375 0.09531250 0.03906250
1 0.38671875 0.26640625 0.09843750 0.03906250
1 0.59062500 0.20468750 0.10000000 0.04062500
1 0.67500000 0.32968750 0.09062500 0.04062500
1 0.63750000 0.26015625 0.08125000 0.03593750
1 0.25000000 0.27265625 0.09687500 0.03593750
1 0.79218750 0.31171875 0.09062500 0.03906250
