1 0.54531250 0.96640625 0.08437500 0.04218750
1 0.05468750 0.64453125 0.04375000 0.01718750
1 0.16328125 0.72656250 0.09843750 0.04062500
1 0.05703125 0.59921875 0.03593750 0.02031250
1 0.89765625 0.97109375 0.07031250 0.04218750
1 0.14531250 0.63515625 0.03750000 0.01718750
1 0.42500000 0.96484375 0.09687500 0.04531250
1 0.24687500 0.78593750 0.08750000 0.03750000
1 0.19062500 0.89609375 0.09062500 0.03593750
1 0.38281250 0.84687500 0.08437500 0.03750000
1 0.59921875 0.78906250 0.09843750 0.04062500
1 0.40312500 0.73046875 0.08125000 0.03593750
1 0.84062500 0.60156250 0.03750000 0.02187500
1 0.02109375 0.96406250 0.04218750 0.03750000
1 0.76250000 0.96796875 0.10000000 0.04531250
1 0.03984375 0.67578125 0.06718750 0.03593750
1 0.97343750 0.85234375 0.05312500 0.04531250
1 0.30546875 0.90156250 0.09218750 0.03750000
1 0.43281250 0.90546875 0.09375000 0.03906250
1 0.18203125 0.96796875 0.08281250 0.03593750
1 0.28828125 0.73359375 0.08906250 0.03593750
1 0.22812500 0.84453125 0.09375000 0.03906250
1 0.74843750 0.79218750 0.09687500 0.03437500
1 0.31093750 0.96718750 0.07812500 0.03750000
1 0.96328125 0.65546875 0.02968750 0.02031250
1 0.97734375 0.96718750 0.04531250 0.03437500
1 0.99531250 0.79140625 0.00937500 0.03281250
1 0.79843750 0.90546875 0.09687500 0.03906250
1 0.56875000 0.90625000 0.08750000 0.03437500
1 0.65000000 0.97343750 0.10000000 0.03750000
1 0.41718750 0.78906250 0.09062500 0.04062500
1 0.51562500 0.72734375 0.08750000 0.03593750
1 0.72265625 0.84687500 0.09218750 0.03437500
1 0.89296875 0.79531250 0.09218750 0.03750000
