2 0.21640625 0.58125000 0.01718750 0.01250000
2 0.91015625 0.51484375 0.02343750 0.02656250
2 0.99375000 0.39921875 0.01250000 0.02343750
2 0.81640625 0.67187500 0.02656250 0.03750000
2 0.95390625 0.89296875 0.03281250 0.01406250
2 0.96171875 0.89218750 0.01718750 0.01250000
2 0.41953125 0.46875000 0.01406250 0.01562500
2 0.91953125 0.51328125 0.04218750 0.02968750
2 0.81953125 0.66484375 0.01718750 0.02343750
2 0.41328125 0.46796875 0.02656250 0.01718750
2 0.08671875 0.55781250 0.02343750 0.01562500
2 0.03593750 0.99296875 0.02187500 0.01406250
2 0.92890625 0.51015625 0.02343750 0.02031250
2 0.94453125 0.89296875 0.01406250 0.01406250
2 0.93984375 0.99296875 0.01406250 0.01406250
2 0.46171875 0.59921875 0.02656250 0.01718750
1 0.01250000 0.26406250 0.02500000 0.06875000
1 0.75859375 0.98671875 0.08906250 0.02656250
1 0.79062500 0.92734375 0.08750000 0.03906250
1 0.33984375 0.70625000 0.07343750 0.06250000
1 0.10234375 0.23125000 0.04218750 0.08750000
1 0.01875000 0.78281250 0.03750000 0.03750000
1 0.15625000 0.94218750 0.08750000 0.03750000
1 0.51718750 0.98671875 0.08750000 0.02656250
1 0.63671875 0.98750000 0.08906250 0.02500000
1 0.31250000 0.46953125 0.04375000 0.08906250
1 0.11796875 0.48046875 0.04531250 0.07031250
1 0.02734375 0.46015625 0.05468750 0.09218750
1 0.54687500 0.41250000 0.04062500 0.09062500
1 0.66562500 0.93437500 0.09375000 0.03750000
1 0.21562500 0.21406250 0.04687500 0.08125000
1 0.37656250 0.98671875 0.09375000 0.02656250
1 0.69062500 0.93359375 0.04375000 0.03593750
1 0.17890625 0.99062500 0.08906250 0.01875000
