1 0.90468750 0.11796875 0.09062500 0.03593750
1 0.71250000 0.00625000 0.10000000 0.01250000
1 0.42968750 0.31875000 0.08125000 0.03750000
1 0.55000000 0.19843750 0.10937500 0.03750000
1 0.67187500 0.26093750 0.08437500 0.04062500
1 0.94921875 0.05937500 0.08593750 0.04375000
1 0.79843750 0.20234375 0.09687500 0.04218750
1 0.70937500 0.13359375 0.09062500 0.03281250
1 0.02500000 0.37109375 0.04687500 0.02968750
1 0.31562500 0.25234375 0.09062500 0.03593750
1 0.04218750 0.36796875 0.08125000 0.03593750
1 0.85078125 0.43671875 0.08906250 0.03593750
1 0.54296875 0.11796875 0.09218750 0.03593750
1 0.19687500 0.11171875 0.09375000 0.03593750
1 0.89296875 0.32578125 0.07968750 0.03281250
1 0.11406250 0.05859375 0.10000000 0.04218750
1 0.25859375 0.36718750 0.08593750 0.04375000
1 0.43593750 0.25234375 0.08437500 0.03906250
1 0.77500000 0.26562500 0.09062500 0.04062500
1 0.89062500 0.50234375 0.08437500 0.03906250
1 0.29453125 0.18359375 0.08906250 0.04843750
1 0.14218750 0.20468750 0.09062500 0.03750000
1 0.01718750 0.42812500 0.03437500 0.05937500
1 0.66250000 0.31718750 0.07812500 0.03437500
1 0.98828125 0.16015625 0.02343750 0.03593750
1 0.07031250 0.36875000 0.02812500 0.03750000
1 0.55156250 0.26171875 0.09375000 0.03593750
1 0.47578125 0.36875000 0.09531250 0.04687500
1 0.68046875 0.19843750 0.09218750 0.03750000
1 0.73906250 0.37812500 0.09375000 0.04062500
0 0.16250000 0.95000000 0.12500000 0.10000000
0 0.26328125 0.42265625 0.27343750 0.07968750
0 0.26093750 0.43828125 0.23437500 0.04843750
0 0.62890625 0.42578125 0.25468750 0.08593750
0 0.62031250 0.44375000 0.23750000 0.05625000
0 0.58281250 0.05078125 0.24062500 0.05781250
2 0.98437500 0.55078125 0.01562500 0.02656250
2 0.97265625 0.59531250 0.02343750 0.02812500
2 0.91250000 0.65703125 0.01562500 0.02031250
2 0.86796875 0.54375000 0.01718750 0.01250000
2 0.93125000 0.59531250 0.01250000 0.02187500
