1 0.67734375 0.16171875 0.09531250 0.03906250
1 0.97968750 0.10078125 0.04062500 0.03906250
1 0.95781250 0.48359375 0.08437500 0.03593750
1 0.48281250 0.10234375 0.09687500 0.03906250
1 0.85078125 0.04296875 0.09531250 0.03593750
1 0.62734375 0.36718750 0.07968750 0.04062500
1 0.03359375 0.48125000 0.06718750 0.03750000
1 0.23906250 0.09921875 0.09375000 0.03906250
1 0.24140625 0.41796875 0.09531250 0.03593750
1 0.20234375 0.04140625 0.09531250 0.03906250
1 0.35546875 0.28046875 0.08906250 0.03906250
1 0.25312500 0.27734375 0.10312500 0.04218750
1 0.87343750 0.27968750 0.09687500 0.04062500
1 0.61953125 0.03671875 0.08906250 0.04218750
1 0.16484375 0.36171875 0.10156250 0.05156250
1 0.13984375 0.15000000 0.07968750 0.03750000
1 0.04765625 0.20625000 0.08906250 0.03437500
1 0.78359375 0.10000000 0.09531250 0.03750000
1 0.99296875 0.41718750 0.01406250 0.03750000
1 0.49062500 0.28046875 0.07500000 0.04218750
1 0.96718750 0.28281250 0.06562500 0.03750000
1 0.88750000 0.36406250 0.10000000 0.04687500
1 0.41406250 0.15468750 0.09062500 0.04062500
1 0.41015625 0.04140625 0.09531250 0.03906250
1 0.62187500 0.28125000 0.09375000 0.03750000
1 0.70781250 0.42500000 0.10937500 0.04687500
1 0.86406250 0.16093750 0.07500000 0.04062500
1 0.74453125 0.27812500 0.09218750 0.03750000
