1 0.39140625 0.90937500 0.10468750 0.04062500
1 0.92578125 0.16484375 0.05156250 0.05468750
1 0.83828125 0.98359375 0.10468750 0.03281250
1 0.81562500 0.36093750 0.04687500 0.09687500
1 0.76406250 0.36250000 0.05312500 0.10000000
1 0.01640625 0.72578125 0.03281250 0.04218750
1 0.91328125 0.76406250 0.10468750 0.04062500
1 0.25234375 0.96484375 0.09843750 0.04531250
1 0.30000000 0.27734375 0.09687500 0.04218750
1 0.35546875 0.78281250 0.10156250 0.04062500
1 0.97109375 0.32109375 0.05781250 0.03906250
1 0.15859375 0.40390625 0.10468750 0.04531250
1 0.22421875 0.78515625 0.10468750 0.04218750
1 0.58359375 0.27734375 0.05781250 0.03593750
1 0.68203125 0.58984375 0.10781250 0.04531250
1 0.42343750 0.40234375 0.11562500 0.04843750
1 0.85390625 0.88359375 0.10781250 0.06093750
1 0.09453125 0.79062500 0.10781250 0.04375000
1 0.04921875 0.91250000 0.09843750 0.04375000
1 0.97968750 0.36484375 0.04062500 0.07968750
1 0.67031250 0.77343750 0.10937500 0.05000000
1 0.52421875 0.77187500 0.10156250 0.05000000
1 0.06953125 0.23046875 0.08281250 0.08281250
1 0.55625000 0.38984375 0.08750000 0.04218750
1 0.87812500 0.36406250 0.04687500 0.09687500
1 0.61171875 0.95859375 0.10156250 0.04843750
1 0.99609375 0.75546875 0.00781250 0.03593750
1 0.79453125 0.76484375 0.07968750 0.04218750
