2 0.88750000 0.27812500 0.01875000 0.01875000
2 0.40546875 0.57343750 0.03281250 0.03437500
2 0.60390625 0.52109375 0.01406250 0.01718750
2 0.88515625 0.27734375 0.01406250 0.01718750
2 0.26406250 0.06171875 0.02187500 0.02968750
2 0.98281250 0.45000000 0.02187500 0.01250000
2 0.34921875 0.51562500 0.02968750 0.03125000
2 0.16875000 0.05468750 0.01250000 0.01562500
2 0.74296875 0.34531250 0.01718750 0.02812500
2 0.96093750 0.48593750 0.02187500 0.01875000
2 0.33281250 0.45781250 0.01562500 0.01562500
2 0.80859375 0.28750000 0.02031250 0.01875000
2 0.00546875 0.38359375 0.01093750 0.06093750
2 0.24296875 0.45390625 0.01718750 0.02031250
2 0.88281250 0.41015625 0.01562500 0.03281250
2 0.28046875 0.46484375 0.01718750 0.02031250
2 0.58671875 0.55859375 0.02031250 0.01718750
2 0.42343750 0.53359375 0.02187500 0.02656250
2 0.32421875 0.04765625 0.03281250 0.06093750
2 0.60468750 0.53125000 0.02812500 0.04062500
2 0.66406250 0.58593750 0.02187500 0.05000000
2 0.26093750 0.12734375 0.01562500 0.03281250
2 0.39843750 0.43750000 0.02500000 0.02187500
2 0.02578125 0.52656250 0.02968750 0.02500000
2 0.32578125 0.45234375 0.02968750 0.02656250
2 0.92656250 0.53984375 0.02500000 0.01718750
2 0.82890625 0.27265625 0.01406250 0.02031250
2 0.43125000 0.53515625 0.03750000 0.03281250
2 0.29218750 0.46953125 0.01562500 0.01718750
2 0.96562500 0.54453125 0.03125000 0.01406250
2 0.67031250 0.60625000 0.01562500 0.01562500
2 0.31796875 0.35078125 0.01718750 0.02031250
2 0.33281250 0.56328125 0.04687500 0.02968750
2 0.35625000 0.41875000 0.01562500 0.04062500
2 0.22734375 0.45546875 0.02031250 0.02343750
2 0.34531250 0.56171875 0.01875000 0.02656250
2 0.99687500 0.44218750 0.00625000 0.01250000
2 0.28203125 0.38125000 0.01718750 0.01562500
2 0.28593750 0.46796875 0.02812500 0.02656250
2 0.33203125 0.45625000 0.01718750 0.01875000
2 0.26171875 0.15078125 0.01406250 0.02656250
2 0.31953125 0.44687500 0.02031250 0.01562500
2 0.70625000 0.48203125 0.01562500 0.01718750
2 0.65703125 0.28046875 0.01718750 0.01718750
2 0.34453125 0.55781250 0.01718750 0.01875000
2 0.39609375 0.57500000 0.01406250 0.03125000
2 0.24218750 0.45156250 0.01562500 0.01875000
2 0.23515625 0.45468750 0.02968750 0.02500000
2 0.87734375 0.28125000 0.03906250 0.02187500
2 0.99687500 0.66171875 0.00625000 0.02656250
2 0.44375000 0.54375000 0.01562500 0.01875000
2 0.73515625 0.34453125 0.03281250 0.02656250
2 0.98593750 0.47890625 0.02812500 0.02031250
2 0.73515625 0.56875000 0.02343750 0.01250000
2 0.60000000 0.55000000 0.02500000 0.04687500
2 0.31718750 0.55781250 0.01562500 0.01562500
2 0.35625000 0.42656250 0.01562500 0.02500000
2 0.38593750 0.49921875 0.02187500 0.02656250
2 0.99531250 0.25000000 0.00937500 0.01562500
2 0.30859375 0.01562500 0.01093750 0.01250000
2 0.41250000 0.57578125 0.02187500 0.02343750
2 0.08359375 0.23125000 0.01093750 0.01250000
2 0.60078125 0.54062500 0.02343750 0.02812500
2 0.39375000 0.17421875 0.01562500 0.02031250
2 0.72421875 0.50625000 0.02031250 0.01875000
2 0.31796875 0.56328125 0.02031250 0.02656250
2 0.47109375 0.82968750 0.01718750 0.01875000
2 0.88281250 0.36796875 0.01562500 0.02968750
2 0.33125000 0.03671875 0.01562500 0.02343750
2 0.43359375 0.01250000 0.01718750 0.02500000
2 0.99375000 0.50937500 0.01250000 0.01250000
1 0.51328125 0.79531250 0.09843750 0.04062500
1 0.58281250 0.41093750 0.10625000 0.04375000
1 0.98828125 0.28515625 0.02343750 0.02656250
1 0.78203125 0.78906250 0.10156250 0.04062500
1 0.93593750 0.78203125 0.11875000 0.04531250
1 0.86484375 0.66093750 0.03906250 0.05937500
1 0.40781250 0.61718750 0.08437500 0.04375000
1 0.15312500 0.16093750 0.04062500 0.10000000
1 0.97265625 0.72187500 0.05468750 0.04062500
1 0.64453125 0.79062500 0.10468750 0.04062500
1 0.29687500 0.85234375 0.09375000 0.07031250
1 0.32343750 0.22109375 0.04375000 0.09218750
1 0.43828125 0.73671875 0.09531250 0.03906250
1 0.82656250 0.98906250 0.10312500 0.02187500
1 0.75546875 0.66718750 0.06718750 0.03750000
1 0.46015625 0.39375000 0.10781250 0.05937500
1 0.21484375 0.16406250 0.04218750 0.10312500
1 0.12343750 0.40234375 0.05625000 0.09843750
1 0.84531250 0.41250000 0.11250000 0.05000000
1 0.70312500 0.73203125 0.10312500 0.03906250
1 0.96796875 0.40156250 0.06406250 0.03750000
1 0.86562500 0.71640625 0.09375000 0.04218750
1 0.32656250 0.05156250 0.02812500 0.05625000
1 0.57187500 0.72656250 0.10000000 0.03750000
1 0.49531250 0.23593750 0.07812500 0.08125000
1 0.89218750 0.52421875 0.04687500 0.03281250
1 0.60312500 0.90781250 0.10312500 0.04062500
1 0.72421875 0.28593750 0.09843750 0.04375000
0 0.89218750 0.66250000 0.09687500 0.06250000
0 0.04765625 0.53593750 0.09531250 0.25312500
0 0.40781250 0.61484375 0.08437500 0.05156250
0 0.04843750 0.58671875 0.09062500 0.15156250
0 0.45000000 0.41015625 0.12500000 0.09218750
0 0.55546875 0.66953125 0.26093750 0.06093750
0 0.00625000 0.38359375 0.01250000 0.06093750
0 0.99531250 0.66250000 0.00937500 0.02812500
