2 0.37421875 0.54453125 0.02343750 0.02343750
2 0.84375000 0.27031250 0.01875000 0.01875000
2 0.56718750 0.54765625 0.03125000 0.04531250
2 0.12734375 0.50156250 0.02031250 0.03125000
2 0.35859375 0.52968750 0.02968750 0.03750000
2 0.28750000 0.34609375 0.01562500 0.02656250
2 0.21953125 0.38125000 0.01718750 0.02500000
2 0.12890625 0.21640625 0.01093750 0.01406250
2 0.20234375 0.66796875 0.02031250 0.01718750
2 0.78593750 0.26484375 0.01875000 0.01718750
2 0.39921875 0.55703125 0.02031250 0.01718750
2 0.13281250 0.57343750 0.01250000 0.03125000
2 0.21640625 0.38593750 0.02343750 0.03437500
2 0.16093750 0.03984375 0.01562500 0.02656250
2 0.30156250 0.51015625 0.04687500 0.02031250
2 0.21640625 0.44453125 0.03281250 0.02031250
2 0.13046875 0.49609375 0.01406250 0.02031250
2 0.25546875 0.44375000 0.01718750 0.01250000
2 0.33750000 0.47421875 0.02500000 0.02343750
2 0.21796875 0.12265625 0.01406250 0.02343750
2 0.76328125 0.28281250 0.02031250 0.01562500
1 0.56328125 0.72109375 0.09843750 0.03906250
1 0.44062500 0.73046875 0.10625000 0.04218750
1 0.96171875 0.27734375 0.05468750 0.03281250
1 0.00859375 0.31953125 0.01718750 0.09531250
1 0.05156250 0.56328125 0.05937500 0.14218750
1 0.87421875 0.65156250 0.09843750 0.04687500
1 0.09531250 0.02421875 0.03750000 0.04843750
1 0.83125000 0.71562500 0.09375000 0.04062500
1 0.41328125 0.43671875 0.11093750 0.03906250
1 0.28046875 0.22187500 0.03906250 0.09062500
1 0.58750000 0.66484375 0.10000000 0.04218750
1 0.36093750 0.61640625 0.09375000 0.03593750
1 0.54296875 0.40625000 0.10468750 0.04375000
1 0.44453125 0.67187500 0.09218750 0.04375000
1 0.23906250 0.59296875 0.09062500 0.05781250
1 0.81250000 0.77656250 0.10000000 0.05312500
1 0.41718750 0.38906250 0.10937500 0.05312500
1 0.72109375 0.65468750 0.08906250 0.04375000
1 0.68203125 0.28046875 0.09531250 0.04218750
1 0.72109375 0.59687500 0.08281250 0.04687500
1 0.17265625 0.16875000 0.04218750 0.10312500
1 0.05468750 0.68906250 0.05937500 0.11562500
1 0.80390625 0.40234375 0.11406250 0.04843750
1 0.93750000 0.38984375 0.09375000 0.04218750
1 0.95625000 0.71171875 0.08750000 0.04531250
1 0.45234375 0.23593750 0.07968750 0.08125000
1 0.56484375 0.61015625 0.10156250 0.04218750
1 0.50234375 0.78984375 0.09843750 0.04218750
1 0.01875000 0.05000000 0.03750000 0.07812500
1 0.62812500 0.78359375 0.11250000 0.04843750
1 0.69765625 0.72187500 0.10468750 0.04062500
1 0.96796875 0.64921875 0.04218750 0.05156250
1 0.87109375 0.59062500 0.10781250 0.04687500
1 0.28125000 0.06250000 0.03750000 0.05625000
