2 0.99218750 0.39453125 0.00937500 0.01406250
2 0.70859375 0.49531250 0.02031250 0.01562500
2 0.99140625 0.59921875 0.01718750 0.02343750
2 0.86796875 0.46015625 0.01718750 0.02031250
2 0.98906250 0.47812500 0.02187500 0.03125000
2 0.13984375 0.62812500 0.02031250 0.01562500
2 0.87031250 0.47421875 0.01875000 0.04843750
2 0.14609375 0.60390625 0.02656250 0.02031250
2 0.87109375 0.48359375 0.01718750 0.02968750
1 0.84765625 0.62500000 0.08281250 0.04375000
1 0.52734375 0.93281250 0.08281250 0.03750000
1 0.63906250 0.75390625 0.09687500 0.03906250
1 0.02578125 0.45000000 0.05156250 0.09375000
1 0.98281250 0.68906250 0.03437500 0.04062500
1 0.50937500 0.70000000 0.09375000 0.03750000
1 0.96328125 0.74531250 0.07343750 0.04062500
1 0.38125000 0.98593750 0.09687500 0.02812500
1 0.00546875 0.72812500 0.01093750 0.03125000
1 0.88046875 0.85937500 0.08906250 0.03750000
1 0.31171875 0.46250000 0.04531250 0.09375000
1 0.02031250 0.93671875 0.04062500 0.04218750
1 0.11328125 0.47187500 0.04843750 0.07187500
1 0.01250000 0.25390625 0.02500000 0.06718750
1 0.93906250 0.80859375 0.09375000 0.03906250
1 0.26484375 0.98750000 0.08906250 0.02500000
1 0.51250000 0.98437500 0.09062500 0.03125000
1 0.66093750 0.93046875 0.08437500 0.03593750
1 0.23906250 0.93281250 0.10312500 0.03750000
1 0.33359375 0.79531250 0.09843750 0.03750000
1 0.54531250 0.40546875 0.04062500 0.09218750
1 0.75312500 0.98515625 0.09062500 0.02968750
1 0.68125000 0.81484375 0.08750000 0.03593750
1 0.19687500 0.29375000 0.08125000 0.07500000
1 0.09687500 0.73125000 0.08750000 0.04062500
1 0.05156250 0.80156250 0.09062500 0.03125000
1 0.02343750 0.98828125 0.04687500 0.02343750
1 0.78593750 0.92421875 0.08437500 0.04218750
1 0.39296875 0.93125000 0.09531250 0.03437500
1 0.48203125 0.81093750 0.09531250 0.03750000
1 0.09843750 0.21875000 0.04375000 0.08750000
1 0.63281250 0.98515625 0.09062500 0.02968750
1 0.11562500 0.93906250 0.09687500 0.03437500
1 0.26953125 0.68515625 0.09531250 0.03906250
1 0.13984375 0.98906250 0.09531250 0.02187500
1 0.78750000 0.74375000 0.09687500 0.04062500
