1 0.88046875 0.74296875 0.08906250 0.03593750
1 0.71093750 0.66640625 0.09687500 0.03906250
1 0.42812500 0.90859375 0.09687500 0.03906250
1 0.61875000 0.79375000 0.09687500 0.03750000
1 0.51640625 0.73125000 0.08593750 0.03437500
1 0.33593750 0.84687500 0.08437500 0.03437500
1 0.54296875 0.62187500 0.03906250 0.01875000
1 0.16562500 0.66953125 0.09375000 0.03906250
1 0.01484375 0.66640625 0.02968750 0.03281250
1 0.93984375 0.85703125 0.08906250 0.04218750
1 0.31093750 0.90312500 0.09375000 0.03750000
1 0.45781250 0.84921875 0.08750000 0.03593750
1 0.67500000 0.90781250 0.09687500 0.04062500
1 0.19375000 0.89921875 0.08750000 0.03593750
1 0.29296875 0.73593750 0.08906250 0.03750000
1 0.79453125 0.90781250 0.09843750 0.03750000
1 0.20625000 0.78828125 0.09062500 0.03593750
1 0.22500000 0.84609375 0.09687500 0.03906250
1 0.73906250 0.79765625 0.08750000 0.03906250
1 0.40781250 0.73359375 0.08125000 0.03593750
1 0.32734375 0.96953125 0.08281250 0.04218750
1 0.91015625 0.91250000 0.10156250 0.03750000
1 0.16796875 0.72812500 0.09843750 0.03750000
1 0.22031250 0.96875000 0.09062500 0.04062500
1 0.99140625 0.91562500 0.01718750 0.03125000
1 0.85312500 0.79296875 0.09375000 0.03593750
1 0.48906250 0.79140625 0.10000000 0.04218750
1 0.98203125 0.73359375 0.03593750 0.03593750
1 0.59453125 0.85078125 0.11093750 0.04218750
1 0.72812500 0.97265625 0.10000000 0.03906250
1 0.70625000 0.85078125 0.07187500 0.03281250
1 0.55312500 0.90859375 0.09062500 0.03281250
1 0.33671875 0.79062500 0.08906250 0.04062500
1 0.98906250 0.79609375 0.02187500 0.03906250
1 0.81328125 0.85546875 0.08593750 0.04218750
0 0.70937500 0.73046875 0.25312500 0.05468750
2 0.04765625 0.89453125 0.02343750 0.02968750
