1 0.04687500 0.51250000 0.09375000 0.08750000
1 0.41328125 0.77109375 0.10468750 0.04531250
1 0.57734375 0.64140625 0.05156250 0.05468750
1 0.81328125 0.75625000 0.10156250 0.04062500
1 0.47187500 0.64921875 0.10000000 0.04218750
1 0.39765625 0.98046875 0.10156250 0.03906250
1 0.01250000 0.60859375 0.02500000 0.03906250
1 0.27890625 0.27187500 0.09531250 0.04375000
1 0.43281250 0.26328125 0.03750000 0.02656250
1 0.13984375 0.39921875 0.10468750 0.04531250
1 0.95156250 0.74453125 0.09687500 0.03906250
1 0.74375000 0.34921875 0.05937500 0.09843750
1 0.54296875 0.76171875 0.09218750 0.03906250
1 0.94921875 0.68125000 0.10156250 0.04062500
1 0.04531250 0.72500000 0.09062500 0.04375000
1 0.31875000 0.64765625 0.09062500 0.04531250
1 0.22578125 0.77734375 0.11406250 0.04843750
1 0.29687500 0.71562500 0.10625000 0.04375000
1 0.56015625 0.26640625 0.05781250 0.03281250
1 0.91796875 0.63203125 0.11093750 0.04218750
1 0.68359375 0.69531250 0.09843750 0.04375000
1 0.40312500 0.39453125 0.11562500 0.05156250
1 0.38593750 0.86250000 0.09687500 0.04375000
1 0.04453125 0.66640625 0.08906250 0.04218750
1 0.90468750 0.90703125 0.11250000 0.03906250
1 0.90156250 0.15000000 0.05000000 0.05312500
1 0.42343750 0.70078125 0.10625000 0.05156250
1 0.56250000 0.70312500 0.10000000 0.04375000
1 0.68593750 0.75781250 0.10312500 0.04062500
1 0.16250000 0.71640625 0.10000000 0.03906250
1 0.04921875 0.22812500 0.07656250 0.08125000
1 0.53437500 0.38125000 0.09375000 0.03750000
1 0.10000000 0.78437500 0.10000000 0.04375000
1 0.85468750 0.35078125 0.04687500 0.09843750
1 0.79609375 0.34921875 0.04531250 0.09531250
1 0.95937500 0.33984375 0.05000000 0.10156250
1 0.18515625 0.65859375 0.10156250 0.04218750
1 0.82578125 0.69453125 0.09531250 0.03906250
