2 0.26484375 0.73906250 0.04218750 0.03125000
2 0.14375000 0.77343750 0.01562500 0.02187500
2 0.26328125 0.73906250 0.04218750 0.03125000
2 0.12265625 0.64375000 0.02343750 0.02187500
2 0.90859375 0.58125000 0.01718750 0.01562500
2 0.91875000 0.58046875 0.03750000 0.01718750
2 0.23046875 0.67109375 0.02031250 0.02031250
2 0.07656250 0.79609375 0.03437500 0.03593750
2 0.26718750 0.57187500 0.01875000 0.01875000
2 0.04453125 0.80234375 0.03281250 0.03906250
2 0.24218750 0.67109375 0.04062500 0.02031250
2 0.15468750 0.58984375 0.02812500 0.02343750
2 0.13515625 0.77812500 0.04218750 0.03437500
2 0.92890625 0.58125000 0.01718750 0.01250000
2 0.27343750 0.74531250 0.02500000 0.02187500
2 0.14531250 0.77812500 0.01875000 0.03125000
2 0.13437500 0.77734375 0.04375000 0.03281250
2 0.24765625 0.67031250 0.02343750 0.01875000
2 0.27578125 0.65937500 0.02343750 0.01875000
2 0.12265625 0.63359375 0.02343750 0.04218750
2 0.25390625 0.73281250 0.02343750 0.01875000
2 0.86875000 0.96875000 0.01250000 0.01562500
2 0.12031250 0.76875000 0.01562500 0.01562500
2 0.07421875 0.78750000 0.02031250 0.01875000
2 0.22734375 0.67109375 0.01718750 0.02031250
2 0.19765625 0.99453125 0.02656250 0.01093750
2 0.19765625 0.99531250 0.02656250 0.00937500
2 0.72656250 0.57656250 0.05000000 0.05000000
2 0.26015625 0.67812500 0.02656250 0.03125000
2 0.26328125 0.73984375 0.04218750 0.03281250
2 0.06093750 0.79140625 0.07187500 0.05781250
2 0.78203125 0.68046875 0.01718750 0.01718750
2 0.07890625 0.79843750 0.03906250 0.04062500
2 0.24765625 0.67734375 0.05156250 0.03281250
2 0.16406250 0.97578125 0.03437500 0.03906250
2 0.90781250 0.58125000 0.01562500 0.01562500
1 0.47265625 0.46953125 0.04843750 0.03281250
1 0.62500000 0.13125000 0.09062500 0.03750000
1 0.97031250 0.09453125 0.05937500 0.03593750
1 0.97031250 0.46093750 0.05937500 0.03437500
1 0.96484375 0.21171875 0.07031250 0.03906250
1 0.00625000 0.27500000 0.01250000 0.04375000
1 0.14062500 0.02578125 0.08437500 0.03906250
1 0.38515625 0.33828125 0.08593750 0.03593750
1 0.52109375 0.19453125 0.09218750 0.03906250
1 0.30859375 0.06406250 0.08906250 0.04375000
1 0.14609375 0.08671875 0.09218750 0.04218750
1 0.00546875 0.21796875 0.01093750 0.03593750
1 0.17031250 0.45703125 0.09375000 0.03906250
1 0.52656250 0.03437500 0.09062500 0.03750000
1 0.10859375 0.16250000 0.08906250 0.04375000
1 0.13281250 0.39687500 0.08750000 0.03750000
1 0.72187500 0.20703125 0.09375000 0.03906250
1 0.32265625 0.18515625 0.09218750 0.04218750
1 0.07265625 0.33671875 0.09218750 0.04218750
1 0.74921875 0.07421875 0.09843750 0.05156250
1 0.95625000 0.14843750 0.08750000 0.03750000
1 0.70390625 0.40234375 0.09218750 0.03906250
1 0.49375000 0.41484375 0.08750000 0.03593750
1 0.49062500 0.46718750 0.08437500 0.03750000
