0 0.30000000 0.66328125 0.25000000 0.06718750
1 0.71250000 0.71484375 0.05312500 0.03593750
1 0.48046875 0.96328125 0.08593750 0.03906250
1 0.62031250 0.77343750 0.08750000 0.03437500
1 0.17343750 0.72187500 0.09687500 0.03750000
1 0.98203125 0.66406250 0.03593750 0.04062500
1 0.96250000 0.71562500 0.07500000 0.03437500
1 0.92890625 0.95625000 0.09218750 0.03750000
1 0.68125000 0.89218750 0.08750000 0.04375000
1 0.92812500 0.76875000 0.10000000 0.03750000
1 0.36250000 0.84296875 0.07812500 0.03906250
1 0.17890625 0.89687500 0.08281250 0.03437500
1 0.92656250 0.83515625 0.08750000 0.03906250
1 0.43750000 0.71718750 0.07812500 0.03437500
1 0.30390625 0.71875000 0.08593750 0.03750000
1 0.92890625 0.89218750 0.09218750 0.04375000
1 0.34218750 0.96171875 0.09687500 0.03906250
1 0.60468750 0.95859375 0.09687500 0.03906250
1 0.20546875 0.95859375 0.10156250 0.03593750
1 0.31328125 0.89531250 0.08906250 0.04375000
1 0.82734375 0.95859375 0.10156250 0.03906250
1 0.49140625 0.77187500 0.09218750 0.03750000
1 0.77578125 0.83828125 0.09843750 0.03906250
1 0.75546875 0.77500000 0.08906250 0.03750000
1 0.20781250 0.77656250 0.09062500 0.03750000
1 0.13515625 0.83984375 0.09531250 0.03906250
1 0.64765625 0.83203125 0.08593750 0.03906250
1 0.79531250 0.89687500 0.09375000 0.03750000
1 0.44218750 0.89609375 0.08750000 0.03593750
1 0.51015625 0.83671875 0.10468750 0.04218750
1 0.71406250 0.95859375 0.09687500 0.03906250
1 0.60937500 0.71484375 0.09375000 0.03593750
1 0.84531250 0.71796875 0.08437500 0.03906250
1 0.36562500 0.77421875 0.08437500 0.03906250
