1 0.68437500 0.27187500 0.09687500 0.04375000
1 0.54453125 0.39765625 0.10468750 0.04218750
1 0.96640625 0.26718750 0.05781250 0.03437500
1 0.92187500 0.90078125 0.10312500 0.04218750
1 0.44531250 0.66406250 0.09375000 0.04062500
1 0.45156250 0.89453125 0.10000000 0.05156250
1 0.44140625 0.72421875 0.10781250 0.04218750
1 0.83593750 0.70078125 0.08750000 0.05156250
1 0.02421875 0.70390625 0.04843750 0.08593750
1 0.81484375 0.77187500 0.10468750 0.04375000
1 0.28046875 0.21250000 0.04218750 0.09375000
1 0.05078125 0.24062500 0.05781250 0.10000000
1 0.95781250 0.70546875 0.08437500 0.03906250
1 0.19921875 0.85234375 0.09531250 0.06718750
1 0.85546875 0.50546875 0.05156250 0.03906250
1 0.21484375 0.54453125 0.08906250 0.07031250
1 0.41953125 0.38281250 0.10781250 0.05937500
1 0.87578125 0.64765625 0.09843750 0.04218750
1 0.72656250 0.64765625 0.09375000 0.04531250
1 0.17187500 0.15859375 0.04375000 0.10468750
1 0.80703125 0.39531250 0.11406250 0.05000000
1 0.93984375 0.38125000 0.08906250 0.03750000
1 0.99531250 0.75937500 0.00937500 0.03437500
1 0.56562500 0.71484375 0.10000000 0.03906250
1 0.45390625 0.22578125 0.07968750 0.07968750
1 0.95703125 0.58046875 0.08593750 0.03906250
1 0.63984375 0.98671875 0.09843750 0.02656250
1 0.28046875 0.05156250 0.03906250 0.06250000
1 0.50312500 0.78281250 0.10000000 0.04062500
1 0.58906250 0.65781250 0.10312500 0.04062500
1 0.62968750 0.77578125 0.11250000 0.04843750
1 0.70000000 0.71484375 0.10625000 0.04218750
1 0.76875000 0.58906250 0.10312500 0.04062500
1 0.97812500 0.64062500 0.04375000 0.05625000
2 0.38515625 0.52890625 0.01406250 0.01718750
2 0.44062500 0.51796875 0.02500000 0.02343750
2 0.39375000 0.49921875 0.01562500 0.02656250
2 0.84687500 0.26015625 0.02187500 0.02031250
2 0.26640625 0.00703125 0.01093750 0.01406250
2 0.43046875 0.82656250 0.03593750 0.02187500
2 0.92265625 0.47265625 0.02343750 0.02031250
2 0.31875000 0.39453125 0.01875000 0.01406250
2 0.16328125 0.05312500 0.01406250 0.01562500
2 0.29531250 0.44375000 0.01562500 0.01250000
2 0.21875000 0.37187500 0.01562500 0.02187500
2 0.35390625 0.51015625 0.01406250 0.01718750
2 0.94609375 0.46484375 0.03906250 0.02031250
2 0.78750000 0.25703125 0.01875000 0.01718750
2 0.22656250 0.43359375 0.01250000 0.01406250
2 0.17031250 0.62578125 0.01250000 0.02343750
2 0.32890625 0.17500000 0.01406250 0.01562500
2 0.21718750 0.43906250 0.03125000 0.02500000
2 0.40546875 0.51640625 0.01406250 0.01093750
2 0.30000000 0.50078125 0.04375000 0.02968750
2 0.44375000 0.51484375 0.01875000 0.01718750
2 0.60390625 0.46562500 0.02031250 0.02187500
2 0.23359375 0.32890625 0.01406250 0.01718750
2 0.33671875 0.46875000 0.02031250 0.01562500
2 0.21640625 0.37578125 0.02031250 0.02968750
2 0.21093750 0.44062500 0.01875000 0.02187500
2 0.42031250 0.51796875 0.01875000 0.01406250
2 0.46406250 0.53203125 0.02187500 0.01406250
2 0.48906250 0.53203125 0.01875000 0.01406250
2 0.76796875 0.27031250 0.01718750 0.01562500
2 0.44140625 0.82656250 0.01718750 0.02187500
2 0.80781250 0.42890625 0.01875000 0.01718750
