1 0.30390625 0.96406250 0.08593750 0.03750000
1 0.98593750 0.63046875 0.02812500 0.01718750
1 0.79453125 0.97812500 0.09218750 0.03750000
1 0.02890625 0.71953125 0.05781250 0.03906250
1 0.05078125 0.95781250 0.09218750 0.03437500
1 0.28281250 0.78515625 0.09062500 0.04531250
1 0.22109375 0.84453125 0.09218750 0.03593750
1 0.87265625 0.73125000 0.09843750 0.03750000
1 0.94140625 0.85859375 0.05468750 0.04218750
1 0.01796875 0.77031250 0.03593750 0.03437500
1 0.64375000 0.85390625 0.08125000 0.04843750
1 0.97968750 0.80078125 0.04062500 0.04531250
1 0.61875000 0.97968750 0.08750000 0.03437500
1 0.41796875 0.65937500 0.08906250 0.03750000
1 0.16640625 0.96015625 0.07968750 0.03593750
1 0.24140625 0.72968750 0.09218750 0.04375000
0 0.53593750 0.72812500 0.25000000 0.05625000
