2 0.94921875 0.11718750 0.02031250 0.04062500
2 0.42109375 0.40390625 0.01718750 0.02656250
2 0.88046875 0.06250000 0.01406250 0.02187500
2 0.41875000 0.46015625 0.01562500 0.02656250
2 0.40078125 0.96718750 0.02343750 0.01250000
2 0.09609375 0.52968750 0.01093750 0.01250000
2 0.29843750 0.55937500 0.01875000 0.01875000
2 0.26640625 0.17187500 0.01718750 0.02500000
2 0.39218750 0.21875000 0.01562500 0.04375000
2 0.24062500 0.46250000 0.01875000 0.01875000
2 0.94453125 0.59375000 0.02031250 0.03750000
2 0.33671875 0.69218750 0.02343750 0.01250000
2 0.29609375 0.56562500 0.02656250 0.03125000
2 0.29140625 0.56953125 0.02031250 0.02031250
2 0.30781250 0.40625000 0.01562500 0.01562500
2 0.37421875 0.38671875 0.02656250 0.02968750
2 0.28593750 0.50859375 0.02812500 0.02968750
2 0.99375000 0.39921875 0.01250000 0.02656250
2 0.41953125 0.45312500 0.01718750 0.03750000
2 0.38203125 0.64062500 0.01406250 0.02187500
2 0.43437500 0.15078125 0.02812500 0.02968750
2 0.94921875 0.12578125 0.01718750 0.02343750
1 0.72578125 0.09765625 0.03906250 0.10156250
1 0.72734375 0.61484375 0.03906250 0.09531250
1 0.59531250 0.43828125 0.04062500 0.09843750
1 0.05937500 0.43437500 0.10312500 0.05000000
1 0.16171875 0.36718750 0.09218750 0.08750000
1 0.54843750 0.67109375 0.04062500 0.09843750
1 0.79921875 0.04296875 0.03906250 0.08593750
1 0.20859375 0.01250000 0.04218750 0.02500000
1 0.19531250 0.22734375 0.04375000 0.08593750
1 0.87265625 0.70859375 0.05156250 0.13281250
1 0.64765625 0.68515625 0.03593750 0.09531250
1 0.80390625 0.65078125 0.04218750 0.10468750
1 0.08750000 0.90234375 0.09687500 0.03906250
1 0.66250000 0.33046875 0.03437500 0.08906250
1 0.80312500 0.88203125 0.04062500 0.09531250
1 0.79765625 0.28125000 0.04218750 0.10000000
1 0.21015625 0.89687500 0.10156250 0.04062500
1 0.72812500 0.36171875 0.03750000 0.09531250
1 0.54218750 0.28984375 0.04375000 0.09843750
1 0.21718750 0.10312500 0.03750000 0.09687500
1 0.87265625 0.02656250 0.05781250 0.05312500
1 0.87031250 0.83359375 0.05312500 0.11718750
1 0.86562500 0.23671875 0.03750000 0.09843750
1 0.97968750 0.17656250 0.04062500 0.10312500
1 0.87109375 0.76562500 0.05468750 0.25000000
1 0.60000000 0.89609375 0.04062500 0.09531250
1 0.67421875 0.96093750 0.04218750 0.07812500
1 0.66171875 0.10859375 0.03906250 0.09843750
1 0.71875000 0.49140625 0.03750000 0.09531250
1 0.07734375 0.96015625 0.09531250 0.03906250
1 0.72656250 0.23671875 0.03750000 0.09531250
1 0.19687500 0.95625000 0.10000000 0.04062500
1 0.54765625 0.02265625 0.03906250 0.04531250
