1 0.63203125 0.29531250 0.08906250 0.04062500
1 0.04140625 0.35703125 0.08281250 0.03593750
1 0.82968750 0.13671875 0.08750000 0.04218750
1 0.72109375 0.46796875 0.09218750 0.03906250
1 0.88984375 0.52578125 0.07968750 0.03593750
1 0.35703125 0.41406250 0.08906250 0.04062500
1 0.00781250 0.41562500 0.01562500 0.03750000
1 0.48437500 0.24296875 0.09375000 0.03593750
1 0.78906250 0.41640625 0.10312500 0.03906250
1 0.01406250 0.47812500 0.02812500 0.03750000
1 0.24140625 0.35390625 0.09531250 0.03906250
1 0.23750000 0.23750000 0.08125000 0.05000000
1 0.49921875 0.41953125 0.09218750 0.03593750
1 0.08437500 0.47343750 0.08750000 0.03750000
1 0.35234375 0.35312500 0.09531250 0.04687500
1 0.32500000 0.47656250 0.09687500 0.04062500
1 0.24609375 0.41406250 0.10156250 0.03750000
1 0.77421875 0.35859375 0.09531250 0.03593750
1 0.20703125 0.47265625 0.08906250 0.03906250
1 0.62187500 0.35703125 0.09687500 0.03593750
1 0.59609375 0.24140625 0.08593750 0.03593750
1 0.13437500 0.35703125 0.08125000 0.03593750
1 0.11171875 0.41953125 0.09531250 0.03906250
1 0.34921875 0.29765625 0.09218750 0.03593750
1 0.98359375 0.16796875 0.03281250 0.03906250
1 0.82031250 0.47265625 0.09062500 0.04218750
1 0.47265625 0.35625000 0.09843750 0.04375000
1 0.45078125 0.47578125 0.09218750 0.03593750
1 0.13828125 0.01796875 0.09843750 0.03593750
1 0.58750000 0.48125000 0.09375000 0.03750000
1 0.49296875 0.29687500 0.08593750 0.03750000
1 0.66171875 0.41562500 0.09218750 0.03437500
1 0.77578125 0.30156250 0.09531250 0.03437500
1 0.71640625 0.23593750 0.09843750 0.04062500
1 0.31640625 0.53750000 0.08906250 0.03750000
2 0.88593750 0.59218750 0.01875000 0.01875000
2 0.99296875 0.56171875 0.01406250 0.02343750
2 0.95546875 0.66953125 0.02031250 0.05468750
2 0.98828125 0.60078125 0.02031250 0.02656250
2 0.96093750 0.63593750 0.02812500 0.02187500
2 0.45468750 0.60078125 0.02500000 0.02656250
2 0.43750000 0.60625000 0.01562500 0.01562500
2 0.66406250 0.59765625 0.02812500 0.04531250
2 0.96093750 0.68750000 0.03750000 0.03125000
2 0.99218750 0.59375000 0.01562500 0.01875000
2 0.94609375 0.79296875 0.03906250 0.01718750
2 0.66406250 0.58671875 0.02812500 0.02343750
2 0.91328125 0.60703125 0.02656250 0.01718750
2 0.80468750 0.00781250 0.03750000 0.01562500
2 0.86796875 0.60546875 0.02656250 0.01718750
2 0.83359375 0.58281250 0.01406250 0.01875000
2 0.66406250 0.61328125 0.02500000 0.01406250
2 0.21015625 0.58984375 0.02343750 0.02031250
2 0.96718750 0.59296875 0.01250000 0.02343750
2 0.87734375 0.58906250 0.03281250 0.02187500
2 0.78828125 0.59843750 0.02656250 0.02500000
2 0.75546875 0.60859375 0.02343750 0.01406250
2 0.85703125 0.61093750 0.01406250 0.02187500
2 0.97578125 0.98906250 0.02968750 0.02187500
2 0.87031250 0.58750000 0.01875000 0.01875000
2 0.77109375 0.58125000 0.01406250 0.01562500
2 0.94375000 0.63125000 0.01562500 0.01562500
2 0.44843750 0.60078125 0.03750000 0.02656250
2 0.98750000 0.62968750 0.01875000 0.02187500
2 0.96875000 0.60937500 0.01562500 0.01562500
2 0.93203125 0.66406250 0.02031250 0.02187500
