1 0.91093750 0.07734375 0.10000000 0.03906250
1 0.66562500 0.08593750 0.10625000 0.04375000
1 0.26250000 0.21015625 0.10312500 0.04218750
1 0.34765625 0.09687500 0.10156250 0.04062500
1 0.08593750 0.10468750 0.10312500 0.04375000
1 0.97500000 0.25156250 0.05000000 0.04375000
1 0.99296875 0.06640625 0.01406250 0.03906250
1 0.17031250 0.34921875 0.10937500 0.04843750
1 0.84062500 0.20546875 0.10312500 0.04218750
1 0.21718750 0.09921875 0.10312500 0.04218750
1 0.05000000 0.26796875 0.10000000 0.04218750
1 0.50937500 0.08515625 0.11562500 0.04843750
1 0.68984375 0.56875000 0.09531250 0.04687500
1 0.57500000 0.02421875 0.10312500 0.04218750
1 0.79375000 0.07890625 0.09062500 0.03593750
0 0.64609375 0.30546875 0.28906250 0.08906250
0 0.02421875 0.58203125 0.04843750 0.03906250
0 0.02578125 0.60937500 0.05156250 0.09375000
0 0.63437500 0.32500000 0.31562500 0.13437500
0 0.64453125 0.36718750 0.29218750 0.21562500
