2 0.95078125 0.44609375 0.02343750 0.01718750
2 0.35781250 0.44140625 0.01562500 0.02343750
2 0.28359375 0.42656250 0.02656250 0.01875000
2 0.86250000 0.47500000 0.02812500 0.02500000
2 0.14453125 0.46718750 0.01406250 0.01562500
2 0.23046875 0.30468750 0.01406250 0.01250000
2 0.26328125 0.48125000 0.02343750 0.01562500
2 0.22500000 0.46171875 0.01562500 0.02031250
2 0.10234375 0.60234375 0.01406250 0.02343750
2 0.23828125 0.46093750 0.01718750 0.01875000
2 0.86406250 0.47968750 0.02187500 0.02187500
2 0.07890625 0.40390625 0.01718750 0.01718750
2 0.96562500 0.48281250 0.03437500 0.02187500
2 0.88281250 0.45937500 0.01875000 0.02187500
2 0.26796875 0.33125000 0.01406250 0.01562500
2 0.20937500 0.40078125 0.03750000 0.02031250
2 0.15937500 0.56093750 0.01875000 0.02187500
2 0.17968750 0.54062500 0.01562500 0.02187500
2 0.85781250 0.47187500 0.02187500 0.01875000
2 0.21796875 0.40234375 0.02031250 0.01718750
2 0.87578125 0.40703125 0.01406250 0.02031250
2 0.88125000 0.42265625 0.01875000 0.02343750
2 0.27656250 0.42656250 0.01562500 0.01875000
2 0.96796875 0.44765625 0.01406250 0.02343750
2 0.56328125 0.61015625 0.02343750 0.02031250
2 0.19609375 0.39921875 0.01093750 0.01718750
2 0.33515625 0.17031250 0.01718750 0.03125000
2 0.87421875 0.41484375 0.02656250 0.03906250
2 0.86796875 0.41250000 0.01406250 0.03437500
2 0.86093750 0.38593750 0.01250000 0.01875000
2 0.23281250 0.46171875 0.02812500 0.02031250
2 0.33203125 0.01093750 0.01093750 0.02187500
1 0.58750000 0.26640625 0.04062500 0.09531250
1 0.48281250 0.26093750 0.03437500 0.07812500
1 0.48125000 0.01875000 0.03750000 0.03750000
1 0.72265625 0.53750000 0.03593750 0.09062500
1 0.01406250 0.98515625 0.02812500 0.02968750
1 0.47500000 0.13671875 0.04062500 0.09218750
1 0.95312500 0.50703125 0.03125000 0.03281250
1 0.50390625 0.96796875 0.03906250 0.06406250
1 0.60312500 0.68750000 0.03750000 0.07500000
1 0.22578125 0.58359375 0.08593750 0.06406250
1 0.69843750 0.81875000 0.03750000 0.08437500
1 0.58359375 0.02812500 0.03593750 0.05625000
1 0.65937500 0.20312500 0.04375000 0.10000000
1 0.59843750 0.54687500 0.03750000 0.08437500
1 0.52890625 0.24687500 0.03906250 0.09062500
1 0.58828125 0.42890625 0.03906250 0.08906250
1 0.60468750 0.81796875 0.04062500 0.08906250
1 0.53125000 0.11640625 0.03750000 0.09218750
1 0.58359375 0.13359375 0.03593750 0.09218750
1 0.98515625 0.52578125 0.02968750 0.02656250
1 0.66796875 0.40078125 0.03593750 0.08593750
