2 0.35937500 0.54531250 0.02500000 0.01875000
2 0.25703125 0.55781250 0.01406250 0.01875000
2 0.10546875 0.21718750 0.01406250 0.02187500
2 0.25312500 0.56718750 0.03125000 0.03750000
2 0.52968750 0.58203125 0.01562500 0.02031250
2 0.03125000 0.31562500 0.01562500 0.01875000
2 0.77265625 0.57187500 0.02656250 0.02187500
2 0.11406250 0.11328125 0.02812500 0.02968750
2 0.97500000 0.53046875 0.02500000 0.04531250
2 0.36406250 0.54531250 0.01562500 0.01875000
2 0.08828125 0.13359375 0.02968750 0.02031250
2 0.76406250 0.51718750 0.02812500 0.01875000
2 0.22109375 0.22500000 0.07656250 0.07812500
2 0.71953125 0.53359375 0.01718750 0.01406250
2 0.04687500 0.39609375 0.01875000 0.02031250
2 0.15000000 0.53593750 0.02500000 0.02500000
2 0.08593750 0.14531250 0.03125000 0.04062500
2 0.28359375 0.57031250 0.00781250 0.01875000
2 0.03046875 0.31562500 0.01406250 0.01875000
2 0.19375000 0.46250000 0.01250000 0.02187500
2 0.76796875 0.57656250 0.03593750 0.03125000
2 0.52500000 0.58359375 0.02500000 0.02031250
2 0.36250000 0.25625000 0.02812500 0.01562500
2 0.81953125 0.36953125 0.02031250 0.01718750
2 0.03125000 0.23437500 0.01875000 0.01875000
2 0.34375000 0.54296875 0.01875000 0.01718750
2 0.14296875 0.53359375 0.01406250 0.02031250
2 0.27578125 0.46328125 0.03593750 0.05156250
2 0.76328125 0.58515625 0.02968750 0.01718750
2 0.02656250 0.23750000 0.02500000 0.02500000
2 0.97656250 0.54375000 0.02187500 0.01875000
2 0.28125000 0.57343750 0.01250000 0.02500000
2 0.57187500 0.22031250 0.01562500 0.01562500
2 0.81406250 0.36953125 0.01562500 0.01406250
2 0.88671875 0.56562500 0.02031250 0.02500000
2 0.97578125 0.54296875 0.02031250 0.01718750
2 0.27812500 0.57031250 0.01875000 0.01875000
2 0.43906250 0.61171875 0.02187500 0.01718750
2 0.59218750 0.60703125 0.01875000 0.01406250
2 0.26328125 0.56875000 0.04843750 0.04062500
2 0.33125000 0.50000000 0.01562500 0.02500000
2 0.27265625 0.57421875 0.02968750 0.02656250
2 0.35078125 0.54375000 0.01093750 0.01562500
2 0.33125000 0.50000000 0.01562500 0.02500000
2 0.66250000 0.56875000 0.02812500 0.02500000
2 0.56562500 0.22031250 0.02500000 0.01562500
2 0.40859375 0.26718750 0.04531250 0.01875000
2 0.15390625 0.53437500 0.01718750 0.02187500
2 0.50000000 0.57265625 0.02812500 0.02031250
2 0.65625000 0.66328125 0.04062500 0.02968750
2 0.52500000 0.21328125 0.02187500 0.01718750
2 0.20000000 0.44687500 0.01562500 0.01875000
2 0.39375000 0.58203125 0.02500000 0.02031250
2 0.42187500 0.61171875 0.01875000 0.01718750
2 0.14765625 0.53203125 0.02031250 0.01718750
2 0.92890625 0.53359375 0.03593750 0.02343750
2 0.05937500 0.04218750 0.01875000 0.03125000
2 0.02031250 0.24062500 0.01250000 0.01875000
2 0.97500000 0.51484375 0.02500000 0.01406250
2 0.99296875 0.64687500 0.01406250 0.01250000
2 0.57265625 0.58671875 0.02656250 0.02031250
2 0.47109375 0.93906250 0.01718750 0.02500000
2 0.61875000 0.56250000 0.05937500 0.02500000
2 0.59375000 0.60625000 0.01875000 0.01250000
2 0.57187500 0.58437500 0.02812500 0.01562500
2 0.56093750 0.22031250 0.01875000 0.01562500
2 0.89687500 0.38437500 0.02812500 0.01250000
2 0.60390625 0.60625000 0.03593750 0.01562500
2 0.76171875 0.26250000 0.01406250 0.03125000
2 0.43125000 0.61250000 0.03750000 0.01875000
2 0.02812500 0.23671875 0.02187500 0.02343750
2 0.51953125 0.58359375 0.01406250 0.02031250
2 0.60234375 0.61484375 0.03906250 0.03593750
2 0.61250000 0.60625000 0.02187500 0.01562500
2 0.63281250 0.26328125 0.03437500 0.02656250
2 0.15312500 0.53671875 0.01875000 0.02343750
2 0.44296875 0.52578125 0.01718750 0.01406250
2 0.72265625 0.53359375 0.02031250 0.01718750
2 0.44062500 0.61093750 0.01875000 0.01562500
2 0.75000000 0.54140625 0.02812500 0.04218750
2 0.19765625 0.45468750 0.02031250 0.03437500
2 0.30781250 0.07109375 0.01875000 0.01718750
2 0.26718750 0.57421875 0.01875000 0.02343750
2 0.97578125 0.53125000 0.02656250 0.04687500
2 0.25234375 0.56093750 0.02656250 0.02500000
1 0.85156250 0.72421875 0.02500000 0.04531250
1 0.63750000 0.84375000 0.09375000 0.03437500
1 0.91562500 0.90468750 0.09062500 0.03437500
1 0.75937500 0.78984375 0.09062500 0.04218750
1 0.01328125 0.39218750 0.02656250 0.08125000
1 0.98828125 0.84609375 0.02343750 0.03593750
1 0.73750000 0.96875000 0.09375000 0.04062500
1 0.86875000 0.97031250 0.11250000 0.04062500
1 0.88593750 0.78984375 0.09687500 0.03593750
1 0.97734375 0.96875000 0.04531250 0.03750000
1 0.08125000 0.57109375 0.08437500 0.07968750
1 0.86953125 0.84531250 0.07968750 0.04062500
1 0.98046875 0.78828125 0.03906250 0.03593750
1 0.79375000 0.90703125 0.09062500 0.03593750
1 0.63281250 0.78515625 0.09062500 0.03593750
1 0.63203125 0.96718750 0.08906250 0.04062500
1 0.64609375 0.90781250 0.09843750 0.04062500
1 0.76796875 0.84843750 0.08593750 0.03750000
1 0.99453125 0.90390625 0.01093750 0.03281250
0 0.91250000 0.30546875 0.17500000 0.15156250
0 0.01328125 0.38828125 0.02656250 0.09218750
0 0.61875000 0.56093750 0.05937500 0.02187500
0 0.92031250 0.72187500 0.15937500 0.05000000
0 0.70937500 0.72421875 0.24687500 0.05156250
0 0.41093750 0.18593750 0.02187500 0.04375000
0 0.05937500 0.04296875 0.01875000 0.03281250
0 0.79296875 0.72343750 0.41406250 0.05312500
