0 0.66718750 0.73750000 0.24062500 0.05625000
0 0.95156250 0.74609375 0.09687500 0.03906250
0 0.61562500 0.91875000 0.24375000 0.05625000
1 0.44843750 0.60312500 0.04375000 0.02812500
1 0.53203125 0.67421875 0.09531250 0.03906250
1 0.94843750 0.98437500 0.09687500 0.03125000
1 0.38515625 0.63281250 0.03281250 0.02187500
1 0.62421875 0.97265625 0.10781250 0.04843750
1 0.32343750 0.56640625 0.04687500 0.02656250
1 0.83281250 0.97812500 0.09687500 0.03750000
1 0.17109375 0.44687500 0.03281250 0.02187500
1 0.99375000 0.80468750 0.01250000 0.03750000
1 0.62890625 0.85390625 0.09843750 0.03906250
1 0.16406250 0.58281250 0.09062500 0.07500000
1 0.30312500 0.53203125 0.02500000 0.02031250
1 0.30781250 0.64062500 0.03750000 0.02812500
1 0.22812500 0.50937500 0.04062500 0.02812500
1 0.86562500 0.80000000 0.09375000 0.03750000
1 0.38281250 0.59218750 0.03750000 0.02812500
1 0.98515625 0.86015625 0.02968750 0.03593750
1 0.83828125 0.85937500 0.07343750 0.03750000
1 0.72812500 0.97812500 0.09375000 0.04375000
1 0.62656250 0.79687500 0.08750000 0.04062500
1 0.59453125 0.56953125 0.05781250 0.02031250
1 0.82656250 0.74531250 0.07500000 0.03750000
1 0.74531250 0.79687500 0.08437500 0.04375000
1 0.95625000 0.74765625 0.08750000 0.03906250
