0 0.16171875 0.67187500 0.26718750 0.05937500
1 0.58906250 0.40312500 0.09062500 0.04062500
1 0.96562500 0.18203125 0.05625000 0.05468750
1 0.75234375 0.72500000 0.09218750 0.04062500
1 0.33359375 0.28437500 0.09843750 0.04375000
1 0.04609375 0.73671875 0.09218750 0.03906250
1 0.06406250 0.39218750 0.10625000 0.05937500
1 0.88828125 0.78125000 0.09843750 0.04062500
1 0.47421875 0.72187500 0.09531250 0.04062500
1 0.12031250 0.79687500 0.10625000 0.04062500
1 0.50312500 0.52890625 0.05625000 0.03593750
1 0.36328125 0.66718750 0.07343750 0.04062500
1 0.30937500 0.73515625 0.10312500 0.03906250
1 0.17656250 0.72890625 0.10000000 0.03906250
1 0.62968750 0.95156250 0.10000000 0.04687500
1 0.60546875 0.72578125 0.10468750 0.03906250
1 0.18906250 0.40937500 0.10312500 0.04375000
1 0.13750000 0.61562500 0.10000000 0.05000000
1 0.02890625 0.60703125 0.05781250 0.04218750
1 0.85156250 0.37656250 0.05000000 0.09687500
1 0.50234375 0.66640625 0.09531250 0.06718750
1 0.91250000 0.37812500 0.04687500 0.09375000
1 0.70078125 0.78437500 0.10781250 0.05000000
1 0.38984375 0.79218750 0.10468750 0.04062500
1 0.10468750 0.23437500 0.08125000 0.08125000
1 0.54218750 0.78828125 0.11875000 0.04531250
1 0.45703125 0.41328125 0.11406250 0.04843750
1 0.61718750 0.28750000 0.05937500 0.03125000
1 0.80156250 0.37421875 0.05000000 0.09531250
1 0.25078125 0.79375000 0.10468750 0.04062500
