1 0.01093750 0.70781250 0.02187500 0.03437500
1 0.77578125 0.98437500 0.09531250 0.03125000
1 0.01718750 0.24765625 0.03437500 0.06718750
1 0.07421875 0.92343750 0.09843750 0.04687500
1 0.23906250 0.72421875 0.08750000 0.03906250
1 0.31718750 0.45703125 0.04375000 0.09218750
1 0.12187500 0.46328125 0.04687500 0.07031250
1 0.10781250 0.21406250 0.04375000 0.09062500
1 0.02812500 0.44296875 0.05625000 0.09218750
1 0.55000000 0.40078125 0.04062500 0.09218750
1 0.63203125 0.97968750 0.08906250 0.04062500
1 0.32109375 0.76796875 0.09218750 0.03906250
1 0.39062500 0.85234375 0.07812500 0.07968750
1 0.25312500 0.92734375 0.09375000 0.04843750
