1 0.15546875 0.89609375 0.10468750 0.03906250
1 0.66328125 0.70234375 0.10468750 0.04218750
1 0.02109375 0.67109375 0.04218750 0.03593750
1 0.96562500 0.33437500 0.06875000 0.08125000
1 0.61953125 0.99296875 0.08906250 0.01406250
1 0.28906250 0.89296875 0.09375000 0.03906250
1 0.03359375 0.89453125 0.06718750 0.03906250
1 0.87578125 0.93828125 0.10156250 0.04531250
1 0.18828125 0.54531250 0.06406250 0.01875000
1 0.97031250 0.87968750 0.05937500 0.04062500
1 0.51171875 0.94765625 0.09843750 0.03906250
1 0.07343750 0.95781250 0.12187500 0.04687500
1 0.31875000 0.95156250 0.09062500 0.04062500
1 0.42109375 0.88515625 0.10156250 0.03906250
1 0.85078125 0.98906250 0.10156250 0.02187500
1 0.86015625 0.75703125 0.09843750 0.03906250
1 0.34140625 0.99375000 0.08906250 0.01250000
1 0.87421875 0.39921875 0.10468750 0.04843750
1 0.53359375 0.81953125 0.09531250 0.03593750
1 0.35781250 0.40156250 0.04375000 0.09375000
1 0.93671875 0.69218750 0.09843750 0.03750000
1 0.85937500 0.88203125 0.09687500 0.03906250
1 0.59140625 0.88515625 0.10156250 0.04218750
1 0.72578125 0.88203125 0.10156250 0.04218750
1 0.47734375 0.76875000 0.09843750 0.04062500
1 0.16171875 0.75781250 0.10156250 0.04062500
2 0.49687500 0.54140625 0.02187500 0.01406250
2 0.02265625 0.53828125 0.02656250 0.02031250
2 0.41796875 0.56015625 0.03281250 0.02031250
2 0.61953125 0.51875000 0.02343750 0.01562500
