1 0.90859375 0.73125000 0.08906250 0.03437500
1 0.59843750 0.78671875 0.09375000 0.03593750
1 0.58515625 0.89687500 0.08906250 0.03750000
1 0.68593750 0.73437500 0.09062500 0.03750000
1 0.84921875 0.84921875 0.08906250 0.03593750
1 0.71953125 0.96796875 0.08593750 0.04218750
1 0.96562500 0.85078125 0.06875000 0.03906250
1 0.43281250 0.58593750 0.02812500 0.02187500
1 0.45000000 0.61718750 0.04687500 0.02187500
1 0.28750000 0.60156250 0.02812500 0.02812500
1 0.29453125 0.52421875 0.02343750 0.02656250
1 0.61484375 0.84375000 0.09531250 0.04062500
1 0.56093750 0.60859375 0.03125000 0.02343750
1 0.01640625 0.88203125 0.03281250 0.05781250
1 0.42734375 0.60703125 0.02656250 0.01718750
1 0.25000000 0.53125000 0.02500000 0.02187500
1 0.70078125 0.90234375 0.09218750 0.03906250
1 0.30859375 0.56875000 0.02968750 0.02500000
1 0.57421875 0.65468750 0.03281250 0.01562500
1 0.98750000 0.73046875 0.02500000 0.05156250
1 0.82656250 0.96875000 0.09687500 0.03750000
1 0.31171875 0.59609375 0.02656250 0.02343750
1 0.72656250 0.78984375 0.08437500 0.04218750
1 0.94453125 0.90937500 0.08906250 0.03437500
1 0.24843750 0.55468750 0.03750000 0.02500000
1 0.94531250 0.97656250 0.10000000 0.03750000
1 0.88046875 0.79140625 0.09843750 0.04531250
1 0.72890625 0.84609375 0.08593750 0.03593750
1 0.52343750 0.59296875 0.04687500 0.02031250
1 0.98203125 0.79453125 0.03593750 0.03593750
1 0.61328125 0.96640625 0.09843750 0.03906250
1 0.59687500 0.62109375 0.03437500 0.01406250
1 0.81562500 0.90781250 0.09375000 0.03750000
1 0.80078125 0.73281250 0.08281250 0.03437500
1 0.56171875 0.72578125 0.09843750 0.03906250
