1 0.92265625 0.07500000 0.09843750 0.04062500
1 0.73281250 0.02187500 0.05937500 0.03437500
1 0.68593750 0.19687500 0.10625000 0.04062500
1 0.91953125 0.14296875 0.08593750 0.03906250
1 0.95937500 0.02187500 0.08125000 0.03437500
1 0.78984375 0.20312500 0.09218750 0.03750000
1 0.92343750 0.26250000 0.09375000 0.03750000
1 0.36093750 0.14765625 0.08125000 0.03593750
1 0.19921875 0.14687500 0.09531250 0.03750000
1 0.20390625 0.20468750 0.08281250 0.03437500
1 0.44062500 0.20312500 0.08750000 0.03750000
1 0.43125000 0.02500000 0.07500000 0.03437500
1 0.30078125 0.02734375 0.08593750 0.03906250
1 0.92187500 0.19687500 0.09062500 0.03750000
1 0.33984375 0.26796875 0.09531250 0.03906250
1 0.84296875 0.02421875 0.08593750 0.03593750
1 0.31640625 0.20390625 0.08593750 0.04218750
1 0.71171875 0.26406250 0.09531250 0.03750000
1 0.20312500 0.26562500 0.10000000 0.03750000
1 0.48828125 0.08046875 0.09218750 0.03593750
1 0.22343750 0.08437500 0.09062500 0.03750000
1 0.36250000 0.08203125 0.08437500 0.03593750
1 0.75078125 0.08203125 0.08906250 0.03593750
1 0.64531250 0.13906250 0.08750000 0.04062500
1 0.60156250 0.26484375 0.09375000 0.03906250
1 0.50703125 0.14375000 0.10468750 0.04375000
1 0.48437500 0.26875000 0.08750000 0.03750000
1 0.17500000 0.03046875 0.09687500 0.03906250
1 0.60625000 0.02265625 0.09375000 0.03593750
1 0.61406250 0.08046875 0.07812500 0.03593750
1 0.77421875 0.14609375 0.09531250 0.03593750
1 0.18906250 0.50234375 0.08437500 0.03906250
1 0.82343750 0.26484375 0.10312500 0.04218750
