0 0.26015625 0.73515625 0.24531250 0.06406250
1 0.95312500 0.73984375 0.09375000 0.03906250
1 0.45156250 0.97734375 0.09687500 0.03906250
1 0.19218750 0.90390625 0.08750000 0.03906250
1 0.91328125 0.92265625 0.09843750 0.03906250
1 0.60546875 0.80078125 0.09218750 0.03906250
1 0.22109375 0.79296875 0.08906250 0.04218750
1 0.99375000 0.92421875 0.01250000 0.03281250
1 0.42031250 0.91562500 0.08750000 0.03750000
1 0.53046875 0.91406250 0.08281250 0.03125000
1 0.56328125 0.97734375 0.09218750 0.03906250
1 0.21328125 0.96796875 0.09843750 0.03906250
1 0.42500000 0.74062500 0.07500000 0.03750000
1 0.34375000 0.79218750 0.08750000 0.04375000
1 0.54609375 0.74218750 0.09531250 0.03750000
1 0.78906250 0.98281250 0.09687500 0.03437500
1 0.75390625 0.86171875 0.09843750 0.03906250
1 0.34218750 0.85156250 0.07812500 0.03750000
1 0.30625000 0.90703125 0.08750000 0.03593750
1 0.74921875 0.79843750 0.10156250 0.03750000
1 0.46328125 0.79531250 0.09531250 0.03750000
1 0.90468750 0.98359375 0.08437500 0.03281250
1 0.22500000 0.84843750 0.09687500 0.03750000
1 0.98750000 0.98281250 0.02500000 0.03437500
1 0.86875000 0.80234375 0.08750000 0.03906250
1 0.96250000 0.80468750 0.07500000 0.05312500
1 0.78125000 0.91718750 0.08750000 0.04062500
1 0.65078125 0.91796875 0.08593750 0.03906250
1 0.67656250 0.98125000 0.09375000 0.03750000
1 0.49843750 0.85156250 0.09375000 0.03750000
1 0.62500000 0.85859375 0.10312500 0.03906250
1 0.68359375 0.74140625 0.09843750 0.03906250
1 0.82656250 0.73984375 0.09375000 0.03593750
1 0.33203125 0.97265625 0.08906250 0.04218750
1 0.97265625 0.86640625 0.05468750 0.03906250
1 0.86562500 0.86171875 0.08750000 0.03906250
