2 0.78593750 0.37421875 0.02187500 0.02031250
2 0.40859375 0.56328125 0.02031250 0.02031250
2 0.14140625 0.46250000 0.02968750 0.02500000
2 0.04062500 0.42734375 0.02187500 0.04843750
2 0.76718750 0.61718750 0.02500000 0.01250000
2 0.23750000 0.50781250 0.02500000 0.01875000
2 0.48125000 0.59843750 0.03437500 0.02187500
2 0.35000000 0.53828125 0.02500000 0.02343750
2 0.81562500 0.60312500 0.02187500 0.01875000
2 0.58125000 0.58906250 0.01562500 0.01875000
2 0.54140625 0.59687500 0.02968750 0.02500000
2 0.17812500 0.53671875 0.02812500 0.02031250
2 0.17265625 0.43984375 0.02031250 0.02656250
2 0.03750000 0.37578125 0.01875000 0.02343750
2 0.47578125 0.56250000 0.02656250 0.01875000
0 0.90234375 0.28984375 0.19531250 0.15468750
1 0.13984375 0.51406250 0.03281250 0.02500000
1 0.98359375 0.71093750 0.03281250 0.03437500
1 0.62968750 0.77343750 0.09062500 0.03750000
1 0.88437500 0.96093750 0.08750000 0.03750000
1 0.61093750 0.95546875 0.10312500 0.03593750
1 0.27343750 0.57578125 0.03125000 0.02656250
1 0.24843750 0.45390625 0.02500000 0.04843750
1 0.91484375 0.83281250 0.10468750 0.04375000
1 0.70703125 0.71562500 0.08593750 0.03750000
1 0.22578125 0.53437500 0.02656250 0.01875000
1 0.09453125 0.92031250 0.08593750 0.07500000
1 0.23750000 0.56328125 0.02500000 0.02343750
1 0.24843750 0.61015625 0.02812500 0.02656250
1 0.76562500 0.83750000 0.07812500 0.03437500
1 0.22187500 0.59687500 0.02812500 0.02187500
1 0.76875000 0.77031250 0.08437500 0.03750000
1 0.60859375 0.89453125 0.08281250 0.03593750
1 0.16796875 0.56484375 0.03281250 0.02343750
1 0.17343750 0.59062500 0.04375000 0.03125000
1 0.98125000 0.95546875 0.03750000 0.03906250
1 0.84687500 0.89296875 0.08750000 0.03593750
1 0.72109375 0.89296875 0.09218750 0.04218750
1 0.58046875 0.72031250 0.09843750 0.03750000
1 0.26250000 0.53203125 0.02500000 0.02343750
1 0.60468750 0.83671875 0.09687500 0.03906250
1 0.05312500 0.13515625 0.02187500 0.04218750
1 0.74765625 0.95859375 0.09531250 0.03906250
1 0.83984375 0.71406250 0.07656250 0.03750000
1 0.37109375 0.98046875 0.08906250 0.03906250
1 0.99062500 0.77031250 0.01875000 0.03437500
1 0.23828125 0.50703125 0.02656250 0.02031250
1 0.89609375 0.76875000 0.09218750 0.03750000
