1 0.68203125 0.27187500 0.09843750 0.04375000
1 0.96640625 0.26875000 0.05781250 0.03437500
1 0.58750000 0.65859375 0.10312500 0.04218750
1 0.28125000 0.04453125 0.03750000 0.06718750
1 0.87578125 0.64531250 0.09843750 0.04687500
1 0.65703125 0.40390625 0.13906250 0.05468750
1 0.07812500 0.35390625 0.07187500 0.09843750
1 0.43984375 0.72421875 0.10781250 0.04218750
1 0.82578125 0.70234375 0.10468750 0.04843750
1 0.81484375 0.77187500 0.10468750 0.04375000
1 0.28046875 0.21171875 0.04218750 0.09218750
1 0.95781250 0.70546875 0.08437500 0.03906250
1 0.10546875 0.79921875 0.08906250 0.07656250
1 0.41875000 0.38203125 0.10625000 0.06093750
1 0.17265625 0.15859375 0.04218750 0.10468750
1 0.44375000 0.66484375 0.09375000 0.04218750
1 0.28750000 0.58125000 0.09687500 0.05312500
1 0.72578125 0.64843750 0.09531250 0.04375000
1 0.80625000 0.39609375 0.11250000 0.05156250
1 0.56484375 0.71562500 0.09843750 0.03750000
1 0.45312500 0.22656250 0.07812500 0.07812500
1 0.98437500 0.57656250 0.03125000 0.04062500
1 0.72656250 0.91015625 0.10000000 0.03906250
1 0.46484375 0.52109375 0.06718750 0.03906250
1 0.51718750 0.59609375 0.11562500 0.04843750
1 0.50234375 0.78359375 0.10156250 0.04218750
1 0.62968750 0.77578125 0.11250000 0.04843750
1 0.54140625 0.39843750 0.10468750 0.04375000
1 0.69921875 0.71484375 0.10468750 0.04218750
1 0.93906250 0.38125000 0.09062500 0.03750000
1 0.31718750 0.88046875 0.10625000 0.05468750
1 0.97500000 0.64140625 0.04062500 0.05468750
1 0.83125000 0.58203125 0.09062500 0.05156250
2 0.21640625 0.43750000 0.02968750 0.02500000
2 0.21718750 0.37500000 0.01875000 0.02812500
