1 0.66015625 0.01718750 0.03593750 0.03437500
1 0.71875000 0.18593750 0.03750000 0.09687500
1 0.60234375 0.12343750 0.03593750 0.09375000
1 0.53984375 0.03046875 0.03906250 0.06093750
1 0.00859375 0.91406250 0.01718750 0.04375000
1 0.53984375 0.26796875 0.03906250 0.09531250
1 0.50312500 0.82734375 0.08750000 0.06718750
1 0.18906250 0.96093750 0.10000000 0.04687500
1 0.36484375 0.28750000 0.04218750 0.05312500
1 0.24453125 0.90078125 0.08906250 0.04531250
1 0.59921875 0.01406250 0.03906250 0.02812500
1 0.53828125 0.14218750 0.04531250 0.10937500
1 0.18046875 0.22343750 0.05468750 0.10312500
1 0.20703125 0.10468750 0.04218750 0.09687500
1 0.15156250 0.36953125 0.09062500 0.08593750
1 0.05000000 0.43750000 0.10000000 0.04687500
1 0.71406250 0.05937500 0.04062500 0.09687500
1 0.97578125 0.17500000 0.04218750 0.10000000
1 0.59843750 0.26953125 0.04062500 0.10156250
1 0.19921875 0.01250000 0.04218750 0.02500000
1 0.66015625 0.24062500 0.04218750 0.10312500
1 0.07109375 0.96718750 0.09531250 0.04062500
1 0.65937500 0.09921875 0.03750000 0.08906250
2 0.99218750 0.37578125 0.01562500 0.02968750
2 0.72031250 0.85703125 0.03750000 0.03281250
2 0.37265625 0.46953125 0.02343750 0.03593750
2 0.28828125 0.59609375 0.02656250 0.03281250
2 0.33828125 0.56250000 0.02343750 0.02812500
2 0.26171875 0.61562500 0.02343750 0.03125000
2 0.28906250 0.40078125 0.02500000 0.02031250
2 0.31562500 0.52421875 0.03125000 0.02343750
2 0.28281250 0.39843750 0.01562500 0.01562500
2 0.28750000 0.56484375 0.02500000 0.02656250
2 0.99296875 0.46171875 0.01406250 0.02343750
2 0.33515625 0.48984375 0.03281250 0.02343750
2 0.37265625 0.47656250 0.01718750 0.02187500
2 0.63671875 0.89296875 0.02031250 0.01406250
2 0.41406250 0.44687500 0.02187500 0.04062500
2 0.29843750 0.51171875 0.02187500 0.02656250
2 0.35859375 0.11328125 0.02031250 0.02343750
