1 0.77890625 0.95937500 0.08906250 0.03750000
1 0.01171875 0.42265625 0.02343750 0.08593750
1 0.18046875 0.17343750 0.05156250 0.08750000
1 0.36015625 0.63046875 0.09218750 0.05781250
1 0.80078125 0.89296875 0.09531250 0.03906250
1 0.13281250 0.17968750 0.04375000 0.08437500
1 0.00937500 0.21250000 0.01875000 0.07812500
1 0.32031250 0.94609375 0.08750000 0.03593750
1 0.55468750 0.95468750 0.09062500 0.03437500
1 0.11953125 0.99375000 0.08593750 0.01250000
1 0.03750000 0.20937500 0.04375000 0.06875000
1 0.40390625 0.31406250 0.05156250 0.09375000
1 0.14140625 0.42500000 0.04218750 0.07187500
1 0.04921875 0.40390625 0.06093750 0.09531250
1 0.94921875 0.65625000 0.04531250 0.02500000
1 0.67734375 0.95468750 0.07968750 0.03750000
1 0.44062500 0.94375000 0.08437500 0.03750000
1 0.55390625 0.89296875 0.10781250 0.03593750
1 0.68281250 0.89218750 0.09062500 0.03437500
1 0.56796875 0.37421875 0.03906250 0.09218750
