2 0.69765625 0.56796875 0.02656250 0.01718750
2 0.98359375 0.52734375 0.01718750 0.02656250
2 0.98515625 0.53203125 0.01406250 0.02031250
2 0.97812500 0.52265625 0.01562500 0.01406250
2 0.95859375 0.51953125 0.01718750 0.01406250
2 0.99453125 0.57109375 0.01093750 0.02656250
2 0.92578125 0.51093750 0.01406250 0.01875000
2 0.97968750 0.51953125 0.01562500 0.01093750
1 0.33359375 0.44531250 0.04531250 0.09062500
1 0.01171875 0.44765625 0.02343750 0.08593750
1 0.13750000 0.45156250 0.04687500 0.06875000
1 0.63437500 0.91406250 0.09062500 0.03750000
1 0.12812500 0.20468750 0.04062500 0.08750000
1 0.35000000 0.87734375 0.09062500 0.06718750
1 0.46875000 0.96796875 0.08750000 0.04218750
1 0.02812500 0.78515625 0.05625000 0.04531250
1 0.03125000 0.23671875 0.04062500 0.06718750
1 0.04765625 0.43125000 0.05781250 0.09375000
1 0.15078125 0.72265625 0.09843750 0.04218750
1 0.56640625 0.39375000 0.03906250 0.09062500
1 0.17968750 0.90937500 0.09687500 0.04062500
