0 0.65937500 0.05078125 0.25625000 0.07343750
1 0.74375000 0.16406250 0.07812500 0.03437500
1 0.94531250 0.05468750 0.09375000 0.03750000
1 0.86250000 0.10703125 0.09375000 0.03593750
1 0.59140625 0.21562500 0.08906250 0.03750000
1 0.62500000 0.27890625 0.12187500 0.04218750
1 0.69687500 0.22031250 0.06875000 0.03437500
1 0.85156250 0.29062500 0.09687500 0.03750000
1 0.62187500 0.10625000 0.09062500 0.04375000
1 0.93359375 0.22734375 0.07968750 0.02968750
1 0.73203125 0.28671875 0.08593750 0.04218750
1 0.89921875 0.16484375 0.09531250 0.03906250
1 0.62578125 0.16093750 0.09531250 0.03750000
1 0.95859375 0.29062500 0.08281250 0.03750000
1 0.82500000 0.05390625 0.07500000 0.03906250
1 0.71875000 0.22109375 0.11250000 0.03593750
1 0.98046875 0.11328125 0.03906250 0.03906250
1 0.74453125 0.10546875 0.08593750 0.04218750
1 0.81953125 0.22734375 0.08281250 0.03593750
1 0.23281250 0.95312500 0.14062500 0.09375000
1 0.98671875 0.17109375 0.02656250 0.03906250
