2 0.04531250 0.60312500 0.03125000 0.01562500
1 0.73984375 0.71015625 0.05781250 0.03593750
1 0.61796875 0.77031250 0.08281250 0.03750000
1 0.17890625 0.71796875 0.09531250 0.03906250
1 0.78046875 0.83437500 0.09531250 0.04062500
1 0.49218750 0.76718750 0.09062500 0.03750000
1 0.92968750 0.76250000 0.10000000 0.04062500
1 0.36640625 0.83593750 0.08281250 0.03437500
1 0.30468750 0.71484375 0.08437500 0.03593750
1 0.20312500 0.83515625 0.09687500 0.03906250
1 0.61250000 0.71093750 0.09375000 0.03750000
1 0.43828125 0.71328125 0.07656250 0.03593750
1 0.92734375 0.83125000 0.08593750 0.04062500
1 0.32031250 0.89140625 0.09062500 0.04843750
1 0.64843750 0.82968750 0.08125000 0.04062500
1 0.36718750 0.77031250 0.08437500 0.03750000
1 0.22812500 0.77265625 0.09062500 0.03906250
1 0.80781250 0.95390625 0.10000000 0.03906250
1 0.27187500 0.65468750 0.09375000 0.03750000
1 0.04687500 0.96406250 0.08750000 0.04062500
1 0.96718750 0.95312500 0.06562500 0.03750000
1 0.96406250 0.71093750 0.07187500 0.03437500
1 0.44453125 0.89140625 0.08593750 0.03593750
1 0.51171875 0.83125000 0.10468750 0.04375000
1 0.57656250 0.95390625 0.09062500 0.03906250
1 0.20781250 0.89296875 0.08437500 0.03593750
1 0.84687500 0.71250000 0.08437500 0.03750000
1 0.32500000 0.95546875 0.09375000 0.03906250
1 0.75781250 0.77031250 0.09062500 0.03750000
