1 0.73671875 0.20703125 0.04218750 0.08906250
1 0.84375000 0.52265625 0.07812500 0.07343750
1 0.49609375 0.01875000 0.03906250 0.03750000
1 0.54062500 0.27187500 0.03750000 0.08750000
1 0.77500000 0.38593750 0.06250000 0.08437500
1 0.60078125 0.21015625 0.03906250 0.09218750
1 0.55156250 0.01796875 0.03750000 0.03593750
1 0.32734375 0.12968750 0.02031250 0.05937500
1 0.48671875 0.27812500 0.03906250 0.10000000
1 0.54609375 0.11875000 0.03593750 0.08750000
1 0.60234375 0.00859375 0.03593750 0.01718750
1 0.64140625 0.43046875 0.05468750 0.08906250
1 0.61250000 0.62656250 0.07500000 0.09375000
1 0.60859375 0.09453125 0.03593750 0.08906250
1 0.68125000 0.03359375 0.03750000 0.06718750
1 0.49531250 0.10781250 0.03750000 0.09062500
2 0.33671875 0.47265625 0.02343750 0.02656250
2 0.19375000 0.82656250 0.01250000 0.02500000
2 0.36328125 0.52343750 0.02968750 0.02812500
2 0.33984375 0.37500000 0.02656250 0.02500000
