0 0.70468750 0.04375000 0.25625000 0.05937500
1 0.85000000 0.10937500 0.09375000 0.03437500
1 0.43125000 0.28203125 0.09687500 0.03906250
1 0.48593750 0.10625000 0.10000000 0.04375000
1 0.70078125 0.16640625 0.07343750 0.03281250
1 0.96875000 0.00468750 0.06250000 0.00937500
1 0.98437500 0.53203125 0.03125000 0.03593750
1 0.93671875 0.17109375 0.09531250 0.03906250
1 0.18906250 0.21093750 0.09062500 0.03750000
1 0.42109375 0.22109375 0.09531250 0.03593750
1 0.88281250 0.28984375 0.10312500 0.03906250
1 0.58828125 0.16484375 0.10156250 0.03906250
1 0.28828125 0.04843750 0.08906250 0.03750000
1 0.20312500 0.10078125 0.08750000 0.03593750
1 0.97656250 0.28984375 0.04687500 0.04218750
1 0.32031250 0.28281250 0.08437500 0.03750000
1 0.87500000 0.05781250 0.08750000 0.03437500
1 0.54765625 0.22343750 0.09218750 0.03437500
1 0.90468750 0.22812500 0.10000000 0.03437500
1 0.54843750 0.28984375 0.09687500 0.03593750
1 0.65312500 0.28593750 0.09375000 0.03750000
1 0.21562500 0.28203125 0.09375000 0.03906250
1 0.40390625 0.04609375 0.08281250 0.03593750
1 0.98046875 0.05078125 0.03906250 0.03593750
1 0.45312500 0.16250000 0.08750000 0.03437500
1 0.33125000 0.15859375 0.08750000 0.03593750
1 0.30390625 0.21640625 0.09218750 0.03906250
1 0.78906250 0.22187500 0.09687500 0.03750000
1 0.32968750 0.10390625 0.08437500 0.04218750
1 0.22109375 0.15859375 0.09218750 0.03906250
1 0.18906250 0.51171875 0.09687500 0.04531250
1 0.98750000 0.11328125 0.02500000 0.04218750
1 0.66953125 0.22265625 0.08906250 0.03906250
1 0.16328125 0.03984375 0.09843750 0.03906250
1 0.61406250 0.10781250 0.09687500 0.03437500
1 0.81015625 0.16875000 0.08906250 0.03750000
1 0.73437500 0.11171875 0.08750000 0.03593750
1 0.51171875 0.04453125 0.08906250 0.03593750
1 0.99453125 0.22968750 0.01093750 0.03437500
1 0.77109375 0.28750000 0.08906250 0.03437500
