2 0.49375000 0.13437500 0.01562500 0.02500000
2 0.37812500 0.93437500 0.01562500 0.03750000
2 0.43046875 0.47656250 0.02656250 0.02187500
2 0.13359375 0.50000000 0.01093750 0.01250000
2 0.29296875 0.54375000 0.02031250 0.01562500
2 0.01093750 0.57812500 0.02187500 0.02187500
2 0.29843750 0.55312500 0.03125000 0.03437500
2 0.35156250 0.47109375 0.02187500 0.02031250
2 0.32656250 0.55468750 0.03750000 0.04687500
2 0.41328125 0.43593750 0.02656250 0.02812500
2 0.33750000 0.54140625 0.03125000 0.02656250
2 0.31640625 0.54296875 0.01718750 0.01718750
2 0.35859375 0.47500000 0.03593750 0.02500000
2 0.35625000 0.47265625 0.03125000 0.02343750
2 0.01328125 0.37656250 0.02656250 0.02500000
2 0.39609375 0.49375000 0.03906250 0.04375000
2 0.43125000 0.48828125 0.02812500 0.04531250
2 0.34609375 0.55156250 0.04843750 0.05000000
2 0.72734375 0.86093750 0.01718750 0.01875000
2 0.38984375 0.48671875 0.02656250 0.02656250
2 0.39531250 0.49375000 0.03437500 0.04062500
2 0.43750000 0.49453125 0.01562500 0.03593750
2 0.43593750 0.38984375 0.02187500 0.04531250
1 0.51796875 0.41953125 0.05781250 0.10468750
1 0.37187500 0.86171875 0.09375000 0.04843750
1 0.59453125 0.24296875 0.03906250 0.09843750
1 0.95156250 0.88515625 0.09062500 0.07031250
1 0.10078125 0.40234375 0.10156250 0.04843750
1 0.78984375 0.54296875 0.07968750 0.10156250
1 0.60625000 0.01250000 0.03750000 0.02500000
1 0.26796875 0.07578125 0.03906250 0.10156250
1 0.00390625 0.93125000 0.00781250 0.03437500
1 0.26171875 0.93515625 0.10156250 0.03906250
1 0.10000000 0.88046875 0.10000000 0.05468750
1 0.43281250 0.34375000 0.05937500 0.04375000
1 0.42265625 0.26015625 0.04843750 0.12656250
1 0.24921875 0.19843750 0.06093750 0.09062500
1 0.71562500 0.23750000 0.04062500 0.09687500
1 0.32500000 0.12890625 0.07812500 0.10781250
1 0.71718750 0.12187500 0.04062500 0.10000000
1 0.02031250 0.98437500 0.04062500 0.03125000
1 0.65859375 0.20703125 0.03906250 0.09843750
1 0.91796875 0.23906250 0.04218750 0.09687500
1 0.56718750 0.76250000 0.09062500 0.07812500
1 0.59453125 0.10000000 0.03906250 0.10000000
1 0.65703125 0.07968750 0.03906250 0.10000000
1 0.72578125 0.01250000 0.04218750 0.02500000
1 0.77578125 0.05468750 0.04218750 0.10937500
1 0.21171875 0.33125000 0.10781250 0.10937500
1 0.77265625 0.19687500 0.03906250 0.10000000
