0 0.65937500 0.73906250 0.25000000 0.07187500
1 0.82343750 0.74218750 0.07500000 0.03750000
1 0.60937500 0.96875000 0.09062500 0.03750000
1 0.94687500 0.74218750 0.09375000 0.03750000
1 0.82734375 0.91718750 0.10156250 0.03750000
1 0.62031250 0.79218750 0.08750000 0.04375000
1 0.29375000 0.55859375 0.03750000 0.02031250
1 0.74218750 0.79375000 0.08437500 0.04375000
1 0.14218750 0.47968750 0.03750000 0.01875000
1 0.98593750 0.85859375 0.02812500 0.03906250
1 0.70546875 0.90703125 0.08593750 0.03593750
1 0.59140625 0.90312500 0.08593750 0.03750000
1 0.30000000 0.58437500 0.02812500 0.02500000
1 0.85078125 0.97812500 0.09531250 0.03750000
1 0.86250000 0.79531250 0.09375000 0.03750000
1 0.18046875 0.52031250 0.03281250 0.01562500
1 0.95781250 0.97812500 0.08437500 0.03750000
1 0.74296875 0.85234375 0.07343750 0.03593750
1 0.35625000 0.56250000 0.03125000 0.02500000
1 0.97968750 0.80156250 0.04062500 0.04375000
1 0.93125000 0.91562500 0.08437500 0.03125000
1 0.72968750 0.97500000 0.08437500 0.04062500
1 0.62421875 0.84843750 0.09531250 0.03750000
1 0.16562500 0.44531250 0.03125000 0.01875000
1 0.89765625 0.85234375 0.09531250 0.04218750
