1 0.01328125 0.28046875 0.02656250 0.03906250
1 0.54375000 0.08203125 0.09062500 0.03906250
1 0.10000000 0.10078125 0.10000000 0.04218750
1 0.81640625 0.01796875 0.10781250 0.03593750
1 0.86015625 0.19375000 0.10781250 0.05625000
1 0.30937500 0.03671875 0.09375000 0.03906250
1 0.10937500 0.34609375 0.10625000 0.05781250
1 0.25703125 0.26406250 0.08593750 0.03750000
1 0.79062500 0.07890625 0.10000000 0.03906250
1 0.41406250 0.08828125 0.10312500 0.05156250
1 0.22734375 0.09531250 0.11406250 0.05000000
1 0.06562500 0.20312500 0.10312500 0.04062500
1 0.93515625 0.06953125 0.10468750 0.03906250
1 0.68593750 0.56640625 0.09687500 0.04843750
1 0.59140625 0.01953125 0.10468750 0.03906250
1 0.67343750 0.07968750 0.10312500 0.04062500
