1 0.62734375 0.09453125 0.11406250 0.04843750
1 0.12421875 0.83281250 0.04531250 0.10625000
1 0.94687500 0.02890625 0.09375000 0.03906250
1 0.06171875 0.75859375 0.03906250 0.10781250
1 0.27812500 0.39062500 0.09687500 0.06562500
1 0.35390625 0.05156250 0.08906250 0.03750000
1 0.01562500 0.88593750 0.03125000 0.09687500
1 0.05781250 0.22578125 0.10000000 0.04218750
1 0.06640625 0.92109375 0.04218750 0.09843750
1 0.12187500 0.68515625 0.04687500 0.10156250
1 0.09765625 0.29531250 0.10468750 0.04375000
1 0.33515625 0.27656250 0.08281250 0.03750000
1 0.01328125 0.75156250 0.02656250 0.09687500
1 0.01796875 0.97890625 0.03593750 0.04218750
1 0.81171875 0.08828125 0.10156250 0.04843750
1 0.26093750 0.00859375 0.09375000 0.01718750
1 0.94375000 0.08125000 0.09062500 0.04062500
1 0.04062500 0.07656250 0.08125000 0.04687500
1 0.50000000 0.10156250 0.10000000 0.04062500
1 0.15468750 0.51093750 0.06250000 0.09687500
1 0.75000000 0.20859375 0.10312500 0.06093750
