2 0.23750000 0.48671875 0.01562500 0.01718750
2 0.26171875 0.75000000 0.02343750 0.03750000
2 0.34296875 0.47187500 0.01406250 0.02187500
2 0.34062500 0.46640625 0.02500000 0.03281250
2 0.06953125 0.40468750 0.01093750 0.01250000
2 0.80078125 0.10625000 0.02343750 0.02187500
2 0.83359375 0.33437500 0.01718750 0.01875000
2 0.24140625 0.48671875 0.02031250 0.02031250
2 0.18203125 0.67812500 0.02031250 0.03125000
2 0.22187500 0.39453125 0.03750000 0.01718750
2 0.92968750 0.57812500 0.03750000 0.02500000
2 0.28515625 0.42812500 0.02656250 0.02812500
2 0.84531250 0.04375000 0.01875000 0.03750000
2 0.25625000 0.48281250 0.01875000 0.01562500
2 0.22109375 0.41015625 0.02031250 0.01718750
2 0.08984375 0.39765625 0.01406250 0.01406250
2 0.91796875 0.53828125 0.02968750 0.02031250
2 0.20859375 0.39218750 0.01093750 0.01250000
2 0.21562500 0.68984375 0.02187500 0.02031250
2 0.33593750 0.67578125 0.02187500 0.02343750
2 0.14453125 0.96562500 0.01406250 0.02187500
2 0.30625000 0.52265625 0.02812500 0.03281250
2 0.25468750 0.57968750 0.01562500 0.02500000
2 0.22187500 0.40234375 0.03437500 0.03281250
2 0.15625000 0.45312500 0.01562500 0.01250000
2 0.28437500 0.69296875 0.02187500 0.02656250
2 0.35078125 0.15625000 0.01406250 0.02187500
2 0.21718750 0.69453125 0.02500000 0.03281250
2 0.83750000 0.34375000 0.02500000 0.03750000
2 0.63281250 0.05546875 0.00937500 0.01406250
2 0.24296875 0.56953125 0.01093750 0.01406250
2 0.83125000 0.38593750 0.01562500 0.01250000
2 0.25781250 0.48828125 0.01875000 0.02343750
2 0.24921875 0.48750000 0.03593750 0.02500000
2 0.36250000 0.31875000 0.01562500 0.01562500
2 0.30468750 0.51562500 0.02187500 0.02187500
2 0.15625000 0.61093750 0.01562500 0.02187500
2 0.14296875 0.62421875 0.01406250 0.02656250
2 0.09687500 0.38125000 0.01250000 0.01250000
2 0.86328125 0.14453125 0.02343750 0.03906250
2 0.32734375 0.66484375 0.02031250 0.02031250
2 0.33437500 0.15781250 0.01875000 0.02500000
2 0.84218750 0.35078125 0.01562500 0.02343750
2 0.79609375 0.21171875 0.02031250 0.02656250
2 0.33281250 0.67187500 0.02812500 0.03125000
2 0.97968750 0.44531250 0.01250000 0.01875000
2 0.30937500 0.52968750 0.02187500 0.02187500
2 0.25468750 0.48281250 0.01875000 0.01562500
2 0.87343750 0.02343750 0.02500000 0.01875000
2 0.23203125 0.39531250 0.01718750 0.01562500
2 0.28593750 0.69921875 0.02500000 0.03906250
2 0.79531250 0.07265625 0.01562500 0.02968750
2 0.08750000 0.39140625 0.02812500 0.02968750
2 0.31406250 0.61406250 0.02500000 0.02812500
2 0.62812500 0.96640625 0.01875000 0.01406250
2 0.33906250 0.45781250 0.02187500 0.01875000
2 0.37031250 0.43750000 0.02187500 0.02812500
2 0.33515625 0.45859375 0.01718750 0.02031250
2 0.25078125 0.57890625 0.02343750 0.02968750
2 0.32656250 0.14140625 0.02187500 0.05781250
1 0.59375000 0.09531250 0.03437500 0.06562500
1 0.85234375 0.57500000 0.08281250 0.07500000
1 0.54765625 0.01328125 0.03281250 0.02656250
1 0.00937500 0.91640625 0.01875000 0.03906250
1 0.97500000 0.64921875 0.05000000 0.04218750
1 0.49296875 0.35937500 0.03593750 0.07812500
1 0.04140625 0.69296875 0.08281250 0.04843750
1 0.48906250 0.18515625 0.04062500 0.09218750
1 0.60625000 0.01093750 0.03437500 0.02187500
1 0.60156250 0.21093750 0.03750000 0.09062500
1 0.43750000 0.20000000 0.03750000 0.08437500
1 0.67656250 0.03828125 0.03750000 0.07656250
1 0.49687500 0.02500000 0.03750000 0.05000000
1 0.95156250 0.47656250 0.04687500 0.04062500
1 0.54062500 0.42656250 0.03750000 0.09062500
1 0.54609375 0.11718750 0.03593750 0.09062500
1 0.67031250 0.32656250 0.04062500 0.07812500
1 0.43828125 0.18515625 0.03906250 0.11406250
1 0.01015625 0.97031250 0.02031250 0.04375000
