2 0.07656250 0.97187500 0.07812500 0.05625000
2 0.18046875 0.81406250 0.03906250 0.03750000
2 0.95703125 0.75078125 0.05468750 0.02656250
2 0.38125000 0.88515625 0.01562500 0.02031250
2 0.05234375 0.60703125 0.02031250 0.01718750
2 0.85703125 0.80703125 0.01406250 0.01406250
2 0.13750000 0.60625000 0.02812500 0.01250000
2 0.86796875 0.80625000 0.03593750 0.02187500
2 0.96406250 0.93437500 0.01562500 0.02187500
2 0.03515625 0.13984375 0.03281250 0.04218750
2 0.95937500 0.78125000 0.02812500 0.01562500
2 0.22031250 0.77500000 0.02500000 0.02187500
2 0.37343750 0.97890625 0.02187500 0.02031250
2 0.04453125 0.62343750 0.01718750 0.01562500
2 0.18828125 0.62890625 0.02031250 0.02031250
2 0.08671875 0.60625000 0.01718750 0.01250000
2 0.18671875 0.60546875 0.02343750 0.02031250
2 0.28750000 0.78125000 0.02187500 0.02187500
2 0.09062500 0.60625000 0.02500000 0.01562500
2 0.89531250 0.88906250 0.01562500 0.02500000
2 0.91875000 0.98671875 0.01250000 0.02656250
2 0.20078125 0.68671875 0.01718750 0.01718750
2 0.16796875 0.80234375 0.01406250 0.01406250
2 0.22421875 0.62968750 0.02031250 0.02187500
2 0.18281250 0.80546875 0.01250000 0.01406250
2 0.25312500 0.66328125 0.01875000 0.02031250
2 0.25546875 0.76171875 0.01718750 0.02343750
2 0.15625000 0.65000000 0.01875000 0.01875000
2 0.16171875 0.67343750 0.02343750 0.02500000
2 0.88671875 0.99218750 0.01406250 0.01562500
2 0.37031250 0.98046875 0.01562500 0.01718750
2 0.00937500 0.64609375 0.01875000 0.02031250
2 0.13125000 0.60546875 0.01875000 0.01093750
2 0.66953125 0.63281250 0.02968750 0.03750000
2 0.23437500 0.66406250 0.01875000 0.02187500
2 0.98125000 0.87812500 0.01562500 0.02812500
2 0.69296875 0.17890625 0.01406250 0.01718750
2 0.09453125 0.60625000 0.02968750 0.01562500
2 0.03437500 0.59453125 0.01250000 0.01406250
2 0.94140625 0.75468750 0.02343750 0.01875000
2 0.18203125 0.60546875 0.01406250 0.01718750
2 0.05000000 0.85546875 0.01875000 0.01718750
2 0.67500000 0.63906250 0.02187500 0.02500000
2 0.53046875 0.96328125 0.01718750 0.03281250
2 0.97031250 0.75078125 0.02812500 0.02656250
2 0.89453125 0.89531250 0.01718750 0.03750000
2 0.89296875 0.90546875 0.01406250 0.01718750
2 0.11328125 0.81796875 0.02031250 0.01718750
2 0.24453125 0.66328125 0.03593750 0.02343750
2 0.36796875 0.90000000 0.02343750 0.02187500
2 0.37187500 0.89375000 0.03437500 0.03750000
2 0.04531250 0.60156250 0.03437500 0.02812500
2 0.56875000 0.42656250 0.02500000 0.02500000
2 0.82656250 0.82968750 0.01562500 0.02812500
2 0.04609375 0.60937500 0.03281250 0.04375000
2 0.87578125 0.76875000 0.01406250 0.01562500
2 0.19296875 0.82265625 0.01406250 0.02031250
2 0.98203125 0.87187500 0.01406250 0.01562500
2 0.14375000 0.60625000 0.01875000 0.01250000
2 0.88046875 0.77421875 0.02343750 0.02656250
2 0.82734375 0.83359375 0.01406250 0.02031250
1 0.07578125 0.53593750 0.08906250 0.03750000
1 0.86640625 0.49843750 0.08906250 0.04687500
1 0.01015625 0.36875000 0.02031250 0.03750000
1 0.02343750 0.48281250 0.04687500 0.04062500
1 0.76953125 0.90000000 0.03593750 0.09375000
1 0.03281250 0.31015625 0.06562500 0.04843750
1 0.72500000 0.01875000 0.03437500 0.03750000
1 0.62578125 0.96250000 0.04218750 0.07500000
1 0.01484375 0.42812500 0.02968750 0.04062500
1 0.68437500 0.33906250 0.06875000 0.09062500
1 0.02656250 0.25234375 0.05312500 0.03906250
1 0.02500000 0.13515625 0.05000000 0.04843750
1 0.66718750 0.15312500 0.06250000 0.09062500
