2 0.15625000 0.44843750 0.03437500 0.02500000
2 0.03750000 0.38906250 0.02500000 0.02500000
2 0.75859375 0.62031250 0.02031250 0.01250000
2 0.45703125 0.57656250 0.01718750 0.02812500
2 0.53437500 0.61328125 0.01562500 0.01718750
2 0.37031250 0.55703125 0.01875000 0.02031250
2 0.00703125 0.39062500 0.01406250 0.02500000
2 0.05781250 0.46484375 0.02187500 0.02031250
2 0.38125000 0.57343750 0.02187500 0.02812500
2 0.76718750 0.62031250 0.03437500 0.01562500
2 0.78437500 0.36562500 0.01875000 0.02187500
2 0.04609375 0.15078125 0.02031250 0.02968750
2 0.01796875 0.14218750 0.01093750 0.01875000
2 0.56015625 0.61093750 0.02343750 0.01562500
2 0.26484375 0.43046875 0.02343750 0.02656250
2 0.16718750 0.44609375 0.01562500 0.02031250
2 0.71015625 0.67734375 0.02656250 0.01718750
2 0.62031250 0.59531250 0.02187500 0.01562500
2 0.05781250 0.38437500 0.01250000 0.01875000
2 0.56484375 0.58046875 0.02343750 0.01718750
2 0.20703125 0.30859375 0.01406250 0.02343750
2 0.48828125 0.58906250 0.02343750 0.02812500
2 0.55156250 0.63593750 0.03750000 0.01875000
2 0.43984375 0.43593750 0.02968750 0.02500000
2 0.57890625 0.60859375 0.02031250 0.02031250
1 0.85781250 0.71953125 0.08750000 0.03906250
1 0.59687500 0.96328125 0.08750000 0.03906250
1 0.85703125 0.83906250 0.09218750 0.03750000
1 0.94531250 0.95546875 0.08437500 0.03593750
1 0.42500000 0.61093750 0.05312500 0.02812500
1 0.23828125 0.46015625 0.02656250 0.04843750
1 0.60703125 0.77890625 0.07968750 0.03593750
1 0.60390625 0.83671875 0.08906250 0.03281250
1 0.71562500 0.78125000 0.08437500 0.03750000
1 0.25625000 0.52187500 0.04062500 0.02500000
1 0.55156250 0.63593750 0.04062500 0.01875000
1 0.01953125 0.46328125 0.03906250 0.05781250
1 0.96484375 0.83984375 0.07031250 0.03593750
1 0.94687500 0.77734375 0.09375000 0.03593750
1 0.17812500 0.58828125 0.03125000 0.02656250
1 0.97500000 0.71640625 0.05000000 0.03906250
1 0.59687500 0.72656250 0.09062500 0.04062500
1 0.97890625 0.89765625 0.04218750 0.03906250
1 0.18828125 0.52578125 0.03281250 0.02968750
1 0.73203125 0.84062500 0.08593750 0.03437500
1 0.86406250 0.89609375 0.09375000 0.04218750
1 0.73515625 0.89687500 0.09218750 0.03750000
1 0.82500000 0.95625000 0.09687500 0.04062500
1 0.59218750 0.89609375 0.09375000 0.03593750
1 0.74843750 0.71640625 0.09375000 0.03906250
1 0.82265625 0.77890625 0.07656250 0.03906250
1 0.69453125 0.96171875 0.10781250 0.03593750
1 0.29296875 0.56171875 0.03593750 0.02656250
