1 0.43359375 0.71406250 0.08593750 0.05000000
1 0.03750000 0.41250000 0.07500000 0.09375000
1 0.43281250 0.59062500 0.10000000 0.05937500
1 0.40703125 0.40859375 0.11406250 0.05156250
1 0.90390625 0.16875000 0.05156250 0.05625000
1 0.68515625 0.70937500 0.09531250 0.04062500
1 0.94921875 0.69687500 0.10156250 0.04062500
1 0.79609375 0.36328125 0.04531250 0.09531250
1 0.91875000 0.64765625 0.10937500 0.04218750
1 0.04609375 0.67578125 0.09218750 0.04218750
1 0.14296875 0.41093750 0.10468750 0.04375000
1 0.75000000 0.36328125 0.05000000 0.09843750
1 0.48359375 0.77968750 0.10781250 0.04375000
1 0.56328125 0.71562500 0.10156250 0.04375000
1 0.04765625 0.73281250 0.09531250 0.04062500
1 0.29921875 0.72578125 0.10468750 0.04218750
1 0.18828125 0.66953125 0.10156250 0.04218750
1 0.32343750 0.66093750 0.08750000 0.04375000
1 0.56484375 0.28046875 0.05781250 0.03281250
1 0.26328125 0.40234375 0.08281250 0.03281250
1 0.06171875 0.61875000 0.09843750 0.04062500
1 0.03750000 0.39296875 0.07500000 0.05781250
1 0.96328125 0.35703125 0.05468750 0.10468750
1 0.82656250 0.70859375 0.09687500 0.03906250
1 0.16562500 0.72734375 0.09687500 0.03593750
1 0.05546875 0.23984375 0.08281250 0.07968750
1 0.47500000 0.66015625 0.10000000 0.03906250
1 0.54062500 0.39453125 0.09687500 0.03906250
1 0.10312500 0.79375000 0.10000000 0.04062500
1 0.85781250 0.36562500 0.04375000 0.09687500
1 0.58203125 0.65312500 0.05156250 0.05312500
1 0.47812500 0.93203125 0.11875000 0.05156250
1 0.25937500 0.60859375 0.10625000 0.04218750
1 0.22968750 0.78828125 0.11250000 0.04843750
1 0.28281250 0.28437500 0.09687500 0.04375000
