1 0.76796875 0.04140625 0.07968750 0.03593750
1 0.95625000 0.09218750 0.08750000 0.03750000
1 0.79609375 0.20937500 0.09531250 0.03750000
1 0.30703125 0.15625000 0.08593750 0.03750000
1 0.54843750 0.23359375 0.09062500 0.05156250
1 0.41875000 0.03906250 0.09062500 0.03750000
1 0.16640625 0.03593750 0.08281250 0.03750000
1 0.77187500 0.46484375 0.09375000 0.04218750
1 0.01484375 0.08828125 0.02968750 0.03281250
1 0.91406250 0.36171875 0.09687500 0.03906250
1 0.94765625 0.27109375 0.07968750 0.03593750
1 0.10078125 0.47343750 0.09218750 0.03750000
1 0.24765625 0.41953125 0.09218750 0.03593750
1 0.53281250 0.15156250 0.09687500 0.03750000
1 0.29296875 0.35703125 0.09531250 0.03593750
1 0.98828125 0.15312500 0.02343750 0.03437500
1 0.15546875 0.08828125 0.08906250 0.03906250
1 0.79453125 0.58281250 0.04218750 0.02812500
1 0.82656250 0.27109375 0.09687500 0.04218750
1 0.34765625 0.09375000 0.08906250 0.03750000
1 0.31093750 0.92109375 0.02187500 0.03906250
1 0.12812500 0.15156250 0.10312500 0.03750000
1 0.03593750 0.21015625 0.07187500 0.03906250
1 0.60000000 0.27656250 0.09062500 0.03750000
1 0.97187500 0.21171875 0.05625000 0.03906250
1 0.62187500 0.40937500 0.09375000 0.03125000
1 0.56562500 0.46406250 0.08125000 0.04375000
1 0.53750000 0.09062500 0.07812500 0.04375000
1 0.70937500 0.27734375 0.08125000 0.03281250
