2 0.06796875 0.99296875 0.01406250 0.01406250
2 0.77343750 0.43593750 0.01875000 0.01562500
2 0.43984375 0.65156250 0.02968750 0.02187500
2 0.61718750 0.53984375 0.02500000 0.02343750
2 0.76953125 0.45078125 0.01406250 0.02343750
2 0.18359375 0.48437500 0.03281250 0.02500000
2 0.87968750 0.13359375 0.01875000 0.03281250
2 0.70703125 0.14921875 0.01718750 0.02968750
2 0.77265625 0.44453125 0.02031250 0.03281250
2 0.17421875 0.48046875 0.01718750 0.01718750
2 0.45859375 0.43203125 0.01718750 0.03593750
2 0.21875000 0.51015625 0.01562500 0.01718750
2 0.36718750 0.30781250 0.01875000 0.03437500
2 0.35781250 0.35546875 0.01875000 0.01718750
2 0.68828125 0.59843750 0.02656250 0.02187500
2 0.35078125 0.16562500 0.02656250 0.03125000
2 0.61015625 0.47031250 0.01406250 0.01562500
2 0.59375000 0.49140625 0.01562500 0.01718750
2 0.54765625 0.59375000 0.03281250 0.01562500
2 0.42812500 0.39609375 0.01562500 0.01718750
2 0.22734375 0.41328125 0.02343750 0.02343750
2 0.81796875 0.55703125 0.03593750 0.01718750
2 0.58828125 0.59843750 0.02656250 0.01875000
2 0.13984375 0.61484375 0.03281250 0.02031250
2 0.35781250 0.34609375 0.01875000 0.03281250
2 0.45937500 0.42343750 0.01250000 0.01875000
2 0.52187500 0.43437500 0.01562500 0.02187500
2 0.45312500 0.43437500 0.02500000 0.03750000
2 0.50859375 0.40781250 0.01093750 0.02187500
2 0.41718750 0.61015625 0.03125000 0.01718750
2 0.04218750 0.69453125 0.03125000 0.03281250
2 0.50937500 0.42031250 0.02187500 0.04687500
2 0.35703125 0.33828125 0.01718750 0.01718750
2 0.18906250 0.49062500 0.02187500 0.01562500
2 0.51015625 0.41796875 0.01406250 0.04218750
2 0.99375000 0.44062500 0.01250000 0.01875000
2 0.61250000 0.56718750 0.02812500 0.01562500
2 0.29921875 0.61718750 0.03281250 0.02500000
2 0.50546875 0.43203125 0.01406250 0.02031250
2 0.62734375 0.55078125 0.04843750 0.04218750
2 0.88828125 0.01328125 0.04843750 0.02343750
2 0.55078125 0.61093750 0.02343750 0.02187500
2 0.26250000 0.04218750 0.01875000 0.03437500
2 0.59609375 0.63359375 0.03593750 0.01718750
2 0.84843750 0.03671875 0.02812500 0.02656250
2 0.63984375 0.55312500 0.02343750 0.01562500
2 0.65468750 0.39531250 0.02187500 0.01875000
2 0.71640625 0.46718750 0.01718750 0.01875000
2 0.62890625 0.49765625 0.02031250 0.01718750
2 0.71875000 0.27734375 0.01562500 0.02343750
2 0.39062500 0.27031250 0.01875000 0.04062500
2 0.34296875 0.64609375 0.03593750 0.01718750
2 0.38125000 0.31328125 0.01562500 0.02031250
0 0.70859375 0.71328125 0.24843750 0.06718750
1 0.60546875 0.02812500 0.04218750 0.05625000
1 0.45000000 0.81953125 0.09375000 0.03593750
1 0.60703125 0.12109375 0.04218750 0.10781250
1 0.49843750 0.26875000 0.03437500 0.08750000
1 0.87578125 0.88437500 0.09531250 0.04375000
1 0.55468750 0.17734375 0.04375000 0.09531250
1 0.98046875 0.78281250 0.03906250 0.03750000
1 0.03046875 0.95000000 0.06093750 0.04062500
1 0.44453125 0.32265625 0.03593750 0.09218750
1 0.49921875 0.15390625 0.03593750 0.08593750
1 0.98203125 0.56796875 0.03593750 0.04531250
1 0.55781250 0.27890625 0.03437500 0.06718750
1 0.67187500 0.78359375 0.09062500 0.03593750
1 0.49765625 0.03984375 0.03906250 0.07968750
1 0.54921875 0.05625000 0.03593750 0.09062500
1 0.60625000 0.24218750 0.03437500 0.08437500
