1 0.90859375 0.02109375 0.08593750 0.03593750
1 0.73984375 0.02734375 0.09531250 0.03906250
1 0.36406250 0.19296875 0.09375000 0.04218750
1 0.54375000 0.09218750 0.10625000 0.04062500
1 0.46406250 0.02890625 0.09687500 0.03906250
1 0.71093750 0.57187500 0.09375000 0.04375000
1 0.04296875 0.04531250 0.08593750 0.03750000
1 0.98750000 0.26171875 0.02500000 0.04218750
1 0.30312500 0.04140625 0.10312500 0.03906250
1 0.17187500 0.03593750 0.10000000 0.03750000
1 0.98750000 0.02421875 0.02500000 0.03906250
1 0.38125000 0.09921875 0.10312500 0.03906250
1 0.82421875 0.08437500 0.09843750 0.03750000
1 0.20078125 0.19062500 0.09531250 0.04062500
1 0.11406250 0.10390625 0.10000000 0.04218750
1 0.97812500 0.08046875 0.04375000 0.03906250
1 0.59531250 0.03203125 0.10312500 0.03906250
1 0.69062500 0.09062500 0.10625000 0.04375000
1 0.24609375 0.10078125 0.10468750 0.03906250
