2 0.82421875 0.59531250 0.01718750 0.01562500
2 0.43125000 0.59296875 0.01562500 0.04218750
2 0.02343750 0.11875000 0.02187500 0.03437500
2 0.43125000 0.58515625 0.01562500 0.02656250
1 0.93046875 0.09453125 0.09843750 0.03593750
1 0.20703125 0.09453125 0.07968750 0.03593750
1 0.96250000 0.04140625 0.07500000 0.03906250
1 0.78593750 0.27421875 0.09687500 0.04531250
1 0.58281250 0.15546875 0.10937500 0.03906250
1 0.90078125 0.27812500 0.07656250 0.03750000
1 0.79531250 0.09375000 0.08125000 0.04062500
1 0.90937500 0.21171875 0.10000000 0.03906250
1 0.20234375 0.15234375 0.08906250 0.03281250
1 0.19062500 0.21093750 0.09375000 0.03750000
1 0.34765625 0.03125000 0.09218750 0.03750000
1 0.42421875 0.27343750 0.09531250 0.04062500
1 0.46406250 0.21250000 0.09687500 0.04062500
1 0.99296875 0.21171875 0.01406250 0.03281250
1 0.85546875 0.04218750 0.08906250 0.03437500
1 0.67109375 0.28046875 0.10156250 0.03593750
1 0.19453125 0.27890625 0.08593750 0.03593750
1 0.31406250 0.09609375 0.08437500 0.03593750
1 0.33437500 0.21250000 0.09062500 0.03750000
1 0.45625000 0.15390625 0.09375000 0.03593750
1 0.33046875 0.15546875 0.08593750 0.03593750
1 0.67968750 0.09765625 0.09062500 0.03906250
1 0.75000000 0.21796875 0.09687500 0.03593750
1 0.42187500 0.09531250 0.07812500 0.04062500
1 0.97656250 0.27109375 0.04687500 0.03593750
1 0.85078125 0.15468750 0.10156250 0.03750000
1 0.06015625 0.36796875 0.05156250 0.04218750
1 0.54296875 0.27265625 0.08281250 0.03593750
1 0.95625000 0.15546875 0.08437500 0.03593750
1 0.72500000 0.40390625 0.10312500 0.04218750
1 0.29531250 0.27578125 0.10312500 0.03281250
1 0.40703125 0.36250000 0.08593750 0.03750000
1 0.19687500 0.04140625 0.09062500 0.03906250
1 0.61015625 0.21406250 0.10781250 0.03750000
1 0.54687500 0.09375000 0.09375000 0.03750000
1 0.59453125 0.03203125 0.08906250 0.03906250
1 0.71250000 0.15468750 0.09375000 0.03750000
1 0.74296875 0.03750000 0.09843750 0.03750000
1 0.45781250 0.03593750 0.09375000 0.04375000
1 0.39062500 0.43671875 0.09062500 0.03906250
