2 0.72187500 0.79453125 0.03437500 0.02656250
2 0.55000000 0.53046875 0.01562500 0.01718750
2 0.40078125 0.43203125 0.02031250 0.03281250
2 0.40468750 0.37265625 0.01562500 0.02031250
2 0.75703125 0.88046875 0.01406250 0.02343750
2 0.66562500 0.64687500 0.02187500 0.03437500
2 0.75468750 0.84609375 0.03750000 0.03906250
2 0.34140625 0.38906250 0.03281250 0.02812500
2 0.12500000 0.50781250 0.01562500 0.01250000
2 0.32578125 0.56171875 0.01718750 0.02656250
2 0.75468750 0.85937500 0.03750000 0.06562500
2 0.18750000 0.45000000 0.03437500 0.04062500
2 0.31093750 0.55468750 0.01562500 0.01250000
2 0.00781250 0.38437500 0.01562500 0.03437500
2 0.73203125 0.79218750 0.01406250 0.01250000
2 0.21953125 0.59765625 0.02968750 0.02343750
2 0.29218750 0.46875000 0.03437500 0.01875000
2 0.28828125 0.47734375 0.04218750 0.03593750
2 0.18437500 0.58359375 0.04062500 0.02343750
2 0.31875000 0.56171875 0.03125000 0.02656250
2 0.66171875 0.65234375 0.02656250 0.04531250
2 0.21796875 0.49843750 0.01718750 0.01250000
2 0.39218750 0.37343750 0.04062500 0.02812500
2 0.47578125 0.14218750 0.01406250 0.01562500
2 0.23906250 0.44296875 0.01875000 0.01406250
2 0.25781250 0.50078125 0.01250000 0.01718750
2 0.00625000 0.59218750 0.01250000 0.01875000
2 0.53437500 0.86796875 0.02500000 0.03593750
2 0.34765625 0.58515625 0.02343750 0.01718750
2 0.63046875 0.81875000 0.01406250 0.01562500
2 0.33437500 0.38359375 0.01562500 0.01718750
2 0.43203125 0.69921875 0.01718750 0.01718750
2 0.44140625 0.70078125 0.03593750 0.02343750
2 0.41250000 0.42890625 0.04375000 0.03906250
2 0.41875000 0.30859375 0.01562500 0.03281250
2 0.38593750 0.37968750 0.05625000 0.04062500
2 0.40546875 0.20625000 0.01718750 0.03750000
0 0.17031250 0.98828125 0.25312500 0.02343750
0 0.75859375 0.04062500 0.06093750 0.08125000
1 0.64375000 0.00781250 0.03750000 0.01562500
1 0.64375000 0.10859375 0.03750000 0.08906250
1 0.08750000 0.41250000 0.10312500 0.04687500
1 0.57968750 0.25078125 0.04062500 0.09843750
1 0.22421875 0.20390625 0.05468750 0.09843750
1 0.18593750 0.34843750 0.08437500 0.08125000
1 0.08281250 0.68125000 0.07812500 0.04062500
1 0.25078125 0.08515625 0.04218750 0.09843750
1 0.86640625 0.62109375 0.07031250 0.09531250
1 0.70625000 0.01171875 0.03750000 0.02343750
1 0.77968750 0.31015625 0.04062500 0.09218750
1 0.07187500 0.88828125 0.09687500 0.03906250
1 0.26484375 0.78906250 0.10156250 0.04062500
1 0.58281250 0.00625000 0.03437500 0.01250000
1 0.20234375 0.88515625 0.10156250 0.03906250
1 0.52031250 0.12421875 0.04687500 0.09843750
1 0.69921875 0.22656250 0.04218750 0.10312500
1 0.09375000 0.94453125 0.10312500 0.04531250
1 0.70234375 0.08593750 0.03906250 0.09062500
1 0.75625000 0.06562500 0.05625000 0.03125000
1 0.01953125 0.98906250 0.03906250 0.02187500
1 0.63671875 0.25312500 0.04218750 0.10000000
1 0.37578125 0.59765625 0.07968750 0.07656250
1 0.25546875 0.94375000 0.10468750 0.03750000
1 0.50234375 0.84531250 0.09218750 0.06562500
1 0.58046875 0.09921875 0.04531250 0.10156250
1 0.99140625 0.53750000 0.01718750 0.04062500
3 0.66406250 0.64609375 0.02187500 0.03281250
3 0.19921875 0.59062500 0.07031250 0.03750000
