2 0.44609375 0.58828125 0.02031250 0.02968750
2 0.66562500 0.19609375 0.01875000 0.02031250
1 0.98437500 0.19140625 0.03125000 0.04531250
1 0.81875000 0.80546875 0.04062500 0.09218750
1 0.88046875 0.95156250 0.03906250 0.08437500
1 0.86953125 0.71171875 0.04218750 0.09843750
1 0.20312500 0.33046875 0.09375000 0.03906250
1 0.07656250 0.26953125 0.09687500 0.03906250
1 0.87421875 0.83281250 0.03906250 0.09062500
1 0.34921875 0.98984375 0.04218750 0.02031250
1 0.21484375 0.21015625 0.10156250 0.04218750
1 0.34453125 0.90781250 0.03906250 0.09687500
1 0.42265625 0.17500000 0.09218750 0.05000000
1 0.15078125 0.04296875 0.09218750 0.05468750
1 0.82812500 0.96484375 0.04062500 0.07031250
1 0.05781250 0.33515625 0.08750000 0.03593750
1 0.85781250 0.31406250 0.09062500 0.08750000
1 0.76093750 0.78125000 0.04062500 0.09062500
1 0.66328125 0.67343750 0.05468750 0.09375000
1 0.76484375 0.92734375 0.04218750 0.10468750
1 0.61093750 0.04687500 0.08437500 0.08437500
1 0.81406250 0.68671875 0.03750000 0.09218750
1 0.19609375 0.26484375 0.09843750 0.04218750
1 0.99296875 0.69765625 0.01406250 0.04843750
