1 0.84921875 0.40078125 0.11718750 0.04843750
1 0.58281250 0.40078125 0.10625000 0.04531250
1 0.98984375 0.27656250 0.02031250 0.03125000
1 0.77968750 0.78281250 0.10312500 0.04062500
1 0.50156250 0.66953125 0.10000000 0.03906250
1 0.00703125 0.74921875 0.01406250 0.03593750
1 0.48359375 0.73125000 0.10156250 0.04062500
1 0.13750000 0.12109375 0.04375000 0.09843750
1 0.93984375 0.77343750 0.12031250 0.05000000
1 0.06484375 0.96562500 0.10468750 0.04375000
1 0.32109375 0.21015625 0.04218750 0.09218750
1 0.27421875 0.89375000 0.10156250 0.04062500
1 0.22421875 0.73515625 0.09843750 0.03906250
1 0.76640625 0.96796875 0.10781250 0.03906250
1 0.45937500 0.38125000 0.10937500 0.05937500
1 0.32031250 0.97343750 0.10312500 0.04375000
1 0.21250000 0.15312500 0.04375000 0.10312500
1 0.21015625 0.67656250 0.09531250 0.04062500
1 0.89765625 0.51406250 0.04843750 0.03437500
1 0.96875000 0.39062500 0.06250000 0.04062500
1 0.51406250 0.78984375 0.10312500 0.04218750
1 0.49453125 0.22734375 0.07968750 0.08281250
1 0.64765625 0.78515625 0.10468750 0.04218750
1 0.72265625 0.60781250 0.10156250 0.04062500
1 0.64453125 0.89921875 0.10468750 0.04218750
1 0.72500000 0.27421875 0.10000000 0.04531250
1 0.34218750 0.59140625 0.10625000 0.05156250
1 0.98203125 0.71718750 0.03593750 0.04062500
2 0.42578125 0.55859375 0.02031250 0.02031250
2 0.36562500 0.34453125 0.01250000 0.02031250
2 0.33750000 0.65078125 0.02812500 0.02343750
2 0.83125000 0.26093750 0.01562500 0.01875000
2 0.31953125 0.34062500 0.01406250 0.02500000
2 0.32031250 0.52500000 0.01875000 0.04062500
2 0.36093750 0.35078125 0.02187500 0.03281250
2 0.85703125 0.29921875 0.01406250 0.02031250
2 0.22578125 0.35859375 0.02656250 0.03281250
2 0.07812500 0.41328125 0.03125000 0.03281250
2 0.88984375 0.26718750 0.02031250 0.01875000
2 0.36015625 0.36640625 0.02343750 0.06406250
2 0.43203125 0.56093750 0.03281250 0.02500000
2 0.45625000 0.33906250 0.01562500 0.02812500
2 0.80781250 0.27890625 0.01875000 0.01406250
2 0.31328125 0.34609375 0.02656250 0.03593750
