0 0.07109375 0.39765625 0.10156250 0.07031250
0 0.07500000 0.41171875 0.12187500 0.10156250
0 0.16484375 0.67890625 0.27031250 0.05781250
0 0.06875000 0.44375000 0.10937500 0.03437500
1 0.18281250 0.73515625 0.10000000 0.03906250
1 0.59453125 0.41484375 0.08906250 0.04218750
1 0.96953125 0.20000000 0.05156250 0.05000000
1 0.96484375 0.79765625 0.07031250 0.04218750
1 0.04921875 0.74296875 0.09843750 0.03906250
1 0.50390625 0.68359375 0.09218750 0.04218750
1 0.36562500 0.67343750 0.06875000 0.05000000
1 0.89531250 0.23984375 0.05937500 0.02031250
1 0.29531250 0.42812500 0.10625000 0.05625000
1 0.07031250 0.39687500 0.10312500 0.06875000
1 0.90703125 0.62031250 0.11093750 0.05312500
1 0.47812500 0.73125000 0.09375000 0.03750000
1 0.44843750 0.79921875 0.08437500 0.03906250
1 0.06328125 0.80234375 0.09531250 0.04218750
1 0.19687500 0.41875000 0.10625000 0.04375000
1 0.22968750 0.80234375 0.10625000 0.04531250
1 0.31562500 0.61015625 0.10625000 0.06406250
1 0.31406250 0.74296875 0.10312500 0.03906250
1 0.85468750 0.38984375 0.04687500 0.09531250
1 0.50781250 0.53593750 0.04687500 0.03125000
1 0.91562500 0.39687500 0.04687500 0.10000000
1 0.47265625 0.68359375 0.03281250 0.04218750
1 0.34062500 0.29609375 0.09687500 0.04218750
1 0.96796875 0.39453125 0.06406250 0.10468750
1 0.75468750 0.73593750 0.09687500 0.04062500
1 0.60781250 0.73671875 0.10625000 0.03906250
1 0.66640625 0.79765625 0.09531250 0.04218750
1 0.11250000 0.24453125 0.07812500 0.08281250
1 0.46250000 0.42343750 0.11562500 0.04687500
1 0.62343750 0.30156250 0.05625000 0.03437500
1 0.80703125 0.38984375 0.04843750 0.10468750
1 0.30859375 0.41484375 0.07031250 0.03281250
