2 0.20390625 0.95078125 0.01718750 0.04843750
2 0.23515625 0.96875000 0.01406250 0.01875000
2 0.84453125 0.28046875 0.03593750 0.02343750
2 0.31718750 0.83906250 0.01562500 0.02812500
2 0.87343750 0.52265625 0.02500000 0.02968750
2 0.36875000 0.53203125 0.03750000 0.03906250
2 0.38125000 0.38906250 0.01562500 0.03125000
2 0.16640625 0.03515625 0.01406250 0.04843750
2 0.38203125 0.54687500 0.02031250 0.01875000
2 0.13515625 0.04531250 0.02031250 0.01875000
2 0.77343750 0.28984375 0.02812500 0.02031250
2 0.13359375 0.46093750 0.02656250 0.03437500
2 0.30859375 0.60546875 0.01093750 0.01406250
2 0.85000000 0.79921875 0.01875000 0.02343750
2 0.31953125 0.40781250 0.01406250 0.01875000
2 0.35156250 0.62500000 0.01875000 0.01875000
2 0.34218750 0.48750000 0.02500000 0.03125000
2 0.23515625 0.39218750 0.02343750 0.02812500
2 0.14375000 0.20546875 0.01562500 0.03281250
2 0.30234375 0.67812500 0.01718750 0.01875000
2 0.79375000 0.27500000 0.01562500 0.01875000
2 0.30078125 0.66875000 0.02343750 0.03750000
2 0.17031250 0.95312500 0.01875000 0.03437500
2 0.30312500 0.51328125 0.03437500 0.02656250
2 0.13593750 0.06875000 0.02187500 0.06250000
2 0.29375000 0.66171875 0.01250000 0.02343750
2 0.13906250 0.45703125 0.01562500 0.02656250
2 0.35859375 0.53437500 0.01718750 0.03750000
2 0.38203125 0.38281250 0.01406250 0.01875000
2 0.34375000 0.48046875 0.02187500 0.01718750
2 0.15703125 0.53750000 0.01718750 0.02812500
2 0.84531250 0.52265625 0.01562500 0.02343750
2 0.35781250 0.62656250 0.03437500 0.02187500
2 0.38437500 0.55078125 0.02500000 0.02968750
2 0.93359375 0.47812500 0.03906250 0.02500000
2 0.36718750 0.62968750 0.01562500 0.01250000
2 0.21953125 0.84843750 0.01406250 0.03437500
2 0.33046875 0.57421875 0.01718750 0.02343750
2 0.44140625 0.84453125 0.01406250 0.02031250
2 0.36953125 0.52734375 0.03593750 0.02968750
2 0.37890625 0.52812500 0.01718750 0.02500000
2 0.92109375 0.48437500 0.01406250 0.01562500
2 0.22421875 0.45000000 0.02968750 0.02500000
2 0.23515625 0.96250000 0.01406250 0.03125000
0 0.09609375 0.54140625 0.06718750 0.25156250
1 0.44609375 0.73828125 0.10781250 0.04218750
1 0.65468750 0.41953125 0.10625000 0.06406250
1 0.97187500 0.28515625 0.05625000 0.03281250
1 0.89453125 0.66328125 0.10156250 0.03906250
1 0.01796875 0.45078125 0.03593750 0.09843750
1 0.86718750 0.72109375 0.11875000 0.05156250
1 0.55156250 0.41328125 0.10625000 0.04218750
1 0.29062500 0.22890625 0.04375000 0.09218750
1 0.01562500 0.91093750 0.03125000 0.09062500
1 0.42656250 0.39453125 0.10937500 0.05156250
1 0.18203125 0.17343750 0.04218750 0.10312500
1 0.45000000 0.67968750 0.09687500 0.04062500
1 0.24531250 0.59453125 0.09375000 0.05468750
1 0.81328125 0.41171875 0.11718750 0.04843750
1 0.97500000 0.71328125 0.05000000 0.05156250
1 0.46093750 0.24296875 0.07812500 0.07968750
1 0.59531250 0.67265625 0.10312500 0.04218750
1 0.70625000 0.72812500 0.10625000 0.04375000
1 0.50000000 0.61640625 0.10000000 0.04218750
1 0.06171875 0.97968750 0.03906250 0.04062500
1 0.72890625 0.66328125 0.08906250 0.04218750
1 0.57421875 0.72968750 0.09843750 0.03750000
1 0.68906250 0.28671875 0.09687500 0.04531250
1 0.94531250 0.40000000 0.09062500 0.04375000
1 0.98125000 0.65703125 0.03750000 0.05468750
