1 0.83906250 0.07109375 0.04375000 0.10468750
1 0.08593750 0.24921875 0.10625000 0.04531250
1 0.58593750 0.30234375 0.03750000 0.09531250
1 0.94609375 0.87265625 0.03906250 0.10156250
1 0.84062500 0.50234375 0.04062500 0.09218750
1 0.44921875 0.41015625 0.07343750 0.06093750
1 0.01484375 0.30468750 0.02968750 0.03750000
1 0.89062500 0.67031250 0.03750000 0.10625000
1 0.33281250 0.38984375 0.09687500 0.04531250
1 0.25078125 0.25000000 0.10156250 0.04062500
1 0.64062500 0.25781250 0.04687500 0.09062500
1 0.12265625 0.19375000 0.10156250 0.04062500
1 0.63203125 0.05312500 0.03906250 0.09062500
1 0.76875000 0.53046875 0.04062500 0.10156250
1 0.88515625 0.96953125 0.03906250 0.06093750
1 0.21015625 0.36953125 0.09843750 0.03906250
1 0.04218750 0.37187500 0.08437500 0.04062500
1 0.69296875 0.26484375 0.03906250 0.09531250
1 0.69687500 0.55703125 0.04062500 0.10156250
1 0.88750000 0.34921875 0.03750000 0.09843750
1 0.82812500 0.80546875 0.04062500 0.09531250
1 0.59765625 0.55312500 0.04218750 0.10312500
1 0.77265625 0.86796875 0.03906250 0.08906250
1 0.77109375 0.70937500 0.03906250 0.09687500
1 0.18437500 0.48828125 0.04687500 0.02343750
1 0.75546875 0.34453125 0.03906250 0.07968750
1 0.64843750 0.95468750 0.04062500 0.09062500
1 0.35000000 0.98515625 0.04375000 0.02968750
0 0.16406250 0.31406250 0.25937500 0.06250000
2 0.44375000 0.57109375 0.01562500 0.02031250
2 0.34296875 0.18671875 0.01406250 0.02031250
2 0.47187500 0.10859375 0.01875000 0.03593750
2 0.45000000 0.60000000 0.01562500 0.01875000
2 0.45703125 0.16093750 0.01406250 0.02187500
2 0.97890625 0.06250000 0.01718750 0.02812500
2 0.45937500 0.16875000 0.01875000 0.03750000
2 0.41953125 0.53125000 0.01718750 0.02812500
2 0.53671875 0.31484375 0.02031250 0.03593750
2 0.50859375 0.85078125 0.01093750 0.02031250
2 0.53359375 0.30859375 0.01718750 0.02343750
2 0.26562500 0.51562500 0.01562500 0.01562500
2 0.28203125 0.46953125 0.01406250 0.01406250
2 0.41718750 0.47578125 0.02812500 0.02656250
2 0.52421875 0.49765625 0.02656250 0.02968750
2 0.35859375 0.08359375 0.01718750 0.02031250
2 0.36875000 0.10546875 0.01562500 0.01406250
2 0.47265625 0.54453125 0.01718750 0.01718750
2 0.46562500 0.60312500 0.01875000 0.01562500
2 0.52343750 0.60312500 0.01562500 0.02812500
2 0.31875000 0.56328125 0.01562500 0.02968750
2 0.39375000 0.06250000 0.02187500 0.05312500
2 0.42734375 0.13906250 0.02031250 0.02500000
2 0.32421875 0.56718750 0.02656250 0.03750000
2 0.48593750 0.04765625 0.02500000 0.03906250
2 0.29687500 0.43750000 0.02187500 0.02812500
2 0.46093750 0.17968750 0.01875000 0.01875000
2 0.50703125 0.34843750 0.01406250 0.02812500
2 0.41640625 0.65390625 0.02031250 0.02343750
2 0.47031250 0.10234375 0.01562500 0.02343750
2 0.36250000 0.15234375 0.02187500 0.02656250
2 0.18437500 0.48828125 0.04687500 0.02343750
2 0.43750000 0.52265625 0.02500000 0.02343750
2 0.54218750 0.78203125 0.01875000 0.03593750
2 0.43046875 0.31718750 0.01718750 0.01250000
2 0.44218750 0.24296875 0.01562500 0.03281250
2 0.39375000 0.04843750 0.01875000 0.02500000
2 0.15546875 0.00546875 0.02343750 0.01093750
2 0.45234375 0.11328125 0.02031250 0.03281250
2 0.51953125 0.40468750 0.01406250 0.04062500
2 0.32812500 0.57734375 0.01875000 0.01718750
2 0.53984375 0.32343750 0.01406250 0.02187500
2 0.51953125 0.39843750 0.01406250 0.02812500
2 0.43515625 0.05312500 0.02343750 0.03750000
