1 0.96406250 0.42343750 0.05625000 0.09687500
1 0.51250000 0.82109375 0.09687500 0.03593750
1 0.80312500 0.41640625 0.05312500 0.10156250
1 0.39296875 0.82187500 0.09843750 0.03750000
1 0.45781250 0.44140625 0.11562500 0.04843750
1 0.97031250 0.22812500 0.05312500 0.05000000
1 0.85078125 0.41640625 0.04843750 0.09531250
1 0.04609375 0.68828125 0.09218750 0.04218750
1 0.15390625 0.62656250 0.09218750 0.04687500
1 0.88984375 0.76562500 0.10156250 0.04062500
1 0.33984375 0.31015625 0.09843750 0.04218750
1 0.06562500 0.40468750 0.10312500 0.05312500
1 0.26562500 0.81406250 0.10000000 0.04062500
1 0.89062500 0.70156250 0.10312500 0.04062500
1 0.30937500 0.75234375 0.10312500 0.03906250
1 0.62656250 0.82109375 0.10625000 0.03906250
1 0.03593750 0.75468750 0.07187500 0.03750000
1 0.19296875 0.42968750 0.10468750 0.04375000
1 0.40468750 0.69609375 0.10625000 0.04218750
1 0.62265625 0.31875000 0.05468750 0.02812500
1 0.68984375 0.63906250 0.10156250 0.04062500
1 0.91015625 0.82578125 0.10156250 0.04218750
1 0.07578125 0.98906250 0.09843750 0.02187500
1 0.91328125 0.42500000 0.04531250 0.09687500
1 0.98906250 0.82734375 0.02187500 0.03906250
1 0.64609375 0.70156250 0.10156250 0.04062500
1 0.77265625 0.82343750 0.11093750 0.04062500
1 0.53984375 0.75703125 0.10468750 0.04218750
1 0.64140625 0.99062500 0.10781250 0.01875000
1 0.11171875 0.25234375 0.07656250 0.08281250
1 0.54921875 0.90859375 0.09843750 0.03593750
1 0.59296875 0.43437500 0.08906250 0.03750000
1 0.12343750 0.81640625 0.10000000 0.03906250
1 0.19687500 0.94453125 0.10625000 0.04218750
