2 0.04609375 0.15234375 0.02031250 0.02343750
2 0.47421875 0.56406250 0.02656250 0.01875000
2 0.78515625 0.36328125 0.02343750 0.02031250
2 0.14453125 0.76250000 0.01406250 0.02187500
2 0.37500000 0.56484375 0.02500000 0.02343750
2 0.02734375 0.13671875 0.01093750 0.01718750
2 0.93125000 0.58828125 0.01562500 0.02343750
2 0.34218750 0.58437500 0.01250000 0.02187500
2 0.73437500 0.50859375 0.02187500 0.01718750
2 0.33750000 0.57421875 0.02187500 0.03906250
2 0.73437500 0.57656250 0.02187500 0.01875000
2 0.15000000 0.76171875 0.02500000 0.02656250
2 0.27421875 0.42578125 0.02968750 0.02656250
2 0.05625000 0.13671875 0.01562500 0.03281250
2 0.16953125 0.44375000 0.01406250 0.01875000
2 0.74921875 0.56015625 0.02343750 0.02343750
2 0.73359375 0.25156250 0.01093750 0.02812500
2 0.33359375 0.25234375 0.02656250 0.02343750
2 0.16250000 0.45390625 0.02812500 0.03593750
2 0.03046875 0.03984375 0.01718750 0.03281250
2 0.72421875 0.53359375 0.02656250 0.03906250
2 0.22968750 0.25078125 0.01250000 0.02656250
2 0.97578125 0.55390625 0.02656250 0.02031250
2 0.79140625 0.59375000 0.02031250 0.01875000
2 0.73828125 0.56718750 0.02968750 0.03750000
2 0.42812500 0.58437500 0.02812500 0.01562500
2 0.71093750 0.39062500 0.02187500 0.03750000
2 0.33515625 0.56484375 0.02031250 0.02343750
0 0.08281250 0.96484375 0.16562500 0.07031250
0 0.89921875 0.29531250 0.20156250 0.15312500
1 0.87890625 0.65312500 0.09531250 0.04062500
1 0.92500000 0.95937500 0.09375000 0.03750000
1 0.88828125 0.77187500 0.09218750 0.03750000
1 0.50156250 0.66171875 0.09062500 0.03906250
1 0.62343750 0.77656250 0.09062500 0.03750000
1 0.90859375 0.83593750 0.10468750 0.04687500
1 0.70078125 0.71875000 0.08593750 0.03750000
1 0.76328125 0.77500000 0.08593750 0.03750000
1 0.26328125 0.63906250 0.08593750 0.04687500
1 0.98515625 0.71562500 0.02968750 0.03437500
1 0.57578125 0.72187500 0.09531250 0.03750000
1 0.60000000 0.83906250 0.09687500 0.03750000
1 0.61015625 0.89765625 0.07968750 0.03593750
1 0.76171875 0.83984375 0.08281250 0.03593750
1 0.83359375 0.71796875 0.07343750 0.03593750
1 0.66484375 0.95937500 0.11406250 0.03750000
1 0.50625000 0.96250000 0.08125000 0.04375000
1 0.98750000 0.77265625 0.02500000 0.03593750
1 0.81562500 0.96171875 0.10000000 0.03906250
