1 0.30546875 0.78125000 0.11406250 0.06250000
1 0.91171875 0.36796875 0.05156250 0.09218750
1 0.53750000 0.39375000 0.09687500 0.03750000
1 0.90234375 0.16718750 0.04843750 0.05312500
1 0.70390625 0.70000000 0.10468750 0.06250000
1 0.79609375 0.36171875 0.04531250 0.09531250
1 0.01328125 0.61406250 0.02656250 0.03750000
1 0.91718750 0.64531250 0.10937500 0.05625000
1 0.47890625 0.71250000 0.10781250 0.04687500
1 0.04687500 0.72968750 0.09375000 0.04062500
1 0.28281250 0.28359375 0.09687500 0.04531250
1 0.14296875 0.40859375 0.10468750 0.04218750
1 0.18750000 0.66562500 0.10000000 0.04062500
1 0.31953125 0.65625000 0.08593750 0.04375000
1 0.56250000 0.27812500 0.05312500 0.03125000
1 0.16484375 0.72187500 0.09843750 0.04062500
1 0.87500000 0.70312500 0.10000000 0.04375000
1 0.14218750 0.61015625 0.09062500 0.04218750
1 0.04609375 0.67187500 0.09218750 0.04687500
1 0.74765625 0.36171875 0.04843750 0.10156250
1 0.57890625 0.65078125 0.05156250 0.05156250
1 0.95781250 0.35546875 0.05312500 0.10468750
1 0.40546875 0.40468750 0.11406250 0.05000000
1 0.29765625 0.72265625 0.10468750 0.04218750
1 0.05468750 0.23671875 0.08125000 0.07968750
1 0.47265625 0.65781250 0.10156250 0.03750000
1 0.10234375 0.79218750 0.09843750 0.04375000
1 0.85625000 0.36484375 0.04375000 0.09531250
