2 0.42578125 0.53750000 0.02656250 0.02187500
2 0.30546875 0.54843750 0.01718750 0.02812500
2 0.31406250 0.43359375 0.02187500 0.01406250
2 0.25390625 0.49843750 0.01718750 0.01875000
2 0.31015625 0.55234375 0.02656250 0.03906250
2 0.31484375 0.56406250 0.01718750 0.01875000
2 0.29375000 0.57343750 0.01562500 0.01562500
2 0.33593750 0.52187500 0.02500000 0.02500000
2 0.28593750 0.42421875 0.02187500 0.02656250
2 0.40234375 0.64453125 0.02031250 0.02656250
2 0.42265625 0.46015625 0.02031250 0.02343750
2 0.06328125 0.59609375 0.02656250 0.02031250
2 0.79140625 0.15468750 0.01718750 0.01875000
0 0.82343750 0.31640625 0.24687500 0.05781250
1 0.09375000 0.17031250 0.08750000 0.03437500
1 0.95546875 0.01171875 0.08906250 0.02343750
1 0.80468750 0.86171875 0.04062500 0.09843750
1 0.49765625 0.30312500 0.10468750 0.04062500
1 0.27656250 0.29687500 0.09687500 0.04062500
1 0.50312500 0.23125000 0.09687500 0.03750000
1 0.49843750 0.06484375 0.09062500 0.04531250
1 0.77343750 0.06015625 0.10000000 0.03906250
1 0.00703125 0.28984375 0.01406250 0.04218750
1 0.22734375 0.17343750 0.10156250 0.04062500
1 0.01250000 0.16796875 0.02500000 0.03906250
1 0.86250000 0.90000000 0.04375000 0.10000000
1 0.86484375 0.76875000 0.03906250 0.10000000
1 0.74843750 0.90156250 0.04062500 0.10312500
1 0.13437500 0.04765625 0.09062500 0.04218750
1 0.25468750 0.36406250 0.09375000 0.04375000
1 0.80781250 0.97109375 0.04062500 0.05781250
1 0.80781250 0.71796875 0.03437500 0.08593750
1 0.85781250 0.98828125 0.03750000 0.02343750
1 0.51718750 0.52265625 0.07500000 0.09843750
1 0.50546875 0.16796875 0.09531250 0.03906250
1 0.74453125 0.76718750 0.03593750 0.07812500
1 0.74296875 0.98515625 0.03906250 0.02968750
1 0.62968750 0.14609375 0.10000000 0.05781250
1 0.24375000 0.23515625 0.10000000 0.04218750
1 0.32109375 0.97890625 0.04218750 0.04218750
