2 0.43515625 0.37656250 0.02031250 0.02187500
2 0.78593750 0.58828125 0.03125000 0.02031250
2 0.01640625 0.56718750 0.02343750 0.02187500
2 0.13750000 0.45859375 0.02812500 0.02031250
2 0.12812500 0.48671875 0.02812500 0.02656250
2 0.17578125 0.61250000 0.02968750 0.02500000
2 0.22343750 0.31484375 0.02500000 0.02968750
2 0.22500000 0.30781250 0.02187500 0.01562500
2 0.47500000 0.59218750 0.02812500 0.01562500
1 0.35234375 0.96796875 0.09218750 0.03906250
1 0.58281250 0.72656250 0.09687500 0.04375000
1 0.76171875 0.90156250 0.10156250 0.04687500
1 0.86875000 0.96484375 0.09687500 0.03906250
1 0.89765625 0.78593750 0.09531250 0.04062500
1 0.02890625 0.84296875 0.05781250 0.03593750
1 0.21562500 0.72578125 0.08437500 0.03906250
1 0.45781250 0.65859375 0.09375000 0.04218750
1 0.00625000 0.72265625 0.01250000 0.03906250
1 0.48593750 0.90546875 0.09375000 0.03906250
1 0.12109375 0.65390625 0.08906250 0.04218750
1 0.31562500 0.85000000 0.09375000 0.03750000
1 0.71484375 0.78125000 0.09531250 0.03750000
1 0.08828125 0.77421875 0.08593750 0.03593750
1 0.96484375 0.96796875 0.07031250 0.03593750
1 0.48906250 0.96953125 0.06875000 0.03906250
1 0.98671875 0.71406250 0.02656250 0.04062500
1 0.74062500 0.96328125 0.09375000 0.03906250
1 0.19453125 0.61250000 0.06718750 0.02812500
1 0.52031250 0.78671875 0.10312500 0.03906250
1 0.61796875 0.96718750 0.09531250 0.03750000
1 0.74218750 0.84296875 0.09687500 0.03906250
1 0.07187500 0.90234375 0.09062500 0.04218750
1 0.74453125 0.65468750 0.10156250 0.04062500
1 0.34609375 0.78437500 0.09218750 0.04062500
1 0.24062500 0.96484375 0.08437500 0.04218750
1 0.82734375 0.72265625 0.10156250 0.04218750
