1 0.70703125 0.02343750 0.10781250 0.04375000
1 0.42343750 0.63203125 0.04687500 0.01406250
1 0.63359375 0.13828125 0.10781250 0.04218750
1 0.12968750 0.13203125 0.10000000 0.03906250
1 0.95234375 0.02265625 0.09531250 0.04218750
1 0.51718750 0.13828125 0.09375000 0.03906250
1 0.91718750 0.14531250 0.10312500 0.04062500
1 0.05546875 0.37421875 0.03906250 0.04218750
1 0.26484375 0.01406250 0.09531250 0.02812500
1 0.80312500 0.23203125 0.09375000 0.04218750
1 0.69687500 0.62812500 0.09375000 0.04687500
1 0.22578125 0.07343750 0.09843750 0.04375000
1 0.05000000 0.01562500 0.10000000 0.03125000
1 0.02500000 0.60312500 0.05000000 0.03437500
1 0.03750000 0.37578125 0.07500000 0.04531250
1 0.27968750 0.22187500 0.10937500 0.04375000
1 0.38281250 0.13828125 0.06875000 0.04218750
1 0.75234375 0.08203125 0.10468750 0.03593750
1 0.48515625 0.29218750 0.10781250 0.04687500
1 0.49062500 0.07031250 0.10312500 0.04062500
1 0.27265625 0.12968750 0.10156250 0.04062500
1 0.99296875 0.14687500 0.01406250 0.03750000
1 0.78046875 0.14218750 0.11093750 0.04062500
