2 0.24687500 0.66640625 0.01875000 0.03281250
2 0.95312500 0.23046875 0.01562500 0.01406250
2 0.92187500 0.41093750 0.02187500 0.02812500
2 0.13203125 0.51640625 0.01093750 0.01093750
2 0.95937500 0.62109375 0.01875000 0.01718750
2 0.96718750 0.23203125 0.01562500 0.01406250
2 0.96484375 0.80781250 0.02343750 0.03125000
2 0.96562500 0.62031250 0.03125000 0.01875000
2 0.01250000 0.60781250 0.02500000 0.02187500
2 0.26093750 0.60390625 0.03125000 0.01718750
2 0.94375000 0.66875000 0.01562500 0.01562500
2 0.91953125 0.40468750 0.02031250 0.02187500
2 0.90703125 0.60312500 0.01718750 0.01875000
2 0.91953125 0.60000000 0.03906250 0.02500000
2 0.05312500 0.78906250 0.02500000 0.02812500
2 0.93984375 0.67187500 0.02343750 0.02187500
2 0.99296875 0.63906250 0.01406250 0.01875000
2 0.46406250 0.87265625 0.02187500 0.02343750
2 0.84296875 0.61093750 0.02343750 0.02187500
2 0.95468750 0.80703125 0.04375000 0.03593750
2 0.89453125 0.69140625 0.01718750 0.02343750
2 0.92656250 0.60078125 0.02500000 0.02343750
2 0.94140625 0.79609375 0.01718750 0.01406250
2 0.92734375 0.41562500 0.01093750 0.02187500
2 0.88906250 0.02968750 0.01875000 0.04687500
2 0.26406250 0.60390625 0.02500000 0.01718750
2 0.92656250 0.41328125 0.01250000 0.02656250
2 0.40546875 0.98828125 0.04843750 0.02343750
2 0.50703125 0.67343750 0.01406250 0.00937500
2 0.87109375 0.60078125 0.02656250 0.02031250
2 0.67265625 0.98515625 0.03281250 0.02968750
2 0.94218750 0.28125000 0.01562500 0.01562500
2 0.87500000 0.60078125 0.02812500 0.02031250
2 0.80390625 0.60781250 0.02343750 0.01875000
2 0.93359375 0.67812500 0.01406250 0.01250000
2 0.80937500 0.60625000 0.03437500 0.02187500
2 0.82343750 0.60703125 0.06562500 0.02343750
2 0.94375000 0.34687500 0.01562500 0.01250000
2 0.93359375 0.16562500 0.01406250 0.01250000
2 0.96015625 0.23046875 0.02968750 0.01718750
2 0.88828125 0.02031250 0.01718750 0.02187500
1 0.63671875 0.30468750 0.08906250 0.03437500
1 0.78984375 0.24140625 0.08906250 0.04218750
1 0.83593750 0.54609375 0.09687500 0.03906250
1 0.33359375 0.55312500 0.10468750 0.03750000
1 0.00625000 0.37500000 0.01250000 0.03750000
1 0.09296875 0.43515625 0.08906250 0.03906250
1 0.14687500 0.07031250 0.09375000 0.04687500
1 0.38593750 0.43125000 0.09375000 0.03750000
1 0.78671875 0.48125000 0.08593750 0.03750000
1 0.12187500 0.31328125 0.09375000 0.03593750
1 0.01718750 0.48906250 0.03437500 0.03437500
1 0.02421875 0.25546875 0.04843750 0.04843750
1 0.51171875 0.55468750 0.09218750 0.03750000
1 0.54765625 0.48203125 0.07968750 0.03593750
1 0.35000000 0.31093750 0.09687500 0.04687500
1 0.51015625 0.37265625 0.09531250 0.03593750
1 0.22421875 0.43125000 0.09843750 0.04062500
1 0.38125000 0.36796875 0.09062500 0.04218750
1 0.00468750 0.43437500 0.00937500 0.03125000
1 0.66484375 0.24921875 0.09218750 0.04218750
1 0.22578125 0.37109375 0.09843750 0.03906250
1 0.28359375 0.49453125 0.09531250 0.03593750
1 0.64296875 0.42343750 0.08906250 0.04062500
1 0.09687500 0.36875000 0.08750000 0.04375000
1 0.75781250 0.30468750 0.08750000 0.03750000
1 0.75937500 0.36328125 0.09375000 0.03906250
1 0.66406250 0.48281250 0.09687500 0.04687500
1 0.69375000 0.54609375 0.09375000 0.03906250
1 0.42031250 0.48828125 0.09062500 0.03593750
1 0.51562500 0.42734375 0.10312500 0.03906250
1 0.51718750 0.30468750 0.08750000 0.03437500
1 0.12109375 0.49375000 0.10781250 0.03750000
1 0.63437500 0.37109375 0.09687500 0.03593750
1 0.16796875 0.55546875 0.08906250 0.03593750
1 0.77343750 0.42187500 0.09687500 0.04375000
1 0.38984375 0.06171875 0.05468750 0.07343750
