2 0.30781250 0.42109375 0.01250000 0.01406250
2 0.05546875 0.19062500 0.01406250 0.04687500
2 0.97734375 0.56875000 0.02656250 0.01875000
2 0.34609375 0.55156250 0.01406250 0.01875000
2 0.56250000 0.55234375 0.02812500 0.02656250
2 0.16796875 0.46875000 0.01718750 0.01875000
2 0.18046875 0.43359375 0.01406250 0.01718750
2 0.98203125 0.56875000 0.03593750 0.02187500
2 0.73125000 0.41328125 0.01875000 0.02968750
2 0.46328125 0.56875000 0.01406250 0.01562500
2 0.47578125 0.57109375 0.02031250 0.02343750
2 0.07734375 0.61562500 0.03906250 0.02187500
2 0.29375000 0.42578125 0.01875000 0.01406250
2 0.17187500 0.43359375 0.03125000 0.01718750
2 0.35312500 0.55390625 0.02812500 0.02343750
2 0.16796875 0.45156250 0.03906250 0.05312500
2 0.25859375 0.60625000 0.02343750 0.02812500
2 0.06484375 0.61875000 0.01718750 0.01562500
2 0.72578125 0.53984375 0.02656250 0.03906250
2 0.61093750 0.96718750 0.02187500 0.01562500
2 0.25468750 0.43671875 0.02187500 0.02343750
2 0.29609375 0.42421875 0.03281250 0.02031250
2 0.16250000 0.46875000 0.02500000 0.01875000
2 0.05390625 0.02890625 0.02343750 0.03593750
2 0.36718750 0.98046875 0.01250000 0.01406250
2 0.48125000 0.56328125 0.01562500 0.01718750
2 0.90312500 0.54296875 0.03125000 0.06093750
2 0.47343750 0.56796875 0.03125000 0.02656250
2 0.39375000 0.53359375 0.01562500 0.01718750
2 0.16328125 0.43359375 0.02031250 0.01718750
2 0.50625000 0.50546875 0.01562500 0.02968750
2 0.08593750 0.61406250 0.02187500 0.02187500
2 0.24921875 0.46015625 0.02343750 0.02968750
2 0.52031250 0.58906250 0.02187500 0.01562500
2 0.27734375 0.42265625 0.02656250 0.02343750
1 0.69062500 0.72578125 0.09062500 0.03906250
1 0.87890625 0.96640625 0.08906250 0.03593750
1 0.91875000 0.78906250 0.09375000 0.03750000
1 0.25781250 0.77031250 0.08750000 0.03750000
1 0.10625000 0.86250000 0.08750000 0.04687500
1 0.17421875 0.70859375 0.09218750 0.03906250
1 0.51562500 0.89140625 0.09687500 0.04218750
1 0.93593750 0.85000000 0.07812500 0.03750000
1 0.47343750 0.95859375 0.09062500 0.03593750
1 0.10234375 0.96250000 0.09218750 0.04062500
1 0.46718750 0.71406250 0.09062500 0.03750000
1 0.25000000 0.89453125 0.09687500 0.03593750
1 0.66796875 0.78750000 0.08906250 0.04062500
1 0.06562500 0.77421875 0.08437500 0.03593750
1 0.93281250 0.91171875 0.07187500 0.05156250
1 0.35781250 0.64375000 0.08437500 0.04062500
1 0.58828125 0.83593750 0.09531250 0.03750000
1 0.65546875 0.96171875 0.08281250 0.03281250
1 0.38593750 0.83203125 0.08750000 0.03593750
1 0.33359375 0.95468750 0.08906250 0.03437500
1 0.89765625 0.72031250 0.09531250 0.03750000
1 0.21093750 0.96328125 0.09062500 0.04218750
