1 0.91640625 0.02500000 0.08906250 0.03750000
1 0.04375000 0.05000000 0.08750000 0.03750000
1 0.54765625 0.09531250 0.09843750 0.04062500
1 0.46875000 0.03046875 0.09687500 0.04218750
1 0.71484375 0.57890625 0.09531250 0.04531250
1 0.98046875 0.08437500 0.03906250 0.04062500
1 0.44218750 0.59609375 0.04062500 0.01406250
1 0.30625000 0.04531250 0.10312500 0.03750000
1 0.38359375 0.10234375 0.10156250 0.04218750
1 0.17265625 0.03984375 0.09843750 0.03906250
1 0.24687500 0.10468750 0.10312500 0.04062500
1 0.83046875 0.08671875 0.10781250 0.04218750
1 0.11484375 0.11015625 0.10156250 0.04218750
1 0.98984375 0.02734375 0.02031250 0.03906250
1 0.63906250 0.21171875 0.11562500 0.04218750
1 0.59843750 0.03437500 0.10312500 0.04062500
1 0.69375000 0.09453125 0.10625000 0.04218750
1 0.74687500 0.03125000 0.09687500 0.03750000
