2 0.59531250 0.56484375 0.01562500 0.02031250
2 0.99531250 0.39921875 0.00937500 0.02031250
2 0.99296875 0.49765625 0.01406250 0.02968750
2 0.98671875 0.46640625 0.02656250 0.03281250
2 0.94453125 0.92656250 0.01718750 0.01562500
2 0.89453125 0.75937500 0.01718750 0.03750000
2 0.76250000 0.69218750 0.02812500 0.02187500
1 0.40078125 0.93593750 0.09531250 0.03437500
1 0.39765625 0.98828125 0.08281250 0.02343750
1 0.02421875 0.94453125 0.04843750 0.04218750
1 0.24687500 0.93906250 0.10312500 0.03750000
1 0.76015625 0.98750000 0.08906250 0.02500000
1 0.10625000 0.22656250 0.04062500 0.09062500
1 0.79296875 0.92890625 0.08593750 0.03906250
1 0.27343750 0.99062500 0.08750000 0.01875000
1 0.12421875 0.94531250 0.09531250 0.03437500
1 0.03046875 0.46093750 0.05468750 0.10000000
1 0.31718750 0.46875000 0.04375000 0.09062500
1 0.12187500 0.47812500 0.04687500 0.07187500
1 0.02812500 0.99140625 0.05625000 0.01718750
1 0.55234375 0.41171875 0.04218750 0.09218750
1 0.53281250 0.93750000 0.08437500 0.03437500
1 0.21875000 0.21171875 0.04375000 0.08593750
1 0.63906250 0.98828125 0.09062500 0.02343750
1 0.01718750 0.26093750 0.03437500 0.06875000
1 0.52031250 0.98750000 0.08750000 0.02500000
1 0.13359375 0.99218750 0.09531250 0.01562500
1 0.66875000 0.93437500 0.08750000 0.03437500
