1 0.42578125 0.27734375 0.09843750 0.04531250
1 0.30625000 0.46406250 0.08437500 0.04062500
1 0.08671875 0.10312500 0.09218750 0.03750000
1 0.40078125 0.05000000 0.08593750 0.03750000
1 0.98906250 0.04843750 0.02187500 0.04062500
1 0.93046875 0.46953125 0.08906250 0.03593750
1 0.83828125 0.10078125 0.10781250 0.03906250
1 0.63671875 0.15937500 0.09531250 0.03437500
1 0.05546875 0.04921875 0.08593750 0.03593750
1 0.80937500 0.03671875 0.10312500 0.03906250
1 0.97812500 0.27968750 0.04375000 0.03437500
1 0.08671875 0.47734375 0.09531250 0.04218750
1 0.32421875 0.10156250 0.09843750 0.04062500
1 0.35078125 0.16171875 0.09843750 0.03906250
1 0.29453125 0.28125000 0.11093750 0.04062500
1 0.19765625 0.28125000 0.08593750 0.03750000
1 0.76406250 0.28281250 0.10000000 0.04375000
1 0.91484375 0.36796875 0.09218750 0.04531250
1 0.24296875 0.04531250 0.09218750 0.04062500
1 0.06718750 0.21562500 0.09375000 0.04375000
1 0.02187500 0.27812500 0.04375000 0.03750000
1 0.90312500 0.28437500 0.08437500 0.04062500
1 0.95781250 0.21796875 0.08437500 0.03906250
1 0.36406250 0.38671875 0.09687500 0.05156250
1 0.13203125 0.00625000 0.08593750 0.01250000
1 0.54609375 0.27968750 0.08593750 0.03750000
1 0.70703125 0.39843750 0.09531250 0.04062500
1 0.56406250 0.10625000 0.10000000 0.04062500
1 0.55859375 0.04375000 0.08593750 0.03750000
1 0.11406250 0.37890625 0.09375000 0.04218750
1 0.65000000 0.28593750 0.10000000 0.03750000
1 0.39296875 0.00625000 0.08281250 0.01250000
