0 0.66250000 0.73671875 0.24687500 0.06718750
1 0.61796875 0.67109375 0.08906250 0.03593750
1 0.94843750 0.74140625 0.10312500 0.03906250
1 0.61250000 0.96640625 0.09375000 0.03593750
1 0.62109375 0.79296875 0.08906250 0.04218750
1 0.89765625 0.85000000 0.09531250 0.04062500
1 0.29531250 0.55859375 0.03750000 0.02031250
1 0.14453125 0.48281250 0.03593750 0.01875000
1 0.98593750 0.85546875 0.02812500 0.03593750
1 0.59296875 0.90234375 0.08906250 0.03906250
1 0.70703125 0.90546875 0.08593750 0.03593750
1 0.18203125 0.52031250 0.03593750 0.01562500
1 0.38593750 0.65546875 0.09375000 0.04218750
1 0.85156250 0.97578125 0.09687500 0.03906250
1 0.86171875 0.79375000 0.09218750 0.03750000
1 0.30234375 0.58593750 0.02968750 0.02187500
1 0.95859375 0.97500000 0.08281250 0.03750000
1 0.97968750 0.79921875 0.04062500 0.04218750
1 0.93046875 0.91328125 0.08281250 0.03281250
1 0.74218750 0.85156250 0.07812500 0.03750000
1 0.62578125 0.84765625 0.09531250 0.03906250
1 0.73203125 0.97265625 0.08593750 0.04218750
1 0.82109375 0.91562500 0.08593750 0.04062500
1 0.74375000 0.79140625 0.08750000 0.04218750
1 0.82421875 0.73984375 0.07656250 0.03906250
