2 0.16640625 0.97421875 0.02968750 0.03281250
2 0.97187500 0.05781250 0.03125000 0.04062500
2 0.26250000 0.65078125 0.02500000 0.02343750
2 0.19921875 0.59687500 0.01718750 0.02187500
2 0.14453125 0.77500000 0.01718750 0.01875000
2 0.26015625 0.73750000 0.02343750 0.03750000
2 0.10312500 0.58750000 0.02812500 0.02812500
2 0.25390625 0.59687500 0.02656250 0.02500000
2 0.09375000 0.57968750 0.01250000 0.01562500
2 0.33750000 0.63828125 0.02812500 0.02968750
2 0.73125000 0.57890625 0.05625000 0.06093750
2 0.27500000 0.62812500 0.02500000 0.02812500
2 0.20000000 0.99609375 0.02812500 0.00781250
2 0.10703125 0.59218750 0.02031250 0.02187500
2 0.23125000 0.62812500 0.01562500 0.02500000
2 0.07890625 0.78515625 0.02031250 0.02031250
2 0.06796875 0.92343750 0.02968750 0.02812500
2 0.10781250 0.58984375 0.01875000 0.02343750
2 0.01875000 0.82890625 0.01562500 0.01406250
2 0.10312500 0.58906250 0.02500000 0.02500000
2 0.08906250 0.96015625 0.03125000 0.04531250
2 0.96875000 0.51093750 0.01562500 0.02187500
2 0.93515625 0.02734375 0.03281250 0.04531250
2 0.26875000 0.73906250 0.04062500 0.04062500
2 0.27812500 0.74609375 0.02187500 0.02656250
2 0.14843750 0.78125000 0.02500000 0.03125000
2 0.23593750 0.58046875 0.01875000 0.02656250
2 0.21796875 0.60000000 0.02656250 0.02500000
2 0.12656250 0.76953125 0.02187500 0.01406250
2 0.25625000 0.65156250 0.01250000 0.02187500
2 0.02421875 0.52890625 0.02343750 0.01406250
2 0.26953125 0.57500000 0.01406250 0.02187500
2 0.78984375 0.99296875 0.01718750 0.01406250
2 0.23046875 0.67187500 0.01718750 0.02500000
2 0.21250000 0.59921875 0.04062500 0.02968750
2 0.25937500 0.73125000 0.01875000 0.02500000
2 0.25703125 0.74375000 0.01718750 0.02500000
2 0.15312500 0.63828125 0.01875000 0.02031250
2 0.13750000 0.64375000 0.04375000 0.03125000
2 0.99453125 0.76171875 0.01093750 0.01406250
2 0.32500000 0.86328125 0.01562500 0.02968750
2 0.09531250 0.58046875 0.01562500 0.01718750
2 0.26640625 0.65156250 0.01718750 0.02187500
2 0.71484375 0.36171875 0.02343750 0.02343750
2 0.08203125 0.79765625 0.03593750 0.04843750
2 0.15234375 0.78828125 0.01718750 0.01718750
1 0.00703125 0.33906250 0.01406250 0.03750000
1 0.14218750 0.51718750 0.09062500 0.04062500
1 0.02031250 0.33750000 0.04062500 0.04375000
1 0.16328125 0.26171875 0.07343750 0.04843750
1 0.02343750 0.39843750 0.04687500 0.03750000
1 0.63203125 0.06796875 0.07031250 0.08593750
1 0.31484375 0.23515625 0.09218750 0.05468750
1 0.40234375 0.10781250 0.07343750 0.06250000
1 0.50859375 0.01171875 0.03593750 0.02343750
