2 0.29375000 0.60156250 0.03437500 0.02187500
2 0.16406250 0.40625000 0.02500000 0.02812500
2 0.95859375 0.48203125 0.02656250 0.02656250
2 0.16171875 0.40781250 0.02031250 0.02187500
2 0.28281250 0.53046875 0.02187500 0.01718750
2 0.27812500 0.55234375 0.04375000 0.04218750
2 0.26640625 0.55000000 0.02031250 0.01875000
2 0.92343750 0.48984375 0.01562500 0.02031250
2 0.96250000 0.48671875 0.01875000 0.01718750
2 0.29375000 0.52578125 0.02187500 0.01406250
2 0.16953125 0.39921875 0.03281250 0.03906250
2 0.28828125 0.52890625 0.03281250 0.02031250
2 0.99609375 0.40000000 0.00781250 0.01562500
2 0.64843750 0.48593750 0.02500000 0.01875000
2 0.28125000 0.20390625 0.02500000 0.02656250
2 0.30390625 0.60390625 0.01718750 0.02031250
2 0.64453125 0.48359375 0.01718750 0.01406250
2 0.63671875 0.40937500 0.02031250 0.01562500
2 0.71093750 0.48125000 0.01562500 0.01562500
2 0.28593750 0.60156250 0.01875000 0.02187500
1 0.32109375 0.46718750 0.04218750 0.09062500
1 0.00546875 0.47031250 0.01093750 0.08437500
1 0.12578125 0.47578125 0.04531250 0.06718750
1 0.84843750 0.98359375 0.09062500 0.03281250
1 0.11250000 0.22656250 0.04375000 0.09062500
1 0.04140625 0.74453125 0.07031250 0.03593750
1 0.83515625 0.92109375 0.08281250 0.04218750
1 0.12187500 0.93281250 0.09375000 0.03437500
1 0.22578125 0.72265625 0.08906250 0.03281250
1 0.16250000 0.66718750 0.09062500 0.03750000
1 0.21015625 0.98750000 0.08281250 0.02500000
1 0.03750000 0.45703125 0.05312500 0.09843750
1 0.55468750 0.41015625 0.04062500 0.09218750
1 0.22500000 0.21093750 0.05000000 0.08125000
1 0.46093750 0.92968750 0.08437500 0.04062500
1 0.01875000 0.26015625 0.03750000 0.06718750
