1 0.31875000 0.97109375 0.08437500 0.03906250
1 0.77109375 0.67187500 0.09843750 0.03750000
1 0.42890625 0.97031250 0.09531250 0.03750000
1 0.61171875 0.79609375 0.09531250 0.03593750
1 0.12265625 0.72734375 0.09843750 0.03906250
1 0.51015625 0.73281250 0.08906250 0.03437500
1 0.96406250 0.61953125 0.07187500 0.03593750
1 0.12421875 0.59531250 0.03906250 0.02187500
1 0.97890625 0.74062500 0.04218750 0.03437500
1 0.87968750 0.97968750 0.10312500 0.04062500
1 0.33046875 0.84765625 0.08593750 0.03593750
1 0.44921875 0.85234375 0.09218750 0.03906250
1 0.13828125 0.89609375 0.08906250 0.03593750
1 0.02968750 0.62812500 0.03437500 0.02187500
1 0.93203125 0.86015625 0.08906250 0.03906250
1 0.54687500 0.91093750 0.09062500 0.03437500
1 0.54531250 0.97812500 0.09687500 0.03750000
1 0.21328125 0.96875000 0.09218750 0.04062500
1 0.28671875 0.73593750 0.08906250 0.03750000
1 0.28593750 0.90390625 0.09375000 0.03906250
1 0.41562500 0.90859375 0.09375000 0.03593750
1 0.48437500 0.79453125 0.10000000 0.04218750
1 0.84687500 0.79765625 0.09375000 0.03593750
1 0.73203125 0.80078125 0.08906250 0.03593750
1 0.90156250 0.91796875 0.10000000 0.03593750
1 0.16406250 0.78906250 0.09062500 0.03750000
1 0.17656250 0.84453125 0.09375000 0.03906250
1 0.97578125 0.97968750 0.04843750 0.04062500
1 0.69921875 0.85546875 0.07343750 0.03281250
1 0.40000000 0.73515625 0.08437500 0.03593750
1 0.98671875 0.80390625 0.02656250 0.03906250
1 0.66875000 0.91171875 0.09062500 0.03906250
1 0.76875000 0.97812500 0.08750000 0.03750000
1 0.78671875 0.91250000 0.09843750 0.03750000
1 0.58359375 0.85390625 0.10468750 0.03906250
1 0.87187500 0.74765625 0.08750000 0.03593750
1 0.65156250 0.97421875 0.09375000 0.03593750
1 0.32187500 0.79218750 0.08437500 0.04062500
1 0.99140625 0.91875000 0.01718750 0.03750000
1 0.80703125 0.86015625 0.08906250 0.04218750
0 0.70234375 0.73359375 0.25468750 0.05468750
0 0.18984375 0.56640625 0.05781250 0.02968750
0 0.59296875 0.31562500 0.38281250 0.15312500
