1 0.62656250 0.76875000 0.09062500 0.03750000
1 0.89062500 0.76406250 0.09062500 0.03750000
1 0.62109375 0.95078125 0.09218750 0.04218750
1 0.60234375 0.83281250 0.09531250 0.03750000
1 0.91093750 0.82734375 0.10312500 0.04531250
1 0.70390625 0.71250000 0.08593750 0.03750000
1 0.98906250 0.76484375 0.02187500 0.03281250
1 0.75234375 0.95312500 0.09531250 0.03750000
1 0.60625000 0.89062500 0.08437500 0.03750000
1 0.13515625 0.51406250 0.03281250 0.02187500
1 0.98203125 0.70625000 0.03593750 0.03437500
1 0.84375000 0.88906250 0.08750000 0.03750000
1 0.71953125 0.88906250 0.08906250 0.04375000
1 0.76640625 0.83203125 0.08281250 0.03593750
1 0.67031250 0.65468750 0.09062500 0.03750000
1 0.83671875 0.70859375 0.07656250 0.03593750
1 0.76562500 0.76718750 0.08437500 0.03750000
1 0.57734375 0.71562500 0.09531250 0.03750000
2 0.44765625 0.59843750 0.03593750 0.01875000
2 0.45781250 0.57265625 0.01875000 0.02031250
2 0.48125000 0.55546875 0.01250000 0.01093750
2 0.68593750 0.60000000 0.01562500 0.01875000
2 0.45312500 0.59765625 0.02187500 0.01718750
2 0.38906250 0.91796875 0.02187500 0.01093750
2 0.70625000 0.37578125 0.01250000 0.02968750
2 0.29687500 0.52500000 0.02187500 0.01250000
2 0.11328125 0.81406250 0.02656250 0.02187500
2 0.53437500 0.58203125 0.02500000 0.01718750
2 0.11328125 0.82265625 0.02656250 0.03906250
2 0.16406250 0.44531250 0.03125000 0.03437500
2 0.97734375 0.60468750 0.01718750 0.01562500
2 0.36796875 0.88750000 0.01406250 0.02812500
2 0.78359375 0.35156250 0.01718750 0.03437500
2 0.49843750 0.60625000 0.02187500 0.01562500
2 0.93437500 0.57656250 0.02187500 0.01562500
2 0.41875000 0.57343750 0.01875000 0.02500000
2 0.38984375 0.61171875 0.01718750 0.02656250
2 0.76796875 0.36718750 0.01406250 0.01562500
2 0.23671875 0.50625000 0.02343750 0.01562500
2 0.10703125 0.95078125 0.02968750 0.03906250
2 0.90625000 0.42656250 0.01875000 0.02187500
2 0.55625000 0.60078125 0.01875000 0.02031250
2 0.62109375 0.58671875 0.01718750 0.02031250
2 0.36953125 0.54375000 0.02656250 0.02500000
2 0.37968750 0.28906250 0.01562500 0.02500000
