1 0.21171875 0.81406250 0.02656250 0.04375000
1 0.64843750 0.10390625 0.10312500 0.04218750
1 0.84375000 0.59609375 0.05000000 0.01406250
1 0.93984375 0.09453125 0.12031250 0.04531250
1 0.03203125 0.68593750 0.03593750 0.09062500
1 0.97890625 0.59296875 0.04218750 0.01406250
1 0.86953125 0.02812500 0.09843750 0.04375000
1 0.03515625 0.80781250 0.04218750 0.09687500
1 0.44375000 0.04843750 0.09062500 0.04062500
1 0.26875000 0.54921875 0.03750000 0.02343750
1 0.02812500 0.05156250 0.05625000 0.08437500
1 0.08828125 0.72265625 0.04218750 0.09531250
1 0.97421875 0.03281250 0.05156250 0.04062500
1 0.51562500 0.10859375 0.10000000 0.04218750
1 0.42187500 0.58046875 0.03750000 0.03593750
1 0.57500000 0.03828125 0.10000000 0.03906250
1 0.09453125 0.91953125 0.03593750 0.09218750
1 0.70703125 0.04453125 0.10468750 0.03906250
1 0.78671875 0.10156250 0.10156250 0.04062500
