2 0.84765625 0.27265625 0.02031250 0.02031250
2 0.31093750 0.45703125 0.02187500 0.03281250
2 0.19296875 0.37343750 0.01718750 0.02500000
2 0.04375000 0.24218750 0.01250000 0.01250000
2 0.78906250 0.26796875 0.01562500 0.01406250
2 0.25546875 0.39375000 0.01406250 0.01562500
2 0.29062500 0.47968750 0.02812500 0.02500000
2 0.28906250 0.53750000 0.01875000 0.02500000
2 0.22734375 0.38750000 0.02031250 0.02812500
2 0.76796875 0.28281250 0.01718750 0.01562500
1 0.96796875 0.27812500 0.05781250 0.03437500
1 0.54375000 0.41015625 0.10625000 0.04218750
1 0.40859375 0.44218750 0.12031250 0.05000000
1 0.67578125 0.40625000 0.09843750 0.04062500
1 0.06484375 0.38281250 0.06718750 0.09687500
1 0.46171875 0.61250000 0.09843750 0.04062500
1 0.88671875 0.77500000 0.10156250 0.05000000
1 0.66484375 0.66640625 0.11718750 0.04218750
1 0.02500000 0.98750000 0.05000000 0.02500000
1 0.09921875 0.16015625 0.04218750 0.09843750
1 0.96171875 0.71093750 0.07656250 0.05000000
1 0.28281250 0.22421875 0.04062500 0.09218750
1 0.44296875 0.73437500 0.10781250 0.04375000
1 0.17187500 0.54843750 0.09062500 0.07812500
1 0.76796875 0.95312500 0.10468750 0.04375000
1 0.68515625 0.28125000 0.09531250 0.04062500
1 0.71015625 0.60625000 0.09531250 0.04062500
1 0.42265625 0.39453125 0.10781250 0.05781250
1 0.17265625 0.16953125 0.04218750 0.10468750
1 0.80781250 0.40468750 0.11250000 0.05000000
1 0.97578125 0.90000000 0.04843750 0.05000000
1 0.85625000 0.51718750 0.05312500 0.03437500
1 0.93750000 0.39062500 0.09062500 0.04062500
1 0.28125000 0.05781250 0.04687500 0.08125000
1 0.56718750 0.72656250 0.10000000 0.04062500
1 0.45468750 0.23671875 0.08125000 0.08281250
1 0.70234375 0.72500000 0.10468750 0.04375000
1 0.65468750 0.78750000 0.10312500 0.04062500
1 0.38281250 0.80390625 0.10625000 0.04843750
1 0.89843750 0.59921875 0.07500000 0.04218750
