2 0.11406250 0.42500000 0.02187500 0.03750000
2 0.26484375 0.53750000 0.02343750 0.02500000
2 0.27968750 0.57187500 0.03125000 0.02187500
2 0.11328125 0.43125000 0.02031250 0.02500000
2 0.14843750 0.53046875 0.03125000 0.02343750
2 0.20468750 0.45156250 0.01875000 0.03125000
2 0.53437500 0.57890625 0.01875000 0.02031250
2 0.51093750 0.56562500 0.03125000 0.02187500
2 0.51796875 0.56328125 0.01718750 0.01718750
2 0.58515625 0.58359375 0.02343750 0.01718750
2 0.19453125 0.45781250 0.03906250 0.04375000
0 0.91796875 0.30156250 0.16406250 0.15312500
0 0.92812500 0.71875000 0.14375000 0.05312500
0 0.71875000 0.72187500 0.25312500 0.05312500
1 0.64843750 0.84062500 0.09375000 0.03750000
1 0.86484375 0.72187500 0.02656250 0.04687500
1 0.80390625 0.90390625 0.09218750 0.03593750
1 0.87656250 0.84062500 0.07500000 0.03437500
1 0.92812500 0.90156250 0.09375000 0.03437500
1 0.87578125 0.96796875 0.09843750 0.03906250
1 0.64296875 0.78203125 0.09218750 0.03593750
1 0.89765625 0.78671875 0.09843750 0.03593750
1 0.76953125 0.78515625 0.08906250 0.04218750
1 0.98281250 0.96484375 0.03437500 0.03593750
1 0.98671875 0.78437500 0.02656250 0.03437500
1 0.75156250 0.96640625 0.09375000 0.03906250
1 0.64921875 0.96171875 0.11093750 0.03906250
1 0.65390625 0.90468750 0.09531250 0.04375000
1 0.06875000 0.03750000 0.01562500 0.02812500
1 0.77890625 0.84453125 0.08593750 0.03593750
1 0.32031250 0.58828125 0.03750000 0.02343750
1 0.99453125 0.84375000 0.01093750 0.03437500
