2 0.98125000 0.57578125 0.01562500 0.02031250
2 0.94609375 0.78203125 0.02343750 0.03281250
2 0.94218750 0.42031250 0.01562500 0.01562500
2 0.49921875 0.63281250 0.01718750 0.01562500
2 0.98671875 0.57734375 0.02656250 0.02343750
2 0.93125000 0.11953125 0.01562500 0.05781250
2 0.91953125 0.62109375 0.02031250 0.02656250
2 0.93671875 0.78125000 0.04531250 0.03750000
2 0.99375000 0.57890625 0.01250000 0.02031250
2 0.43828125 0.65312500 0.02656250 0.01562500
2 0.93125000 0.10234375 0.01562500 0.02343750
2 0.92109375 0.65078125 0.01406250 0.01406250
2 0.76484375 0.06171875 0.02656250 0.02656250
2 0.92265625 0.76953125 0.01718750 0.01406250
2 0.67031250 0.54843750 0.01562500 0.01875000
2 0.93984375 0.42578125 0.02343750 0.02656250
2 0.96406250 0.17187500 0.02187500 0.02187500
2 0.83671875 0.66875000 0.02031250 0.01562500
2 0.96953125 0.52500000 0.01406250 0.02500000
2 0.93125000 0.64375000 0.01562500 0.01875000
2 0.92734375 0.64531250 0.02343750 0.02187500
2 0.68359375 0.54843750 0.04218750 0.02187500
2 0.94375000 0.26171875 0.01562500 0.01406250
2 0.93750000 0.58125000 0.02812500 0.01562500
2 0.82031250 0.82578125 0.02187500 0.01718750
2 0.99375000 0.57968750 0.01250000 0.01875000
0 0.12968750 0.45312500 0.25937500 0.06562500
1 0.77500000 0.27890625 0.09062500 0.04218750
1 0.65312500 0.33125000 0.09062500 0.03437500
1 0.51328125 0.33203125 0.09531250 0.03593750
1 0.80000000 0.21953125 0.09687500 0.05156250
1 0.81796875 0.51640625 0.08593750 0.04218750
1 0.80078125 0.39921875 0.09218750 0.03593750
1 0.01250000 0.32500000 0.02500000 0.04062500
1 0.16796875 0.38281250 0.09218750 0.04375000
1 0.42890625 0.39218750 0.08281250 0.03750000
1 0.54531250 0.38984375 0.06562500 0.04531250
1 0.65859375 0.44765625 0.09531250 0.03906250
1 0.26875000 0.20781250 0.08750000 0.05312500
1 0.35234375 0.44687500 0.09218750 0.04062500
1 0.29375000 0.38437500 0.08750000 0.04062500
1 0.66484375 0.39765625 0.08906250 0.03593750
1 0.38125000 0.33125000 0.09375000 0.03750000
1 0.11796875 0.32968750 0.08906250 0.03750000
1 0.03984375 0.38046875 0.07968750 0.03593750
1 0.77265625 0.45625000 0.08281250 0.03750000
1 0.67343750 0.57734375 0.06562500 0.03593750
1 0.47734375 0.45156250 0.09843750 0.03750000
1 0.08437500 0.01484375 0.10000000 0.02968750
1 0.55234375 0.27500000 0.09218750 0.03437500
1 0.10000000 0.50546875 0.09687500 0.04218750
1 0.67421875 0.27500000 0.07656250 0.04062500
1 0.24531250 0.33125000 0.09687500 0.04375000
1 0.76718750 0.33906250 0.08437500 0.03750000
1 0.34375000 0.11406250 0.04062500 0.08750000
