1 0.93515625 0.08203125 0.09843750 0.03593750
1 0.94921875 0.57109375 0.08593750 0.04218750
1 0.92500000 0.26796875 0.09687500 0.03906250
1 0.30078125 0.42421875 0.09843750 0.07968750
1 0.04765625 0.14765625 0.06718750 0.03281250
1 0.26875000 0.15156250 0.09375000 0.03750000
1 0.45859375 0.27343750 0.08593750 0.03750000
1 0.87031250 0.34609375 0.10000000 0.03906250
1 0.05390625 0.42734375 0.08593750 0.03593750
1 0.97187500 0.40859375 0.05625000 0.03906250
1 0.88671875 0.02578125 0.09843750 0.03906250
1 0.26718750 0.34687500 0.09062500 0.03750000
1 0.60000000 0.20546875 0.08750000 0.03906250
1 0.33828125 0.27187500 0.09531250 0.03750000
1 0.15781250 0.09140625 0.09375000 0.04531250
1 0.72500000 0.02656250 0.09687500 0.03750000
1 0.20234375 0.26875000 0.10156250 0.03750000
1 0.85078125 0.15000000 0.08906250 0.04062500
1 0.82343750 0.26796875 0.10312500 0.03906250
1 0.12968750 0.20625000 0.09062500 0.03750000
1 0.71015625 0.26796875 0.09531250 0.03906250
1 0.43671875 0.08984375 0.08906250 0.03906250
1 0.90468750 0.47031250 0.08750000 0.03437500
1 0.29375000 0.03281250 0.07812500 0.03750000
1 0.03671875 0.03125000 0.07343750 0.04062500
1 0.58203125 0.26875000 0.09531250 0.03750000
1 0.76328125 0.40468750 0.09531250 0.05000000
1 0.56250000 0.14843750 0.09062500 0.03750000
1 0.85625000 0.20468750 0.10000000 0.04062500
0 0.38046875 0.47968750 0.23906250 0.07187500
2 0.55078125 0.57187500 0.02656250 0.01875000
2 0.00312500 0.35000000 0.00625000 0.02500000
2 0.26328125 0.58203125 0.02343750 0.01406250
2 0.74453125 0.55546875 0.03906250 0.01406250
2 0.81406250 0.55078125 0.02187500 0.01718750
2 0.61953125 0.52343750 0.03906250 0.02187500
