2 0.12031250 0.79921875 0.01562500 0.02343750
2 0.37500000 0.68046875 0.02187500 0.01718750
2 0.11015625 0.17421875 0.01718750 0.02656250
2 0.35390625 0.10312500 0.01093750 0.02187500
2 0.67109375 0.15781250 0.01406250 0.01562500
2 0.95859375 0.94609375 0.03593750 0.03593750
2 0.10234375 0.09687500 0.01718750 0.01875000
2 0.83203125 0.63203125 0.02031250 0.02343750
2 0.24531250 0.58359375 0.03437500 0.01718750
2 0.32812500 0.06640625 0.01562500 0.03593750
2 0.79375000 0.76875000 0.01250000 0.01875000
2 0.03593750 0.61718750 0.02187500 0.03125000
2 0.77500000 0.85234375 0.03750000 0.03906250
2 0.00468750 0.27343750 0.00937500 0.02187500
2 0.07343750 0.77343750 0.01875000 0.02500000
2 0.12265625 0.15000000 0.02343750 0.02500000
2 0.23203125 0.68828125 0.01406250 0.02031250
2 0.31015625 0.25156250 0.01718750 0.02187500
2 0.24609375 0.59218750 0.03593750 0.03437500
2 0.35703125 0.09609375 0.01406250 0.01406250
2 0.06875000 0.92812500 0.01562500 0.02500000
2 0.31250000 0.25156250 0.01562500 0.02187500
2 0.00703125 0.41953125 0.01406250 0.02968750
2 0.11640625 0.74921875 0.02656250 0.03593750
2 0.72109375 0.63359375 0.02343750 0.02343750
2 0.27500000 0.68046875 0.02500000 0.02343750
2 0.23671875 0.58281250 0.02031250 0.01562500
2 0.03750000 0.61718750 0.02500000 0.03437500
2 0.07890625 0.96796875 0.01718750 0.01718750
2 0.42343750 0.38203125 0.02500000 0.28281250
2 0.33671875 0.99609375 0.02656250 0.00781250
2 0.01328125 0.78359375 0.02656250 0.02968750
2 0.33828125 0.99531250 0.02656250 0.00937500
2 0.94062500 0.63437500 0.02187500 0.02812500
2 0.79453125 0.71015625 0.01406250 0.13593750
2 0.40000000 0.61562500 0.02500000 0.05312500
2 0.42265625 0.62031250 0.02343750 0.02500000
2 0.31015625 0.25156250 0.02031250 0.02187500
2 0.32890625 0.05859375 0.01406250 0.02031250
2 0.31015625 0.91953125 0.02031250 0.03906250
2 0.39453125 0.62734375 0.01718750 0.03281250
2 0.09843750 0.10468750 0.02500000 0.03437500
2 0.39921875 0.60000000 0.02343750 0.02500000
2 0.36093750 0.10000000 0.01250000 0.02187500
2 0.41796875 0.99140625 0.02968750 0.01718750
2 0.35781250 0.10078125 0.01562500 0.02343750
2 0.49453125 0.63828125 0.03281250 0.03281250
2 0.06328125 0.88828125 0.02031250 0.02031250
2 0.43906250 0.24453125 0.01562500 0.01718750
2 0.78203125 0.58125000 0.01718750 0.01250000
2 0.11953125 0.16171875 0.02968750 0.04843750
2 0.79453125 0.66796875 0.01406250 0.05156250
2 0.21796875 0.76328125 0.01718750 0.02031250
1 0.91250000 0.03906250 0.08750000 0.03437500
1 0.80468750 0.04218750 0.08125000 0.03437500
1 0.73359375 0.15625000 0.08593750 0.03750000
1 0.96875000 0.15625000 0.06250000 0.04062500
1 0.00703125 0.42031250 0.01406250 0.03125000
1 0.41093750 0.28593750 0.07812500 0.03750000
1 0.83750000 0.27812500 0.10000000 0.04375000
1 0.95078125 0.21718750 0.08906250 0.03437500
1 0.60390625 0.09765625 0.09218750 0.03593750
1 0.03750000 0.61796875 0.02500000 0.03593750
1 0.59140625 0.20703125 0.08906250 0.03593750
1 0.98828125 0.03671875 0.02343750 0.04843750
1 0.85468750 0.15703125 0.08750000 0.03593750
1 0.12343750 0.34375000 0.09375000 0.05937500
1 0.73046875 0.09843750 0.08281250 0.03750000
1 0.01328125 0.78203125 0.02656250 0.03281250
1 0.70703125 0.21171875 0.09218750 0.03906250
1 0.56406250 0.03671875 0.09687500 0.03906250
1 0.98359375 0.10078125 0.03281250 0.03593750
1 0.82812500 0.21640625 0.09687500 0.03906250
1 0.62187500 0.15546875 0.09375000 0.03906250
1 0.61875000 0.28281250 0.09687500 0.03750000
1 0.68984375 0.04453125 0.08906250 0.03593750
1 0.88750000 0.09687500 0.10000000 0.04062500
1 0.23437500 0.95078125 0.11562500 0.09843750
