0 0.26171875 0.04375000 0.24531250 0.05937500
1 0.75312500 0.17343750 0.09687500 0.04062500
1 0.95234375 0.05156250 0.09531250 0.03750000
1 0.78750000 0.29531250 0.09687500 0.03750000
1 0.19296875 0.21562500 0.08593750 0.03750000
1 0.45156250 0.28906250 0.09687500 0.03750000
1 0.53203125 0.22656250 0.07968750 0.03125000
1 0.62500000 0.17109375 0.10312500 0.03906250
1 0.54765625 0.05468750 0.09531250 0.03750000
1 0.22187500 0.10546875 0.08750000 0.04218750
1 0.95859375 0.23437500 0.08281250 0.03750000
1 0.82500000 0.05234375 0.09375000 0.03593750
1 0.67500000 0.29296875 0.09375000 0.03906250
1 0.21171875 0.28046875 0.09531250 0.03906250
1 0.34453125 0.10546875 0.08593750 0.04531250
1 0.41796875 0.22656250 0.08281250 0.03750000
1 0.22578125 0.16093750 0.09531250 0.03750000
1 0.49843750 0.16406250 0.09375000 0.04062500
1 0.86250000 0.17421875 0.08750000 0.03906250
1 0.34296875 0.16406250 0.07968750 0.03750000
1 0.30390625 0.21953125 0.07968750 0.03593750
1 0.90390625 0.29687500 0.08593750 0.03437500
1 0.98750000 0.29687500 0.02500000 0.04062500
1 0.74921875 0.11093750 0.10156250 0.03750000
1 0.65000000 0.22968750 0.08125000 0.04062500
1 0.46250000 0.10703125 0.09375000 0.03593750
1 0.96640625 0.11640625 0.06718750 0.05156250
1 0.56484375 0.28906250 0.09531250 0.03750000
1 0.42500000 0.05390625 0.07500000 0.03593750
1 0.60468750 0.11250000 0.09062500 0.04062500
1 0.68359375 0.05234375 0.09843750 0.03906250
1 0.86953125 0.11562500 0.08906250 0.04062500
1 0.62265625 0.50000000 0.10468750 0.03750000
1 0.97109375 0.18046875 0.05781250 0.03906250
1 0.79140625 0.22734375 0.08906250 0.04218750
1 0.33125000 0.28515625 0.08437500 0.03906250
