1 0.92734375 0.63203125 0.11093750 0.04531250
1 0.58359375 0.63906250 0.05781250 0.05625000
1 0.96484375 0.33906250 0.04843750 0.10312500
1 0.80078125 0.34843750 0.04843750 0.09687500
1 0.04609375 0.66640625 0.09218750 0.04218750
1 0.28515625 0.27031250 0.09531250 0.04375000
1 0.18984375 0.65859375 0.10156250 0.04218750
1 0.75078125 0.36484375 0.05156250 0.07343750
1 0.14375000 0.39843750 0.10625000 0.04375000
1 0.95546875 0.74609375 0.08906250 0.03906250
1 0.75156250 0.34765625 0.05312500 0.10468750
1 0.54921875 0.76171875 0.09218750 0.03906250
1 0.95234375 0.68203125 0.09531250 0.03906250
1 0.04843750 0.72421875 0.09687500 0.04218750
1 0.23125000 0.77734375 0.11250000 0.04843750
1 0.30078125 0.71562500 0.10781250 0.04375000
1 0.56718750 0.26875000 0.05937500 0.04062500
1 0.32656250 0.64843750 0.09375000 0.04375000
1 0.83281250 0.69531250 0.09687500 0.03750000
1 0.03984375 0.39453125 0.07968750 0.07968750
1 0.45625000 0.50703125 0.05625000 0.04218750
1 0.94375000 0.86640625 0.10625000 0.06718750
1 0.43515625 0.70078125 0.08906250 0.05156250
1 0.81875000 0.75625000 0.10312500 0.04062500
1 0.16953125 0.71562500 0.10781250 0.04062500
1 0.69375000 0.75781250 0.10625000 0.04062500
1 0.47656250 0.64765625 0.10000000 0.03906250
1 0.41875000 0.77265625 0.10937500 0.04531250
1 0.05234375 0.22578125 0.07968750 0.08281250
1 0.56718750 0.70468750 0.10000000 0.04062500
1 0.53984375 0.37968750 0.09218750 0.04062500
1 0.10390625 0.78359375 0.10156250 0.04218750
1 0.86171875 0.35078125 0.04843750 0.09843750
1 0.68750000 0.69531250 0.09687500 0.04062500
1 0.53984375 0.87734375 0.11093750 0.04843750
1 0.24765625 0.59921875 0.10156250 0.04218750
1 0.17265625 0.89140625 0.10781250 0.04218750
