1 0.91250000 0.71562500 0.08437500 0.03750000
1 0.02812500 0.45234375 0.05625000 0.09843750
1 0.38046875 0.98671875 0.10468750 0.02656250
1 0.10625000 0.22109375 0.04062500 0.08906250
1 0.02187500 0.93750000 0.04375000 0.04375000
1 0.12031250 0.47265625 0.04687500 0.07031250
1 0.88906250 0.86328125 0.08750000 0.03593750
1 0.26718750 0.98750000 0.08750000 0.02500000
1 0.53125000 0.93359375 0.08125000 0.03906250
1 0.91171875 0.77734375 0.08593750 0.03593750
1 0.51484375 0.98437500 0.08906250 0.03125000
1 0.11953125 0.93906250 0.09531250 0.03437500
1 0.39687500 0.93125000 0.09375000 0.03437500
1 0.24296875 0.93281250 0.10156250 0.03750000
1 0.75546875 0.98515625 0.08906250 0.02968750
1 0.31484375 0.46406250 0.04531250 0.09375000
1 0.74843750 0.84218750 0.09375000 0.03437500
1 0.12187500 0.84531250 0.08750000 0.03437500
1 0.02500000 0.98828125 0.05000000 0.02343750
1 0.23046875 0.26953125 0.05468750 0.08593750
1 0.79062500 0.92578125 0.08125000 0.03906250
1 0.48203125 0.85312500 0.08906250 0.04687500
1 0.01406250 0.25468750 0.02812500 0.06562500
1 0.63515625 0.98593750 0.08906250 0.02812500
1 0.55000000 0.40703125 0.04062500 0.09218750
1 0.66406250 0.93125000 0.08437500 0.03750000
1 0.14609375 0.98906250 0.09843750 0.02187500
1 0.65546875 0.73203125 0.09843750 0.03593750
0 0.11953125 0.72656250 0.23906250 0.05937500
2 0.98984375 0.48359375 0.02031250 0.02031250
2 0.75078125 0.57187500 0.02656250 0.02187500
2 0.57343750 0.63906250 0.03125000 0.01875000
2 0.73750000 0.63984375 0.02187500 0.02031250
2 0.91796875 0.55546875 0.02343750 0.03593750
2 0.04687500 0.60625000 0.03437500 0.01562500
2 0.90625000 0.60625000 0.01875000 0.01562500
2 0.99531250 0.39843750 0.00937500 0.02187500
2 0.04062500 0.60625000 0.02187500 0.01250000
2 0.42890625 0.61015625 0.02968750 0.01718750
2 0.90859375 0.60781250 0.02343750 0.01875000
2 0.88203125 0.64375000 0.01406250 0.01562500
2 0.23125000 0.56093750 0.01562500 0.02187500
2 0.87500000 0.64687500 0.02812500 0.02500000
2 0.99531250 0.60312500 0.00937500 0.02187500
2 0.71328125 0.66015625 0.02656250 0.02968750
2 0.05078125 0.61406250 0.04218750 0.03125000
2 0.33750000 0.61875000 0.04062500 0.01562500
2 0.22421875 0.63046875 0.02656250 0.01406250
2 0.86953125 0.64375000 0.01718750 0.02187500
2 0.59531250 0.58671875 0.01562500 0.02343750
2 0.32734375 0.61875000 0.02031250 0.01562500
2 0.70312500 0.59453125 0.02187500 0.02031250
2 0.73984375 0.62500000 0.02343750 0.01562500
2 0.91875000 0.56093750 0.02187500 0.02500000
2 0.70859375 0.65703125 0.01718750 0.01718750
2 0.75312500 0.64453125 0.03750000 0.02343750
2 0.75937500 0.64531250 0.02500000 0.02187500
2 0.81250000 0.62187500 0.01875000 0.02187500
2 0.14296875 0.65703125 0.02968750 0.02031250
2 0.91718750 0.54609375 0.02187500 0.01718750
2 0.99218750 0.48125000 0.01562500 0.01562500
