2 0.09296875 0.95312500 0.02343750 0.02812500
2 0.78828125 0.34296875 0.02031250 0.02031250
2 0.24218750 0.62500000 0.04062500 0.04687500
2 0.02187500 0.60546875 0.04375000 0.02343750
2 0.25156250 0.64062500 0.02187500 0.01875000
2 0.87734375 0.93359375 0.02656250 0.03593750
2 0.09062500 0.05546875 0.02500000 0.01718750
2 0.82968750 0.45312500 0.01250000 0.01875000
2 0.27890625 0.76875000 0.02031250 0.01562500
2 0.07656250 0.59765625 0.02500000 0.02031250
2 0.13203125 0.46015625 0.01093750 0.01093750
2 0.27109375 0.75781250 0.03593750 0.03750000
2 0.11796875 0.51796875 0.01406250 0.01718750
2 0.12031250 0.59765625 0.03750000 0.03281250
2 0.24531250 0.63984375 0.01562500 0.02031250
2 0.85312500 0.80078125 0.02187500 0.02656250
2 0.09609375 0.81406250 0.02031250 0.01875000
2 0.06171875 0.61640625 0.01718750 0.01718750
2 0.19687500 0.64531250 0.01875000 0.01250000
2 0.12890625 0.51875000 0.01718750 0.01562500
2 0.11015625 0.51015625 0.01718750 0.01406250
2 0.17031250 0.80859375 0.01875000 0.02968750
2 0.32578125 0.75937500 0.02656250 0.03437500
2 0.14375000 0.79453125 0.01250000 0.01406250
2 0.23750000 0.61875000 0.01562500 0.02187500
2 0.26406250 0.75468750 0.02187500 0.03125000
2 0.10546875 0.60546875 0.01406250 0.01406250
2 0.09062500 0.06328125 0.02812500 0.03281250
2 0.20781250 0.65234375 0.03750000 0.01406250
2 0.11953125 0.57890625 0.01718750 0.01406250
2 0.13046875 0.60234375 0.01718750 0.02343750
2 0.87265625 0.93828125 0.01718750 0.02656250
2 0.03281250 0.85625000 0.01875000 0.01562500
2 0.82890625 0.44921875 0.01718750 0.02656250
2 0.00703125 0.60781250 0.01406250 0.01562500
2 0.07734375 0.59687500 0.02031250 0.01875000
2 0.15859375 0.62187500 0.01718750 0.01562500
2 0.14531250 0.66796875 0.01562500 0.01406250
2 0.43515625 0.70625000 0.01406250 0.03125000
2 0.20234375 0.63593750 0.02656250 0.01562500
2 0.16640625 0.62031250 0.03281250 0.01875000
2 0.24218750 0.61406250 0.04062500 0.02812500
2 0.23671875 0.68828125 0.02656250 0.04218750
2 0.99531250 0.99296875 0.00937500 0.01406250
2 0.25546875 0.63984375 0.01718750 0.01718750
2 0.36796875 0.92421875 0.01406250 0.04531250
2 0.88125000 0.65859375 0.01562500 0.02031250
2 0.83593750 0.84921875 0.02187500 0.02656250
2 0.73203125 0.99453125 0.01718750 0.01093750
2 0.13750000 0.67734375 0.01875000 0.01406250
2 0.09062500 0.05859375 0.02812500 0.02343750
2 0.73281250 0.99218750 0.01875000 0.01562500
2 0.04609375 0.61015625 0.02343750 0.01718750
2 0.78828125 0.33828125 0.02031250 0.02968750
2 0.20156250 0.64296875 0.02812500 0.02968750
2 0.83125000 0.85468750 0.01562500 0.01875000
2 0.19531250 0.65390625 0.01562500 0.01406250
1 0.71718750 0.23046875 0.03750000 0.08593750
1 0.00546875 0.36171875 0.01093750 0.03593750
1 0.40781250 0.68203125 0.06875000 0.08593750
1 0.66640625 0.01328125 0.03281250 0.02656250
1 0.67968750 0.56250000 0.03437500 0.08437500
1 0.53046875 0.34218750 0.03593750 0.09062500
1 0.00781250 0.42500000 0.01562500 0.03750000
1 0.79609375 0.77343750 0.05468750 0.08125000
1 0.48125000 0.01093750 0.03437500 0.02187500
1 0.00625000 0.54218750 0.01250000 0.03437500
1 0.00625000 0.30468750 0.01250000 0.03125000
1 0.02031250 0.23828125 0.04062500 0.04218750
1 0.27421875 0.56562500 0.08593750 0.05625000
1 0.01562500 0.48046875 0.03125000 0.03593750
1 0.47421875 0.18437500 0.04531250 0.09687500
1 0.53750000 0.72031250 0.04062500 0.09062500
1 0.47343750 0.42343750 0.04062500 0.09687500
1 0.54921875 0.95703125 0.03906250 0.08593750
1 0.12031250 0.59531250 0.04062500 0.03750000
1 0.67656250 0.37656250 0.03750000 0.08750000
1 0.60312500 0.03906250 0.03750000 0.07812500
