1 0.95078125 0.01015625 0.09843750 0.02031250
1 0.54609375 0.07812500 0.09218750 0.03750000
1 0.10156250 0.33984375 0.10000000 0.05156250
1 0.31718750 0.02734375 0.11875000 0.04218750
1 0.09843750 0.03828125 0.10625000 0.04218750
1 0.81640625 0.07421875 0.10156250 0.03906250
1 0.10156250 0.09843750 0.10000000 0.04062500
1 0.95312500 0.06328125 0.09375000 0.03906250
1 0.41171875 0.08671875 0.09843750 0.04843750
1 0.68750000 0.56015625 0.09375000 0.04531250
1 0.53671875 0.02187500 0.10156250 0.04375000
1 0.82812500 0.01562500 0.09687500 0.03125000
1 0.68984375 0.07578125 0.10468750 0.03906250
1 0.68671875 0.01640625 0.09843750 0.03281250
1 0.22968750 0.09296875 0.11250000 0.04843750
