1 0.64765625 0.30078125 0.07656250 0.09218750
1 0.33750000 0.91093750 0.04062500 0.09687500
1 0.04296875 0.33750000 0.08593750 0.03750000
1 0.81718750 0.88515625 0.04062500 0.09843750
1 0.93828125 0.96718750 0.04218750 0.06562500
1 0.92812500 0.78437500 0.04375000 0.10312500
1 0.22890625 0.47031250 0.06093750 0.01875000
1 0.00703125 0.39609375 0.01406250 0.03906250
1 0.19062500 0.33046875 0.09375000 0.03906250
1 0.26171875 0.38984375 0.10468750 0.04218750
1 0.06406250 0.27031250 0.10000000 0.03750000
1 0.17812500 0.50156250 0.03750000 0.02500000
1 0.71953125 0.15703125 0.03906250 0.03593750
1 0.87031250 0.75625000 0.04375000 0.10625000
1 0.76250000 0.90937500 0.04062500 0.09375000
1 0.07812500 0.48671875 0.07812500 0.02343750
1 0.11406250 0.39375000 0.10312500 0.03750000
1 0.82109375 0.97968750 0.03906250 0.04062500
1 0.12031250 0.45859375 0.04375000 0.02031250
1 0.74765625 0.62265625 0.04843750 0.10781250
1 0.19296875 0.26640625 0.10156250 0.04218750
1 0.87421875 0.92109375 0.04218750 0.09843750
1 0.19843750 0.20546875 0.10312500 0.04218750
1 0.07421875 0.21093750 0.09843750 0.04062500
1 0.47421875 0.43750000 0.09843750 0.06875000
1 0.50078125 0.18671875 0.08906250 0.08906250
1 0.47812500 0.16484375 0.04375000 0.04531250
1 0.81250000 0.75156250 0.04062500 0.09687500
1 0.14218750 0.50312500 0.03437500 0.02812500
2 0.40078125 0.53515625 0.02968750 0.02031250
2 0.48593750 0.71250000 0.02187500 0.02812500
2 0.30546875 0.58203125 0.02656250 0.03593750
2 0.16484375 0.47578125 0.02968750 0.01718750
2 0.43671875 0.58046875 0.02656250 0.01718750
2 0.52343750 0.66328125 0.02187500 0.04531250
2 0.45468750 0.51484375 0.02812500 0.02656250
