1 0.93984375 0.03046875 0.09531250 0.03906250
1 0.75390625 0.36171875 0.09218750 0.04218750
1 0.37421875 0.86093750 0.04531250 0.08437500
1 0.00546875 0.27812500 0.01093750 0.03437500
1 0.26328125 0.34531250 0.09531250 0.03750000
1 0.09140625 0.34453125 0.09218750 0.03593750
1 0.45703125 0.40546875 0.08281250 0.04218750
1 0.57109375 0.20625000 0.09218750 0.03750000
1 0.16875000 0.02500000 0.09687500 0.05000000
1 0.00546875 0.22109375 0.01093750 0.03593750
1 0.91406250 0.41796875 0.09375000 0.03906250
1 0.25546875 0.67968750 0.03906250 0.03750000
1 0.66093750 0.46562500 0.09687500 0.04062500
1 0.30000000 0.11406250 0.09062500 0.04062500
1 0.18359375 0.16640625 0.09218750 0.04218750
1 0.14296875 0.40312500 0.08906250 0.03750000
1 0.78750000 0.20546875 0.09687500 0.04218750
1 0.60156250 0.08515625 0.09062500 0.04218750
1 0.79218750 0.08984375 0.09375000 0.03906250
1 0.32500000 0.06953125 0.09062500 0.03906250
1 0.38046875 0.18828125 0.09843750 0.04218750
1 0.42656250 0.45937500 0.09687500 0.05000000
1 0.02109375 0.08906250 0.04218750 0.03437500
1 0.53125000 0.34375000 0.09375000 0.03750000
1 0.54140625 0.13828125 0.09531250 0.03906250
1 0.14296875 0.45859375 0.08281250 0.04218750
1 0.77812500 0.14375000 0.10312500 0.03750000
0 0.49453125 0.02031250 0.22968750 0.04062500
2 0.25625000 0.68046875 0.03437500 0.03593750
2 0.26875000 0.94531250 0.01562500 0.01875000
2 0.25234375 0.74062500 0.02343750 0.03125000
2 0.94921875 0.74375000 0.02656250 0.01562500
2 0.27187500 0.74765625 0.02187500 0.02343750
2 0.14375000 0.77734375 0.01875000 0.02656250
2 0.22265625 0.67187500 0.02031250 0.02187500
2 0.12187500 0.77109375 0.01250000 0.01093750
2 0.12343750 0.63750000 0.02500000 0.04062500
2 0.38125000 0.68750000 0.03125000 0.02500000
2 0.18046875 0.68437500 0.01406250 0.02187500
2 0.26171875 0.74218750 0.04218750 0.03437500
