1 0.90937500 0.09453125 0.09062500 0.03906250
1 0.51015625 0.21093750 0.08906250 0.03750000
1 0.72031250 0.03984375 0.08750000 0.03906250
1 0.43828125 0.60234375 0.02968750 0.02968750
1 0.66640625 0.15468750 0.09218750 0.03437500
1 0.96562500 0.03203125 0.06875000 0.03906250
1 0.82421875 0.27265625 0.09531250 0.04218750
1 0.94218750 0.21484375 0.10625000 0.03906250
1 0.28125000 0.15078125 0.08750000 0.03593750
1 0.13593750 0.10000000 0.07812500 0.03750000
1 0.30937500 0.92109375 0.02187500 0.03906250
1 0.59531250 0.27890625 0.08750000 0.03593750
1 0.15625000 0.20468750 0.09375000 0.03750000
1 0.39218750 0.03515625 0.09062500 0.03906250
1 0.19843750 0.03828125 0.09062500 0.03906250
1 0.49765625 0.15625000 0.08593750 0.03437500
1 0.71953125 0.21562500 0.08593750 0.04375000
1 0.94375000 0.27265625 0.08437500 0.03281250
1 0.98750000 0.41562500 0.02500000 0.03437500
1 0.88984375 0.15546875 0.10781250 0.03906250
1 0.75937500 0.09609375 0.08437500 0.04218750
1 0.52031250 0.09609375 0.08125000 0.03593750
1 0.70546875 0.27421875 0.08281250 0.03281250
