2 0.40625000 0.60703125 0.01562500 0.01406250
2 0.74609375 0.50234375 0.01718750 0.02656250
2 0.08437500 0.56171875 0.02500000 0.02343750
2 0.80078125 0.59218750 0.02343750 0.01875000
2 0.75078125 0.50390625 0.02656250 0.02968750
2 0.17265625 0.58281250 0.01718750 0.01875000
2 0.06406250 0.60390625 0.01562500 0.01406250
2 0.10703125 0.59687500 0.01718750 0.02500000
2 0.81640625 0.59062500 0.03593750 0.02187500
2 0.32890625 0.45234375 0.02031250 0.02031250
2 0.32656250 0.57890625 0.02500000 0.02031250
2 0.00625000 0.69218750 0.01250000 0.01250000
2 0.16718750 0.58359375 0.02812500 0.01718750
2 0.23671875 0.58046875 0.02968750 0.01406250
2 0.82343750 0.59140625 0.02187500 0.02031250
2 0.17343750 0.61953125 0.02500000 0.01406250
2 0.33125000 0.58046875 0.01562500 0.01718750
2 0.08359375 0.56093750 0.01718750 0.02187500
2 0.21718750 0.60078125 0.01562500 0.01718750
2 0.08984375 0.56406250 0.01718750 0.02187500
2 0.79921875 0.54296875 0.02031250 0.01718750
2 0.15781250 0.58359375 0.01250000 0.01718750
2 0.68359375 0.54453125 0.02031250 0.01718750
2 0.10703125 0.59375000 0.01718750 0.01875000
2 0.06484375 0.56171875 0.02031250 0.01718750
2 0.78125000 0.50156250 0.01875000 0.02187500
2 0.78046875 0.50625000 0.01718750 0.03125000
2 0.41250000 0.60625000 0.02812500 0.01562500
2 0.07890625 0.55937500 0.01406250 0.01875000
2 0.57109375 0.54609375 0.02343750 0.02343750
2 0.64687500 0.59531250 0.03125000 0.01562500
2 0.65312500 0.59453125 0.01875000 0.01406250
2 0.19531250 0.60000000 0.01562500 0.01875000
1 0.73281250 0.70390625 0.05937500 0.03593750
1 0.61328125 0.76406250 0.07656250 0.03437500
1 0.09531250 0.65156250 0.08750000 0.03750000
1 0.95859375 0.70390625 0.08281250 0.03593750
1 0.77421875 0.82812500 0.09843750 0.03750000
1 0.67343750 0.88046875 0.08437500 0.04218750
1 0.92265625 0.75546875 0.09843750 0.03906250
1 0.33984375 0.95156250 0.09531250 0.03750000
1 0.29843750 0.71093750 0.08750000 0.03750000
1 0.36250000 0.76640625 0.08437500 0.04218750
1 0.22343750 0.76875000 0.09062500 0.03750000
1 0.48750000 0.76250000 0.09062500 0.03750000
1 0.43046875 0.70781250 0.07343750 0.03437500
1 0.36171875 0.83203125 0.08281250 0.03593750
1 0.92031250 0.87968750 0.08750000 0.04375000
1 0.31718750 0.88515625 0.08750000 0.04218750
1 0.92031250 0.82500000 0.08750000 0.04062500
1 0.20468750 0.95000000 0.10000000 0.03750000
1 0.19921875 0.83125000 0.09531250 0.03750000
1 0.79843750 0.94531250 0.09062500 0.03750000
1 0.17421875 0.71562500 0.09531250 0.03750000
1 0.75156250 0.76484375 0.09062500 0.03906250
1 0.25625000 0.65390625 0.08750000 0.03593750
1 0.99218750 0.93750000 0.01562500 0.03750000
1 0.64453125 0.82031250 0.08906250 0.04062500
1 0.78984375 0.88437500 0.09218750 0.03750000
1 0.44062500 0.88671875 0.08750000 0.03593750
1 0.50703125 0.82656250 0.10468750 0.04375000
1 0.60703125 0.70468750 0.09218750 0.03437500
1 0.20390625 0.88906250 0.08281250 0.03437500
1 0.84375000 0.70546875 0.08750000 0.03906250
