1 0.05234375 0.11484375 0.09218750 0.03593750
1 0.66093750 0.24375000 0.08437500 0.03750000
1 0.96250000 0.05859375 0.07500000 0.04218750
1 0.76093750 0.47578125 0.09687500 0.04218750
1 0.93359375 0.54843750 0.08593750 0.03750000
1 0.26484375 0.30546875 0.08906250 0.03593750
1 0.02343750 0.30781250 0.04687500 0.03750000
1 0.26953125 0.00859375 0.09218750 0.01718750
1 0.38203125 0.30546875 0.09531250 0.03906250
1 0.09609375 0.04296875 0.08593750 0.03906250
1 0.01953125 0.24921875 0.03906250 0.04218750
1 0.96484375 0.41640625 0.07031250 0.03281250
1 0.21015625 0.42421875 0.09218750 0.03906250
1 0.78750000 0.05703125 0.09687500 0.03906250
1 0.53750000 0.36171875 0.09375000 0.04218750
1 0.50546875 0.42343750 0.09531250 0.04687500
1 0.03515625 0.37187500 0.07031250 0.03750000
1 0.33359375 0.10703125 0.09843750 0.03593750
1 0.52734375 0.24375000 0.07968750 0.04062500
1 0.98281250 0.01093750 0.03437500 0.02187500
1 0.51015625 0.01484375 0.09531250 0.02968750
1 0.14296875 0.31171875 0.09218750 0.04218750
1 0.39296875 0.24296875 0.09531250 0.03593750
1 0.88046875 0.17187500 0.08906250 0.03750000
1 0.75312500 0.30156250 0.09062500 0.03750000
1 0.98828125 0.47343750 0.02343750 0.03437500
1 0.11562500 0.25156250 0.09687500 0.03437500
1 0.02343750 0.49062500 0.04687500 0.04375000
1 0.00546875 0.04062500 0.01093750 0.03125000
1 0.63281250 0.30000000 0.09062500 0.03437500
1 0.93906250 0.12109375 0.09375000 0.03906250
1 0.78203125 0.53203125 0.08593750 0.03593750
1 0.42500000 0.48281250 0.10000000 0.04062500
1 0.51250000 0.29921875 0.09062500 0.03593750
1 0.48203125 0.12343750 0.09531250 0.03750000
1 0.63828125 0.06640625 0.09531250 0.03906250
1 0.78593750 0.23828125 0.08437500 0.04531250
1 0.68203125 0.12812500 0.08906250 0.03750000
1 0.23906250 0.24531250 0.10312500 0.03750000
1 0.19218750 0.48359375 0.10937500 0.03906250
1 0.82812500 0.36484375 0.08750000 0.03906250
