1 0.97187500 0.29062500 0.05625000 0.03125000
1 0.44609375 0.74453125 0.10781250 0.04218750
1 0.45000000 0.68593750 0.09687500 0.04062500
1 0.86562500 0.72734375 0.11562500 0.04843750
1 0.55078125 0.42187500 0.10468750 0.04375000
1 0.28906250 0.23515625 0.04062500 0.09218750
1 0.01562500 0.12890625 0.03125000 0.09218750
1 0.35546875 0.82812500 0.08906250 0.05312500
1 0.14062500 0.94218750 0.09062500 0.07812500
1 0.41406250 0.45312500 0.12187500 0.04375000
1 0.18046875 0.18203125 0.04218750 0.10468750
1 0.42812500 0.40312500 0.10625000 0.05312500
1 0.81171875 0.41796875 0.11718750 0.05156250
1 0.46093750 0.25000000 0.07812500 0.08125000
1 0.94375000 0.40468750 0.08750000 0.04062500
1 0.70625000 0.73437500 0.10625000 0.04375000
1 0.59531250 0.67890625 0.10312500 0.04218750
1 0.65859375 0.43203125 0.12656250 0.06406250
1 0.53906250 0.80468750 0.09375000 0.04375000
1 0.68906250 0.29609375 0.09687500 0.04218750
2 0.23203125 0.39843750 0.02343750 0.02812500
2 0.31562500 0.47031250 0.02812500 0.03437500
2 0.20546875 0.46406250 0.03281250 0.02500000
2 0.28828125 0.77421875 0.01718750 0.02968750
