0 0.70312500 0.73046875 0.25000000 0.05468750
2 0.03046875 0.60703125 0.02968750 0.02031250
2 0.20000000 0.63906250 0.02500000 0.01562500
2 0.08828125 0.58984375 0.02031250 0.02031250
2 0.58281250 0.60468750 0.01562500 0.01562500
2 0.27500000 0.64218750 0.02500000 0.01875000
1 0.31875000 0.96796875 0.08437500 0.04218750
1 0.61093750 0.79296875 0.09687500 0.03593750
1 0.16171875 0.72500000 0.09843750 0.04062500
1 0.50937500 0.72890625 0.08750000 0.03593750
1 0.69921875 0.85156250 0.07343750 0.03437500
1 0.96406250 0.61484375 0.07187500 0.03906250
1 0.12187500 0.59062500 0.04375000 0.02187500
1 0.78671875 0.90781250 0.09843750 0.03750000
1 0.88046875 0.97500000 0.10156250 0.04062500
1 0.17265625 0.60468750 0.06093750 0.03437500
1 0.32890625 0.84453125 0.08593750 0.03593750
1 0.42812500 0.96718750 0.09687500 0.03750000
1 0.21562500 0.84375000 0.09375000 0.04062500
1 0.19375000 0.61796875 0.03437500 0.02031250
1 0.41640625 0.90546875 0.09218750 0.03906250
1 0.45078125 0.84765625 0.08906250 0.03593750
1 0.18593750 0.89531250 0.09062500 0.03750000
1 0.28593750 0.73203125 0.09062500 0.03593750
1 0.93281250 0.85703125 0.08750000 0.03906250
1 0.54531250 0.90781250 0.09062500 0.03437500
1 0.66796875 0.90781250 0.09218750 0.03750000
1 0.30156250 0.90156250 0.09375000 0.03750000
1 0.97734375 0.73593750 0.04531250 0.03437500
1 0.84687500 0.79453125 0.09375000 0.03593750
1 0.73281250 0.79687500 0.08750000 0.03750000
1 0.19921875 0.78671875 0.09531250 0.03906250
1 0.21250000 0.96562500 0.09687500 0.04375000
1 0.97578125 0.97421875 0.04843750 0.03906250
1 0.40078125 0.73125000 0.08281250 0.03750000
1 0.98671875 0.79843750 0.02656250 0.03750000
1 0.90156250 0.91328125 0.10000000 0.03593750
1 0.48203125 0.79062500 0.09843750 0.04375000
1 0.03125000 0.60781250 0.03437500 0.02187500
1 0.58437500 0.85078125 0.10312500 0.04218750
1 0.65156250 0.97031250 0.09375000 0.03437500
1 0.08593750 0.58906250 0.03437500 0.02187500
1 0.87109375 0.74375000 0.08593750 0.03437500
1 0.54531250 0.97500000 0.09687500 0.03750000
1 0.32734375 0.78906250 0.08593750 0.04375000
1 0.98828125 0.91562500 0.02343750 0.03750000
1 0.80703125 0.85625000 0.08906250 0.04062500
1 0.76875000 0.97343750 0.08750000 0.03750000
