1 0.76796875 0.26953125 0.09531250 0.04218750
1 0.68046875 0.20312500 0.09218750 0.03437500
1 0.55000000 0.20390625 0.10937500 0.03593750
1 0.79140625 0.20390625 0.10468750 0.03906250
1 0.01875000 0.00546875 0.03750000 0.01093750
1 0.01328125 0.31328125 0.02656250 0.03906250
1 0.16953125 0.37265625 0.08906250 0.04218750
1 0.24609375 0.31875000 0.09843750 0.04687500
1 0.79765625 0.39062500 0.08593750 0.03750000
1 0.03906250 0.36953125 0.07812500 0.03593750
1 0.71250000 0.49609375 0.10937500 0.04218750
1 0.31796875 0.25703125 0.08906250 0.03593750
1 0.54375000 0.37890625 0.06562500 0.04531250
1 0.47656250 0.44140625 0.09375000 0.03906250
1 0.65625000 0.43906250 0.09375000 0.03750000
1 0.35234375 0.43515625 0.09218750 0.04218750
1 0.38203125 0.32031250 0.09531250 0.03750000
1 0.11406250 0.07968750 0.09687500 0.03750000
1 0.42890625 0.37890625 0.08281250 0.03906250
1 0.30703125 0.37500000 0.06093750 0.04062500
1 0.66328125 0.38750000 0.08906250 0.03750000
1 0.11875000 0.31796875 0.08750000 0.03593750
1 0.67421875 0.26484375 0.08281250 0.03906250
1 0.43671875 0.25625000 0.08593750 0.03750000
1 0.77031250 0.44531250 0.08437500 0.03750000
1 0.51328125 0.32109375 0.09218750 0.03593750
1 0.55234375 0.26640625 0.09218750 0.03593750
1 0.65234375 0.32109375 0.09218750 0.03281250
1 0.80000000 0.44531250 0.02500000 0.03750000
1 0.76484375 0.32968750 0.08593750 0.03750000
1 0.42343750 0.01093750 0.09375000 0.02187500
2 0.49765625 0.61953125 0.01718750 0.01406250
2 0.84687500 0.57656250 0.02500000 0.02187500
2 0.62421875 0.55156250 0.02968750 0.01875000
2 0.97187500 0.52812500 0.01875000 0.01875000
2 0.89687500 0.53593750 0.02500000 0.03437500
2 0.94843750 0.60234375 0.01562500 0.02031250
2 0.94453125 0.77031250 0.02343750 0.03125000
2 0.46093750 0.53437500 0.01875000 0.01250000
2 0.31718750 0.62109375 0.01875000 0.01718750
2 0.54609375 0.56328125 0.02031250 0.01718750
2 0.95546875 0.60390625 0.02968750 0.02031250
2 0.93437500 0.76875000 0.04375000 0.03437500
2 0.45312500 0.53515625 0.03125000 0.01406250
2 0.99140625 0.58828125 0.01718750 0.02343750
2 0.38281250 0.95859375 0.04062500 0.07343750
2 0.97968750 0.57890625 0.03437500 0.03593750
2 0.25937500 0.37500000 0.01562500 0.01875000
2 0.48515625 0.56328125 0.02031250 0.02031250
2 0.92109375 0.75937500 0.01718750 0.01562500
2 0.86640625 0.53593750 0.02343750 0.02187500
2 0.83750000 0.55703125 0.01875000 0.02343750
2 0.93359375 0.53671875 0.02031250 0.02343750
2 0.96484375 0.52578125 0.03281250 0.02656250
2 0.98125000 0.71796875 0.01562500 0.02343750
2 0.84531250 0.56406250 0.03437500 0.03750000
2 0.65781250 0.56484375 0.01562500 0.02343750
2 0.74609375 0.52890625 0.03281250 0.02343750
2 0.89687500 0.55781250 0.02500000 0.02187500
2 0.87968750 0.56640625 0.01562500 0.01718750
2 0.97734375 0.54609375 0.02031250 0.02656250
2 0.49375000 0.56250000 0.03437500 0.02187500
2 0.35312500 0.98593750 0.03437500 0.02812500
2 0.99609375 0.56953125 0.00781250 0.01718750
2 0.97187500 0.57578125 0.01875000 0.02656250
2 0.92500000 0.63515625 0.02500000 0.02031250
