2 0.83750000 0.13984375 0.02500000 0.03281250
2 0.30546875 0.45078125 0.02343750 0.03593750
2 0.35625000 0.85234375 0.01562500 0.02343750
2 0.14218750 0.53671875 0.01562500 0.02656250
2 0.09921875 0.38203125 0.01406250 0.01718750
2 0.13750000 0.63203125 0.02187500 0.02031250
2 0.80078125 0.09609375 0.02656250 0.02968750
2 0.27187500 0.74531250 0.04062500 0.04687500
2 0.35468750 0.26015625 0.01250000 0.02968750
2 0.13906250 0.25312500 0.01875000 0.03437500
2 0.32656250 0.18281250 0.01250000 0.02187500
2 0.35468750 0.09296875 0.01875000 0.03593750
2 0.83984375 0.13203125 0.02031250 0.01718750
2 0.98046875 0.26562500 0.01718750 0.02187500
2 0.16406250 0.07812500 0.02187500 0.02812500
2 0.79687500 0.21015625 0.01875000 0.03281250
2 0.25546875 0.38281250 0.01406250 0.03437500
2 0.20937500 0.10156250 0.01875000 0.02500000
2 0.06250000 0.57812500 0.02500000 0.01875000
2 0.19921875 0.34687500 0.02031250 0.02812500
2 0.09843750 0.57656250 0.02812500 0.01875000
2 0.16875000 0.40781250 0.01562500 0.02187500
2 0.30859375 0.37109375 0.01718750 0.03281250
2 0.80625000 0.44453125 0.04062500 0.03906250
2 0.08593750 0.79296875 0.01875000 0.01718750
2 0.60390625 0.25937500 0.01406250 0.01562500
2 0.33437500 0.13203125 0.02187500 0.02343750
2 0.81640625 0.05703125 0.02031250 0.03906250
2 0.16406250 0.08750000 0.02187500 0.04687500
2 0.06093750 0.67656250 0.01875000 0.02187500
2 0.79453125 0.43828125 0.01718750 0.02656250
2 0.16875000 0.22421875 0.01562500 0.02343750
2 0.81796875 0.44687500 0.01718750 0.03437500
2 0.16093750 0.78906250 0.01562500 0.02500000
2 0.12421875 0.08750000 0.02031250 0.01875000
2 0.35937500 0.65000000 0.01562500 0.02812500
2 0.13828125 0.64843750 0.02656250 0.02500000
2 0.27031250 0.14687500 0.01562500 0.02187500
2 0.13281250 0.77734375 0.01562500 0.01718750
2 0.19843750 0.34687500 0.01875000 0.02812500
2 0.27343750 0.15234375 0.02187500 0.03281250
2 0.14218750 0.54218750 0.01562500 0.01562500
2 0.23437500 0.44609375 0.02187500 0.03281250
2 0.99062500 0.25625000 0.01875000 0.02187500
2 0.33671875 0.13984375 0.02656250 0.03593750
2 0.09453125 0.39687500 0.01406250 0.02500000
2 0.61015625 0.90390625 0.01406250 0.02031250
2 0.79062500 0.30390625 0.02187500 0.03281250
2 0.35390625 0.08437500 0.01406250 0.01875000
2 0.27578125 0.57578125 0.02031250 0.02031250
2 0.93437500 0.98203125 0.02187500 0.01406250
2 0.33203125 0.87343750 0.01718750 0.02812500
2 0.81796875 0.25781250 0.02031250 0.01875000
2 0.25546875 0.00312500 0.01406250 0.00625000
2 0.01953125 0.83359375 0.01406250 0.01406250
2 0.81796875 0.04765625 0.01406250 0.02031250
2 0.35234375 0.91640625 0.01718750 0.05156250
2 0.23671875 0.12031250 0.01718750 0.02187500
2 0.98515625 0.26171875 0.02968750 0.02968750
2 0.36484375 0.65078125 0.02656250 0.02968750
2 0.15781250 0.71718750 0.01562500 0.01562500
2 0.33125000 0.26484375 0.01562500 0.02343750
2 0.27890625 0.75546875 0.02656250 0.02968750
2 0.12500000 0.09609375 0.02187500 0.03593750
2 0.37109375 0.65156250 0.01718750 0.02812500
2 0.76953125 0.40468750 0.01406250 0.03750000
2 0.06718750 0.66875000 0.02812500 0.03437500
2 0.81875000 0.17343750 0.01562500 0.02500000
2 0.35000000 0.09375000 0.02500000 0.03437500
2 0.15625000 0.78046875 0.01875000 0.02343750
2 0.93125000 0.39453125 0.01562500 0.02031250
1 0.00703125 0.28281250 0.01406250 0.03750000
1 0.48125000 0.33437500 0.03437500 0.08125000
1 0.00546875 0.34296875 0.01093750 0.03593750
1 0.77343750 0.85781250 0.05312500 0.07187500
1 0.66562500 0.92500000 0.03437500 0.09062500
1 0.01250000 0.46250000 0.02500000 0.03750000
1 0.73281250 0.98828125 0.04062500 0.02343750
1 0.72656250 0.59375000 0.07187500 0.09062500
1 0.71562500 0.59375000 0.04375000 0.08750000
1 0.87656250 0.93359375 0.03437500 0.04531250
1 0.01640625 0.40546875 0.03281250 0.03593750
1 0.67343750 0.36093750 0.04062500 0.10000000
1 0.50781250 0.75546875 0.04062500 0.09531250
1 0.00859375 0.22734375 0.01718750 0.03906250
1 0.47656250 0.12421875 0.04062500 0.09218750
1 0.54062500 0.02656250 0.03750000 0.05312500
