1 0.94921875 0.64375000 0.10156250 0.03750000
1 0.46171875 0.96718750 0.08593750 0.03750000
1 0.61953125 0.72343750 0.08593750 0.03750000
1 0.04921875 0.72187500 0.08906250 0.03437500
1 0.79375000 0.83671875 0.09687500 0.03593750
1 0.92812500 0.96093750 0.09375000 0.03750000
1 0.88671875 0.77890625 0.07968750 0.04531250
1 0.34062500 0.96484375 0.09687500 0.03906250
1 0.56796875 0.90468750 0.08593750 0.03750000
1 0.20468750 0.96406250 0.10312500 0.04062500
1 0.44140625 0.72500000 0.08593750 0.04062500
1 0.41875000 0.77734375 0.08750000 0.03906250
1 0.28281250 0.84609375 0.09062500 0.03906250
1 0.82656250 0.96250000 0.10312500 0.04062500
1 0.28750000 0.90468750 0.08750000 0.03750000
1 0.25390625 0.65781250 0.09531250 0.03750000
1 0.24687500 0.72421875 0.05625000 0.03593750
1 0.84687500 0.89843750 0.10000000 0.04062500
1 0.71328125 0.96250000 0.09843750 0.04062500
1 0.55546875 0.84687500 0.08593750 0.03750000
1 0.58593750 0.96250000 0.09687500 0.03750000
1 0.59765625 0.66093750 0.09218750 0.03750000
1 0.84531250 0.71562500 0.09062500 0.04062500
1 0.73125000 0.77734375 0.09687500 0.03906250
1 0.96953125 0.84140625 0.06093750 0.03906250
