0 0.66718750 0.73750000 0.24375000 0.05625000
0 0.61328125 0.91953125 0.24843750 0.06093750
1 0.07656250 0.50234375 0.08125000 0.07968750
1 0.95078125 0.98359375 0.09843750 0.03281250
1 0.28125000 0.55468750 0.04062500 0.02500000
1 0.83437500 0.97734375 0.09687500 0.03906250
1 0.17187500 0.44765625 0.03437500 0.02031250
1 0.98437500 0.80546875 0.03125000 0.03906250
1 0.62890625 0.85234375 0.09843750 0.03906250
1 0.62656250 0.97343750 0.11250000 0.04687500
1 0.44296875 0.67421875 0.09218750 0.03906250
1 0.22734375 0.51015625 0.03906250 0.02656250
1 0.28828125 0.58593750 0.03593750 0.02187500
1 0.86640625 0.79921875 0.09218750 0.03906250
1 0.74609375 0.79687500 0.08593750 0.04375000
1 0.35781250 0.59062500 0.03437500 0.02500000
1 0.96250000 0.85703125 0.07500000 0.03593750
1 0.95703125 0.74609375 0.08593750 0.03906250
1 0.81171875 0.85703125 0.07343750 0.03593750
1 0.72734375 0.97578125 0.08906250 0.03906250
1 0.62578125 0.79609375 0.08906250 0.03906250
1 0.82734375 0.74531250 0.07343750 0.03750000
