0 0.59453125 0.90703125 0.27031250 0.06093750
1 0.54921875 0.38828125 0.09531250 0.03906250
1 0.91484375 0.16093750 0.05468750 0.05312500
1 0.90859375 0.75703125 0.10468750 0.03906250
1 0.80625000 0.35468750 0.04687500 0.09687500
1 0.90312500 0.58203125 0.10312500 0.04531250
1 0.75703125 0.35468750 0.04843750 0.10312500
1 0.01171875 0.61796875 0.02343750 0.03906250
1 0.22968750 0.59687500 0.10625000 0.05312500
1 0.02734375 0.73203125 0.05468750 0.03906250
1 0.03906250 0.40078125 0.07812500 0.08593750
1 0.22031250 0.78359375 0.10312500 0.04218750
1 0.66640625 0.76875000 0.10781250 0.04687500
1 0.08828125 0.78984375 0.10156250 0.04218750
1 0.28984375 0.27656250 0.09531250 0.04375000
1 0.26562500 0.40625000 0.11250000 0.05625000
1 0.15234375 0.40390625 0.10468750 0.04531250
1 0.41484375 0.40078125 0.11406250 0.05156250
1 0.10000000 0.94140625 0.10312500 0.04531250
1 0.98593750 0.24218750 0.02812500 0.04375000
1 0.99296875 0.74609375 0.01406250 0.04218750
1 0.62421875 0.58359375 0.10156250 0.04218750
1 0.97031250 0.34921875 0.05312500 0.10156250
1 0.79609375 0.75859375 0.10156250 0.03906250
1 0.35000000 0.77968750 0.10000000 0.04062500
1 0.51328125 0.76953125 0.11406250 0.04531250
1 0.06093750 0.23203125 0.07812500 0.08281250
1 0.57265625 0.27265625 0.05468750 0.03281250
1 0.86640625 0.36015625 0.04531250 0.09843750
1 0.78046875 0.69687500 0.11718750 0.04062500
