1 0.01953125 0.24218750 0.03906250 0.04062500
1 0.80859375 0.27265625 0.08281250 0.07031250
1 0.00625000 0.36562500 0.01250000 0.03750000
1 0.01250000 0.42578125 0.02500000 0.04218750
1 0.00390625 0.30625000 0.00781250 0.03437500
1 0.01562500 0.48281250 0.03125000 0.03750000
1 0.16796875 0.16718750 0.08281250 0.06562500
1 0.51250000 0.63437500 0.05937500 0.09375000
1 0.61015625 0.93125000 0.03906250 0.08437500
1 0.68671875 0.09843750 0.07031250 0.09375000
2 0.14375000 0.80000000 0.01562500 0.01875000
2 0.28281250 0.61562500 0.01562500 0.02187500
2 0.35000000 0.88281250 0.02500000 0.04062500
2 0.20312500 0.62109375 0.02187500 0.02656250
2 0.10000000 0.58125000 0.02500000 0.01562500
2 0.14218750 0.67421875 0.03125000 0.02656250
2 0.27343750 0.75859375 0.03437500 0.03281250
2 0.03828125 0.57578125 0.02968750 0.01718750
2 0.29531250 0.61328125 0.01562500 0.02343750
2 0.30234375 0.17109375 0.02031250 0.02031250
2 0.25859375 0.00546875 0.01093750 0.01093750
2 0.75000000 0.58750000 0.04687500 0.05000000
2 0.95625000 0.80859375 0.01562500 0.02031250
2 0.23750000 0.61953125 0.02187500 0.02343750
2 0.21796875 0.58828125 0.02031250 0.01718750
2 0.19687500 0.77500000 0.02500000 0.02812500
2 0.28203125 0.76640625 0.02031250 0.02031250
2 0.65781250 0.55234375 0.01562500 0.02343750
2 0.07421875 0.60390625 0.02656250 0.02343750
2 0.22421875 0.62031250 0.01718750 0.02187500
2 0.07421875 0.60390625 0.02656250 0.02343750
2 0.26015625 0.00703125 0.01718750 0.01406250
2 0.26718750 0.75781250 0.02187500 0.03125000
2 0.10625000 0.60078125 0.01875000 0.02343750
2 0.20625000 0.64140625 0.02812500 0.01718750
2 0.26093750 0.64843750 0.02500000 0.02187500
2 0.00546875 0.37265625 0.01093750 0.14531250
2 0.29218750 0.11171875 0.02187500 0.02343750
2 0.01406250 0.59765625 0.02812500 0.03281250
2 0.14453125 0.21562500 0.01406250 0.01250000
2 0.17265625 0.59765625 0.02343750 0.02031250
2 0.98828125 0.84921875 0.02343750 0.02343750
2 0.32734375 0.76875000 0.02343750 0.03750000
2 0.98359375 0.84843750 0.01406250 0.02187500
2 0.20312500 0.62578125 0.02500000 0.02656250
2 0.20703125 0.64375000 0.02968750 0.01875000
2 0.15546875 0.80703125 0.03906250 0.03281250
2 0.22109375 0.59531250 0.03281250 0.02812500
2 0.26875000 0.47343750 0.01562500 0.02500000
2 0.20312500 0.62421875 0.02500000 0.02968750
2 0.13671875 0.65000000 0.02343750 0.01562500
2 0.26093750 0.64375000 0.02500000 0.01562500
2 0.04531250 0.57343750 0.01875000 0.01875000
2 0.11953125 0.60234375 0.04218750 0.02656250
2 0.83046875 0.97109375 0.01718750 0.02656250
2 0.05234375 0.61796875 0.03593750 0.01406250
2 0.27109375 0.47343750 0.02031250 0.02500000
2 0.00703125 0.60078125 0.01406250 0.02968750
2 0.16640625 0.62500000 0.03281250 0.01875000
2 0.20468750 0.64687500 0.02812500 0.02187500
2 0.69140625 0.90078125 0.01718750 0.02031250
2 0.23984375 0.68750000 0.02656250 0.01875000
2 0.26250000 0.01406250 0.02187500 0.02812500
2 0.25234375 0.68437500 0.03906250 0.02187500
2 0.07578125 0.60156250 0.02343750 0.01875000
2 0.01953125 0.99531250 0.01718750 0.00937500
2 0.93671875 0.91562500 0.01718750 0.02187500
2 0.53203125 0.67656250 0.01718750 0.01562500
2 0.36718750 0.93046875 0.01562500 0.04218750
2 0.16250000 0.62421875 0.02500000 0.02031250
2 0.28125000 0.60234375 0.01875000 0.02968750
2 0.03203125 0.85625000 0.01406250 0.01562500
2 0.67656250 0.90312500 0.01562500 0.01562500
2 0.35546875 0.66093750 0.02656250 0.02187500
2 0.26171875 0.65156250 0.02343750 0.02500000
2 0.29765625 0.17031250 0.02968750 0.02187500
2 0.88203125 0.91796875 0.01718750 0.02656250
2 0.68515625 0.90156250 0.02968750 0.02187500
2 0.09609375 0.81796875 0.02031250 0.01718750
2 0.24921875 0.61562500 0.02968750 0.02500000
2 0.28671875 0.60781250 0.02968750 0.03750000
2 0.32812500 0.76796875 0.02187500 0.03593750
2 0.03437500 0.57578125 0.02187500 0.01718750
2 0.28828125 0.61328125 0.02656250 0.02656250
2 0.46796875 0.20468750 0.02968750 0.01875000
2 0.46484375 0.20625000 0.02343750 0.01562500
2 0.13828125 0.67500000 0.02343750 0.02500000
2 0.66796875 0.55546875 0.03906250 0.03593750
2 0.95625000 0.80703125 0.01562500 0.01718750
2 0.21796875 0.60703125 0.04218750 0.03593750
2 0.16640625 0.81171875 0.02031250 0.02656250
2 0.20859375 0.65546875 0.03906250 0.01406250
