1 0.58984375 0.38281250 0.08906250 0.04062500
1 0.96640625 0.15859375 0.05468750 0.05156250
1 0.41328125 0.59609375 0.09843750 0.04218750
1 0.85234375 0.35390625 0.04843750 0.09843750
1 0.94531250 0.57968750 0.10937500 0.04375000
1 0.18203125 0.71875000 0.10156250 0.03750000
1 0.25546875 0.77968750 0.10468750 0.04062500
1 0.38593750 0.77656250 0.10312500 0.04062500
1 0.82968750 0.76171875 0.08750000 0.04218750
1 0.06328125 0.37890625 0.10468750 0.05781250
1 0.94843750 0.76093750 0.10000000 0.04062500
1 0.44843750 0.94531250 0.09687500 0.05000000
1 0.18984375 0.39609375 0.10468750 0.04218750
1 0.75937500 0.90312500 0.10937500 0.04687500
1 0.80156250 0.35703125 0.05312500 0.10156250
1 0.70546875 0.76875000 0.10781250 0.04375000
1 0.12343750 0.78437500 0.10312500 0.04375000
1 0.01953125 0.94609375 0.03906250 0.05781250
1 0.91406250 0.35937500 0.05000000 0.10000000
1 0.33437500 0.26796875 0.09687500 0.03906250
1 0.76015625 0.84062500 0.10468750 0.04375000
1 0.55234375 0.76484375 0.11093750 0.04843750
1 0.41406250 0.85390625 0.09375000 0.04531250
1 0.10312500 0.22031250 0.08125000 0.08437500
1 0.45703125 0.39531250 0.11406250 0.05000000
1 0.61640625 0.26718750 0.05781250 0.03125000
1 0.12890625 0.86953125 0.10781250 0.03906250
1 0.20625000 0.93593750 0.09062500 0.04062500
