2 0.85468750 0.26640625 0.01875000 0.02031250
2 0.39218750 0.56562500 0.01875000 0.02812500
2 0.31875000 0.39375000 0.01562500 0.01562500
2 0.79609375 0.26015625 0.02031250 0.02031250
2 0.44296875 0.82500000 0.02343750 0.02187500
2 0.28515625 0.34843750 0.02031250 0.02812500
2 0.29296875 0.53281250 0.01406250 0.02500000
2 0.27890625 0.49218750 0.03593750 0.02500000
2 0.23437500 0.37812500 0.02187500 0.03125000
2 0.39687500 0.56640625 0.02812500 0.02968750
2 0.39531250 0.58281250 0.02812500 0.06250000
1 0.48906250 0.78906250 0.10000000 0.04375000
1 0.65234375 0.40781250 0.10781250 0.05625000
1 0.97421875 0.27187500 0.05156250 0.03125000
1 0.66484375 0.85156250 0.11093750 0.04375000
1 0.66562500 0.39687500 0.07500000 0.03750000
1 0.50156250 0.67265625 0.10000000 0.04218750
1 0.75078125 0.77890625 0.10156250 0.03906250
1 0.55156250 0.40312500 0.10312500 0.04375000
1 0.41640625 0.43671875 0.12656250 0.04843750
1 0.08671875 0.07031250 0.04218750 0.10000000
1 0.91875000 0.76875000 0.10625000 0.04375000
1 0.15859375 0.89765625 0.10156250 0.04531250
1 0.28984375 0.21718750 0.04218750 0.09062500
1 0.42656250 0.38437500 0.10312500 0.05625000
1 0.74140625 0.91796875 0.10781250 0.06093750
1 0.81562500 0.40078125 0.11562500 0.05156250
1 0.19765625 0.72890625 0.09531250 0.04218750
1 0.18046875 0.16171875 0.04218750 0.10156250
1 0.06953125 0.35312500 0.05781250 0.09375000
1 0.04921875 0.97500000 0.09843750 0.04687500
1 0.88593750 0.91015625 0.15000000 0.05781250
1 0.61484375 0.72187500 0.10156250 0.04062500
1 0.46171875 0.23125000 0.07968750 0.08125000
1 0.94921875 0.38750000 0.09218750 0.04062500
1 0.62031250 0.78281250 0.10312500 0.04062500
1 0.45312500 0.61953125 0.10625000 0.04531250
1 0.69140625 0.27578125 0.09843750 0.04531250
1 0.32578125 0.95234375 0.10156250 0.04531250
1 0.73046875 0.58281250 0.09218750 0.05937500
