1 0.82421875 0.74218750 0.07656250 0.03750000
1 0.61171875 0.96875000 0.09531250 0.04062500
1 0.74296875 0.79296875 0.08593750 0.04218750
1 0.06015625 0.50390625 0.07968750 0.07343750
1 0.62578125 0.84921875 0.09531250 0.03906250
1 0.30078125 0.58750000 0.02656250 0.02187500
1 0.92968750 0.91562500 0.08437500 0.03125000
1 0.29453125 0.55859375 0.03593750 0.02031250
1 0.14296875 0.48281250 0.03593750 0.01875000
1 0.98593750 0.85859375 0.02812500 0.03906250
1 0.70546875 0.90781250 0.08593750 0.03437500
1 0.59218750 0.90390625 0.08750000 0.03593750
1 0.18125000 0.52109375 0.03437500 0.01718750
1 0.85078125 0.97812500 0.09531250 0.03750000
1 0.62109375 0.79453125 0.08906250 0.04218750
1 0.86171875 0.79531250 0.09218750 0.03750000
1 0.95859375 0.97968750 0.08281250 0.04062500
1 0.97968750 0.80234375 0.04062500 0.04218750
1 0.74375000 0.85234375 0.07500000 0.03593750
1 0.73125000 0.97578125 0.08437500 0.03906250
1 0.81953125 0.91718750 0.08593750 0.03750000
1 0.94609375 0.74296875 0.09218750 0.03906250
1 0.89843750 0.85312500 0.09375000 0.04062500
0 0.66171875 0.73828125 0.24843750 0.06718750
2 0.16093750 0.44531250 0.02187500 0.01875000
2 0.30078125 0.43359375 0.01406250 0.01093750
2 0.00468750 0.09453125 0.00937500 0.01718750
2 0.39218750 0.58828125 0.02500000 0.02343750
2 0.00703125 0.43515625 0.01406250 0.02031250
2 0.34531250 0.58906250 0.03750000 0.02187500
2 0.16718750 0.44765625 0.03437500 0.02031250
2 0.28281250 0.43437500 0.01562500 0.01875000
2 0.04531250 0.04062500 0.01875000 0.03437500
2 0.27656250 0.43515625 0.02812500 0.02343750
2 0.06328125 0.16406250 0.02343750 0.07187500
2 0.72187500 0.55234375 0.02500000 0.04218750
2 0.34453125 0.97656250 0.01406250 0.02187500
2 0.06093750 0.41328125 0.01562500 0.01718750
2 0.35937500 0.56328125 0.02500000 0.02343750
2 0.40703125 0.88984375 0.01406250 0.03281250
2 0.04453125 0.04218750 0.03593750 0.04687500
2 0.47343750 0.57656250 0.02812500 0.02187500
2 0.17578125 0.44609375 0.01718750 0.02031250
