2 0.28437500 0.46875000 0.02812500 0.03125000
2 0.28046875 0.46718750 0.02031250 0.02500000
2 0.82968750 0.27109375 0.01250000 0.01718750
2 0.33281250 0.56406250 0.05000000 0.03125000
2 0.00468750 0.83203125 0.00937500 0.01406250
2 0.34531250 0.56250000 0.01875000 0.02812500
2 0.23437500 0.45703125 0.03437500 0.02343750
2 0.40781250 0.57578125 0.03125000 0.02968750
2 0.47187500 0.83125000 0.02187500 0.01562500
0 0.89453125 0.66015625 0.09531250 0.05781250
0 0.55625000 0.66875000 0.26250000 0.06250000
1 0.84765625 0.41171875 0.11718750 0.04843750
1 0.51250000 0.79609375 0.10000000 0.04218750
1 0.70468750 0.73203125 0.10312500 0.03906250
1 0.98906250 0.28750000 0.02187500 0.02812500
1 0.94296875 0.78046875 0.10781250 0.04218750
1 0.89375000 0.66093750 0.09375000 0.05937500
1 0.02734375 0.47578125 0.05468750 0.09843750
1 0.58359375 0.41093750 0.10781250 0.04375000
1 0.86796875 0.71796875 0.09531250 0.03906250
1 0.78437500 0.78906250 0.10000000 0.04062500
1 0.32265625 0.22109375 0.04218750 0.09218750
1 0.97343750 0.72109375 0.05312500 0.03906250
1 0.64609375 0.79218750 0.10468750 0.04062500
1 0.13515625 0.72812500 0.07656250 0.09062500
1 0.21406250 0.16406250 0.04375000 0.10312500
1 0.43984375 0.73671875 0.09531250 0.03906250
1 0.45859375 0.39140625 0.11093750 0.05781250
1 0.75546875 0.66640625 0.06406250 0.03906250
1 0.96171875 0.40078125 0.05156250 0.03906250
1 0.49609375 0.23593750 0.07968750 0.08125000
1 0.57265625 0.72578125 0.09843750 0.03906250
1 0.68359375 0.91640625 0.09531250 0.03906250
1 0.66484375 0.61171875 0.10468750 0.04218750
1 0.72421875 0.28437500 0.09843750 0.04375000
1 0.36562500 0.85859375 0.10312500 0.05781250
