1 0.48671875 0.94140625 0.07968750 0.04218750
1 0.35546875 0.94375000 0.08906250 0.03750000
1 0.06250000 0.63046875 0.09375000 0.04531250
1 0.86953125 0.92656250 0.09843750 0.03750000
1 0.89531250 0.80546875 0.10000000 0.03906250
1 0.20859375 0.82421875 0.08281250 0.03593750
1 0.22187500 0.54218750 0.05937500 0.03125000
1 0.83828125 0.86875000 0.09843750 0.04375000
1 0.21171875 0.87890625 0.09218750 0.03906250
1 0.55468750 0.75390625 0.08437500 0.03593750
1 0.38828125 0.70000000 0.08281250 0.03750000
1 0.96562500 0.92656250 0.06875000 0.03750000
1 0.72421875 0.68828125 0.09843750 0.03906250
1 0.35078125 0.62968750 0.08593750 0.03750000
1 0.68593750 0.81250000 0.09687500 0.04062500
1 0.74140625 0.92968750 0.09218750 0.03750000
1 0.44375000 0.81328125 0.09375000 0.03906250
1 0.45078125 0.86406250 0.07343750 0.03125000
1 0.61875000 0.93593750 0.09687500 0.03750000
1 0.25546875 0.94453125 0.11093750 0.03906250
1 0.72343750 0.75000000 0.09687500 0.04375000
1 0.88671875 0.74609375 0.09218750 0.04218750
1 0.29843750 0.76171875 0.09687500 0.04843750
0 0.02500000 0.92734375 0.05000000 0.05468750
0 0.61640625 0.26796875 0.38593750 0.16406250
2 0.39453125 0.57968750 0.01718750 0.01562500
2 0.18125000 0.42656250 0.01562500 0.02187500
