1 0.45390625 0.84531250 0.08906250 0.03437500
1 0.42734375 0.90546875 0.09531250 0.03906250
1 0.61484375 0.78984375 0.09531250 0.03593750
1 0.16406250 0.72578125 0.09687500 0.03906250
1 0.40390625 0.73046875 0.08281250 0.03593750
1 0.88906250 0.97343750 0.07500000 0.03750000
1 0.89375000 0.78984375 0.09375000 0.03593750
1 0.32968750 0.78750000 0.08125000 0.04062500
1 0.48593750 0.78828125 0.10000000 0.04218750
1 0.11953125 0.96484375 0.07968750 0.03906250
1 0.76328125 0.96875000 0.09843750 0.04687500
1 0.09687500 0.64218750 0.04375000 0.01875000
1 0.30625000 0.90078125 0.09375000 0.03906250
1 0.55000000 0.90468750 0.09062500 0.03437500
1 0.19140625 0.89609375 0.08906250 0.03593750
1 0.28828125 0.73359375 0.08906250 0.03593750
1 0.22109375 0.84453125 0.09218750 0.03906250
1 0.76093750 0.84687500 0.07187500 0.03437500
1 0.74218750 0.79375000 0.09062500 0.03750000
1 0.20390625 0.78671875 0.09218750 0.03593750
1 0.01406250 0.58750000 0.02812500 0.02187500
1 0.97656250 0.96640625 0.04687500 0.03593750
1 0.51640625 0.96406250 0.08281250 0.03437500
1 0.97812500 0.72812500 0.04375000 0.03437500
1 0.81171875 0.90312500 0.09843750 0.03750000
1 0.58750000 0.84609375 0.10000000 0.03906250
1 0.64687500 0.97187500 0.10000000 0.03750000
1 0.67265625 0.90468750 0.09218750 0.04062500
1 0.51171875 0.72734375 0.08906250 0.03593750
1 0.90234375 0.73828125 0.09218750 0.03593750
1 0.30000000 0.96250000 0.09375000 0.04062500
1 0.98750000 0.79218750 0.02500000 0.03750000
1 0.33359375 0.84453125 0.08593750 0.03593750
0 0.70468750 0.72500000 0.25312500 0.05000000
2 0.73125000 0.60156250 0.01250000 0.01875000
2 0.01093750 0.65703125 0.02187500 0.03906250
2 0.38515625 0.39765625 0.01718750 0.02031250
2 0.16250000 0.62343750 0.03437500 0.02500000
2 0.00703125 0.65078125 0.01406250 0.02656250
2 0.01328125 0.66875000 0.01718750 0.01562500
