2 0.15703125 0.97890625 0.01093750 0.01718750
2 0.20234375 0.96250000 0.04218750 0.03750000
2 0.13125000 0.62578125 0.01562500 0.02031250
2 0.95234375 0.54609375 0.03281250 0.01718750
2 0.88203125 0.56875000 0.01406250 0.01250000
2 0.14218750 0.93203125 0.01250000 0.02656250
2 0.18828125 0.61250000 0.02656250 0.02187500
2 0.06328125 0.90156250 0.01406250 0.01562500
2 0.46953125 0.57343750 0.01718750 0.02187500
2 0.06328125 0.90000000 0.02031250 0.01875000
2 0.18203125 0.61171875 0.01718750 0.01718750
2 0.90078125 0.60625000 0.02031250 0.01562500
2 0.43750000 0.67109375 0.02187500 0.02343750
2 0.95468750 0.55156250 0.03437500 0.02812500
2 0.15312500 0.65156250 0.01875000 0.01875000
2 0.19531250 0.60859375 0.01250000 0.01406250
2 0.55390625 0.43750000 0.02343750 0.01875000
2 0.14531250 0.65156250 0.03437500 0.01875000
2 0.88515625 0.56875000 0.02031250 0.01562500
2 0.78671875 0.60703125 0.01718750 0.01718750
2 0.13203125 0.90078125 0.01718750 0.02343750
2 0.28203125 0.60000000 0.01718750 0.02187500
2 0.13671875 0.65312500 0.01718750 0.01562500
2 0.09687500 0.94218750 0.02187500 0.01875000
2 0.94609375 0.54531250 0.02031250 0.01250000
2 0.96093750 0.54765625 0.01875000 0.02031250
2 0.58828125 0.55078125 0.02656250 0.02656250
2 0.38515625 0.91562500 0.02031250 0.03750000
2 0.15703125 0.97578125 0.01093750 0.02343750
0 0.31015625 0.95000000 0.12031250 0.10000000
0 0.66796875 0.46093750 0.23593750 0.05625000
0 0.17421875 0.26093750 0.23593750 0.05937500
1 0.18046875 0.38125000 0.08906250 0.03750000
1 0.31328125 0.41484375 0.09218750 0.03906250
1 0.67812500 0.12890625 0.09375000 0.03906250
1 0.03828125 0.07968750 0.07656250 0.03750000
1 0.91406250 0.01015625 0.08437500 0.02031250
1 0.75625000 0.24921875 0.08750000 0.03593750
1 0.93593750 0.98281250 0.12812500 0.03437500
1 0.05937500 0.13750000 0.08125000 0.03750000
1 0.88906250 0.24765625 0.07500000 0.03593750
1 0.01015625 0.47968750 0.02031250 0.03750000
1 0.03515625 0.02031250 0.07031250 0.03750000
1 0.98750000 0.24140625 0.02500000 0.03593750
1 0.59218750 0.33515625 0.09062500 0.03906250
1 0.95781250 0.18046875 0.08437500 0.03906250
1 0.35859375 0.07109375 0.08281250 0.03593750
1 0.88046875 0.12578125 0.08593750 0.03906250
1 0.19062500 0.18359375 0.07500000 0.02968750
1 0.24921875 0.13046875 0.09218750 0.03906250
1 0.95781250 0.05625000 0.08437500 0.04062500
1 0.63515625 0.18906250 0.09531250 0.04687500
1 0.38046875 0.01796875 0.09218750 0.03593750
1 0.77500000 0.37890625 0.09062500 0.03593750
1 0.64531250 0.25156250 0.09062500 0.04375000
1 0.46640625 0.13359375 0.08906250 0.03906250
1 0.57890625 0.07421875 0.08906250 0.04218750
1 0.77031250 0.06718750 0.09062500 0.03750000
