1 0.90625000 0.06093750 0.08750000 0.03750000
1 0.86250000 0.11484375 0.09062500 0.04843750
1 0.27968750 0.36640625 0.08125000 0.03593750
1 0.01250000 0.20546875 0.02500000 0.03906250
1 0.61875000 0.28828125 0.09687500 0.04218750
1 0.78281250 0.44921875 0.08750000 0.03906250
1 0.03437500 0.09609375 0.06875000 0.03593750
1 0.97109375 0.36718750 0.05781250 0.04062500
1 0.61875000 0.49296875 0.08750000 0.03593750
1 0.12343750 0.43203125 0.08437500 0.03906250
1 0.08359375 0.03281250 0.08906250 0.04375000
1 0.42656250 0.43281250 0.09375000 0.04375000
1 0.83281250 0.29296875 0.09687500 0.03906250
1 0.19218750 0.07812500 0.08750000 0.04062500
1 0.95000000 0.30000000 0.10000000 0.03750000
1 0.78437500 0.39453125 0.09062500 0.03906250
1 0.54531250 0.37812500 0.09062500 0.04375000
1 0.62890625 0.16796875 0.09843750 0.03906250
1 0.64609375 0.11015625 0.08906250 0.04531250
1 0.72500000 0.29296875 0.09062500 0.03906250
0 0.42031250 0.53359375 0.23437500 0.07968750
0 0.87343750 0.23593750 0.25312500 0.05937500
0 0.01328125 0.50468750 0.02656250 0.04687500
0 0.94765625 0.23593750 0.10468750 0.05625000
0 0.70390625 0.05859375 0.25156250 0.06718750
0 0.81953125 0.23671875 0.14531250 0.05781250
