1 0.51328125 0.59296875 0.04843750 0.01406250
1 0.55000000 0.09296875 0.10000000 0.04218750
1 0.47500000 0.02890625 0.09687500 0.03906250
1 0.71718750 0.57578125 0.09375000 0.04531250
1 0.04687500 0.04609375 0.09375000 0.03906250
1 0.44609375 0.59453125 0.05156250 0.01406250
1 0.58359375 0.59062500 0.04843750 0.01562500
1 0.30937500 0.04296875 0.10312500 0.03906250
1 0.99531250 0.02578125 0.00937500 0.03593750
1 0.25156250 0.10156250 0.10312500 0.04062500
1 0.83125000 0.08515625 0.10625000 0.03906250
1 0.17734375 0.03671875 0.09843750 0.03906250
1 0.12109375 0.10546875 0.10468750 0.04218750
1 0.75000000 0.02890625 0.09375000 0.03593750
1 0.91796875 0.02265625 0.08593750 0.03593750
1 0.38828125 0.09921875 0.10156250 0.03906250
1 0.60156250 0.03203125 0.10312500 0.03906250
1 0.69843750 0.09296875 0.10937500 0.04218750
