0 0.81171875 0.02109375 0.25156250 0.04218750
1 0.87031250 0.19843750 0.09687500 0.04062500
1 0.60234375 0.20312500 0.10156250 0.04062500
1 0.04296875 0.21250000 0.08593750 0.04062500
1 0.13515625 0.26875000 0.10156250 0.03750000
1 0.34218750 0.26562500 0.10000000 0.03750000
1 0.91328125 0.25546875 0.09531250 0.03593750
1 0.54609375 0.26484375 0.10156250 0.04218750
1 0.30781250 0.20937500 0.09375000 0.03750000
1 0.98750000 0.31562500 0.02500000 0.03437500
1 0.57187500 0.32031250 0.09687500 0.03750000
1 0.16093750 0.32578125 0.10937500 0.03906250
1 0.17656250 0.21328125 0.10000000 0.03906250
1 0.43750000 0.20234375 0.10000000 0.03906250
1 0.36718750 0.08125000 0.09687500 0.03750000
1 0.97578125 0.19687500 0.04843750 0.03750000
1 0.77968750 0.31875000 0.09687500 0.04062500
1 0.35156250 0.32265625 0.09375000 0.03593750
1 0.73828125 0.20000000 0.10156250 0.04062500
1 0.66718750 0.11562500 0.10000000 0.04062500
