2 0.47500000 0.44921875 0.01875000 0.02968750
2 0.27890625 0.45234375 0.02031250 0.02968750
2 0.34921875 0.10468750 0.02343750 0.01875000
2 0.30781250 0.57265625 0.01562500 0.02343750
2 0.41640625 0.37890625 0.02031250 0.02343750
2 0.45546875 0.68984375 0.03593750 0.03593750
2 0.51328125 0.90781250 0.01718750 0.04375000
2 0.31953125 0.58828125 0.01406250 0.01718750
2 0.39140625 0.07890625 0.02656250 0.02968750
2 0.31328125 0.57890625 0.02656250 0.03593750
2 0.42812500 0.50703125 0.03437500 0.02343750
2 0.51171875 0.54062500 0.02656250 0.03125000
2 0.34843750 0.50156250 0.02500000 0.02500000
2 0.25625000 0.52265625 0.01562500 0.02968750
2 0.10937500 0.54843750 0.04375000 0.02812500
2 0.48125000 0.75078125 0.01562500 0.02656250
2 0.95234375 0.44609375 0.01406250 0.02968750
2 0.51250000 0.81406250 0.01875000 0.03125000
2 0.53750000 0.90000000 0.01875000 0.02812500
2 0.50625000 0.76796875 0.01562500 0.03906250
2 0.51484375 0.92968750 0.02031250 0.08750000
2 0.55000000 0.76953125 0.02500000 0.04531250
2 0.46328125 0.17578125 0.02656250 0.02968750
0 0.76250000 0.86406250 0.06250000 0.25937500
1 0.65937500 0.04609375 0.04062500 0.09218750
1 0.07734375 0.26796875 0.09531250 0.03593750
1 0.87421875 0.04218750 0.04843750 0.08437500
1 0.81171875 0.55703125 0.04218750 0.10468750
1 0.05703125 0.33359375 0.08593750 0.03593750
1 0.21093750 0.20546875 0.10000000 0.03906250
1 0.81406250 0.75859375 0.03750000 0.09531250
1 0.66718750 0.31484375 0.04062500 0.09218750
1 0.05234375 0.39453125 0.08906250 0.03593750
1 0.08671875 0.20859375 0.09531250 0.03906250
1 0.34765625 0.98828125 0.04218750 0.02343750
1 0.59765625 0.68828125 0.04531250 0.10156250
1 0.87500000 0.67500000 0.05000000 0.13125000
1 0.59687500 0.93359375 0.04062500 0.09531250
1 0.61328125 0.29218750 0.04218750 0.09375000
1 0.32578125 0.39687500 0.09843750 0.04375000
1 0.20078125 0.39296875 0.09531250 0.03593750
1 0.74218750 0.49765625 0.04687500 0.10156250
1 0.87734375 0.80234375 0.05781250 0.11718750
1 0.19687500 0.26328125 0.10000000 0.04218750
1 0.20000000 0.32734375 0.09375000 0.03906250
1 0.80000000 0.17265625 0.04062500 0.09843750
1 0.93750000 0.99218750 0.04062500 0.01562500
1 0.87187500 0.26015625 0.04062500 0.09843750
1 0.65937500 0.65546875 0.04375000 0.09218750
1 0.69531250 0.93515625 0.03750000 0.09843750
1 0.55859375 0.34218750 0.03906250 0.09375000
1 0.55781250 0.08203125 0.03750000 0.10468750
1 0.74843750 0.65156250 0.04375000 0.09375000
1 0.73046875 0.36640625 0.04531250 0.09531250
1 0.34218750 0.90390625 0.04062500 0.09531250
