0 0.53359375 0.04687500 0.25468750 0.05625000
1 0.73671875 0.21875000 0.08593750 0.03750000
1 0.04062500 0.30234375 0.08125000 0.04218750
1 0.57812500 0.28437500 0.09375000 0.03750000
1 0.97500000 0.20781250 0.05000000 0.03750000
1 0.92578125 0.00546875 0.09218750 0.01093750
1 0.87734375 0.21093750 0.09531250 0.04062500
1 0.31171875 0.29531250 0.09531250 0.04062500
1 0.18750000 0.01640625 0.09687500 0.03281250
1 0.44218750 0.34765625 0.09687500 0.03593750
1 0.56953125 0.34531250 0.08906250 0.03750000
1 0.93828125 0.38984375 0.10156250 0.03906250
1 0.92031250 0.45625000 0.04062500 0.01562500
1 0.03593750 0.42578125 0.07187500 0.03906250
1 0.88281250 0.48593750 0.07812500 0.02500000
1 0.10546875 0.23906250 0.10468750 0.04062500
1 0.94609375 0.50000000 0.03593750 0.02812500
1 0.80625000 0.51406250 0.03750000 0.02187500
1 0.37734375 0.23281250 0.10156250 0.04062500
1 0.24609375 0.41406250 0.09531250 0.04062500
1 0.33125000 0.34843750 0.09375000 0.03750000
1 0.49062500 0.22890625 0.09375000 0.04531250
1 0.17421875 0.29765625 0.09843750 0.04218750
1 0.84687500 0.33671875 0.08437500 0.03593750
1 0.01250000 0.42812500 0.02500000 0.03125000
1 0.14375000 0.35703125 0.08437500 0.03593750
1 0.71718750 0.27578125 0.09375000 0.03906250
1 0.45000000 0.28750000 0.09687500 0.04062500
1 0.98125000 0.50000000 0.03750000 0.02500000
1 0.04375000 0.36093750 0.08750000 0.04062500
1 0.97265625 0.33125000 0.05468750 0.03750000
1 0.71093750 0.34453125 0.07187500 0.03906250
1 0.97265625 0.26562500 0.05468750 0.03750000
1 0.90312500 0.48359375 0.03750000 0.02031250
1 0.72421875 0.39921875 0.07031250 0.04218750
1 0.56484375 0.40390625 0.09218750 0.04218750
1 0.61796875 0.22265625 0.08906250 0.03906250
1 0.05468750 0.42578125 0.03437500 0.03906250
1 0.86875000 0.26953125 0.10000000 0.03906250
1 0.78750000 0.11250000 0.10312500 0.04687500
1 0.96953125 0.47343750 0.03593750 0.01875000
1 0.86328125 0.48906250 0.04218750 0.01875000
