2 0.99062500 0.70390625 0.01875000 0.03593750
2 0.65078125 0.51875000 0.01718750 0.01875000
1 0.50468750 0.96093750 0.09375000 0.03750000
1 0.76796875 0.90468750 0.08593750 0.03750000
1 0.01171875 0.42890625 0.02343750 0.08593750
1 0.41015625 0.73203125 0.09218750 0.04218750
1 0.12968750 0.18359375 0.03750000 0.08593750
1 0.54062500 0.89375000 0.08437500 0.04062500
1 0.03281250 0.21562500 0.04062500 0.06875000
1 0.60859375 0.76562500 0.09218750 0.04062500
1 0.33281250 0.42890625 0.04375000 0.09218750
1 0.76796875 0.95859375 0.08281250 0.04218750
1 0.13750000 0.43203125 0.04375000 0.07031250
1 0.04843750 0.41093750 0.05625000 0.09375000
1 0.08046875 0.99140625 0.08281250 0.01718750
1 0.85000000 0.81250000 0.09062500 0.05000000
1 0.65937500 0.96562500 0.09375000 0.03750000
1 0.56562500 0.37968750 0.04062500 0.09062500
1 0.65390625 0.90312500 0.07968750 0.03125000
