1 0.90078125 0.10468750 0.09531250 0.03750000
1 0.79843750 0.04140625 0.09687500 0.03906250
1 0.44531250 0.48828125 0.08437500 0.03593750
1 0.52890625 0.22109375 0.08281250 0.03906250
1 0.90937500 0.44140625 0.09375000 0.03906250
1 0.04921875 0.40546875 0.08593750 0.03593750
1 0.40078125 0.28125000 0.09218750 0.03750000
1 0.23593750 0.15625000 0.08437500 0.03750000
1 0.34453125 0.20703125 0.08593750 0.03593750
1 0.10234375 0.16015625 0.09218750 0.03593750
1 0.27421875 0.42109375 0.09218750 0.03906250
1 0.47343750 0.35390625 0.09062500 0.03906250
1 0.95468750 0.27968750 0.08750000 0.03437500
1 0.06640625 0.48046875 0.08906250 0.03906250
1 0.99453125 0.04375000 0.01093750 0.03437500
1 0.21250000 0.26015625 0.09062500 0.04531250
1 0.37968750 0.09843750 0.08437500 0.03750000
1 0.83359375 0.27968750 0.09531250 0.04062500
1 0.71796875 0.28125000 0.07656250 0.03750000
1 0.67187500 0.00390625 0.07500000 0.00781250
1 0.60390625 0.28281250 0.08906250 0.03750000
1 0.16406250 0.09531250 0.08437500 0.03750000
1 0.66328125 0.28203125 0.04218750 0.03906250
1 0.35468750 0.03906250 0.09375000 0.03750000
1 0.95078125 0.16796875 0.09843750 0.03906250
1 0.80312500 0.36171875 0.09687500 0.05156250
1 0.08281250 0.03437500 0.09375000 0.04062500
1 0.61406250 0.40781250 0.09062500 0.03750000
1 0.48437500 0.15546875 0.08437500 0.03593750
1 0.56953125 0.05078125 0.08906250 0.03906250
