1 0.85546875 0.18359375 0.03906250 0.09218750
1 0.66015625 0.31953125 0.04218750 0.10468750
1 0.07656250 0.27265625 0.09687500 0.03906250
1 0.20156250 0.33281250 0.09375000 0.03750000
1 0.55390625 0.05234375 0.04218750 0.10468750
1 0.05546875 0.34062500 0.08593750 0.03437500
1 0.81562500 0.88750000 0.04062500 0.09687500
1 0.97578125 0.49062500 0.04843750 0.09375000
1 0.81015625 0.05000000 0.03593750 0.09062500
1 0.86875000 0.45546875 0.03750000 0.08593750
1 0.20703125 0.20937500 0.09531250 0.04062500
1 0.24375000 0.39921875 0.08750000 0.04218750
1 0.81640625 0.35468750 0.03906250 0.10312500
1 0.74609375 0.51328125 0.04531250 0.09531250
1 0.34765625 0.99218750 0.04218750 0.01562500
1 0.87812500 0.86015625 0.04062500 0.10156250
1 0.81796875 0.70859375 0.03906250 0.09843750
1 0.76093750 0.96171875 0.04062500 0.07656250
1 0.75781250 0.71171875 0.04062500 0.10156250
1 0.56796875 0.28359375 0.03906250 0.09531250
1 0.53437500 0.57265625 0.05312500 0.10468750
1 0.08593750 0.21406250 0.09687500 0.04062500
1 0.62187500 0.07890625 0.04375000 0.09843750
1 0.19453125 0.26875000 0.09531250 0.04062500
1 0.34218750 0.91171875 0.04062500 0.09531250
2 0.72187500 0.12734375 0.01562500 0.02343750
2 0.42656250 0.46015625 0.01875000 0.03281250
2 0.29531250 0.29843750 0.01875000 0.02500000
2 0.46328125 0.35078125 0.04218750 0.02656250
2 0.72578125 0.16562500 0.03281250 0.03125000
2 0.47890625 0.22578125 0.01718750 0.04218750
2 0.27656250 0.15156250 0.02812500 0.05937500
2 0.45000000 0.31875000 0.02187500 0.03750000
2 0.11093750 0.54687500 0.02812500 0.01875000
2 0.99296875 0.07656250 0.01406250 0.04062500
2 0.51953125 0.21406250 0.01718750 0.04375000
2 0.38281250 0.17187500 0.01562500 0.03125000
2 0.47265625 0.47734375 0.01718750 0.02343750
2 0.40781250 0.42343750 0.01250000 0.02500000
2 0.36953125 0.61562500 0.01718750 0.01875000
2 0.52187500 0.22812500 0.01562500 0.02187500
2 0.44375000 0.41171875 0.01250000 0.02968750
2 0.72578125 0.71093750 0.02656250 0.02187500
2 0.45625000 0.26562500 0.01562500 0.03437500
2 0.44375000 0.17578125 0.01875000 0.03281250
2 0.31875000 0.24531250 0.01250000 0.01562500
2 0.40312500 0.35781250 0.02187500 0.01562500
2 0.03437500 0.63359375 0.02187500 0.02031250
2 0.42968750 0.34609375 0.02187500 0.03593750
2 0.96328125 0.17968750 0.02343750 0.05625000
2 0.43906250 0.71015625 0.02812500 0.02343750
2 0.47421875 0.47968750 0.02031250 0.02812500
2 0.31250000 0.58593750 0.02500000 0.04375000
2 0.28125000 0.45703125 0.02500000 0.02343750
2 0.42187500 0.37500000 0.02187500 0.03125000
2 0.40546875 0.42421875 0.01718750 0.02656250
2 0.99453125 0.08437500 0.01093750 0.02812500
2 0.46250000 0.13906250 0.01875000 0.02812500
2 0.41171875 0.82890625 0.02343750 0.33593750
2 0.05468750 0.62812500 0.06250000 0.04062500
2 0.41328125 0.26562500 0.01718750 0.03125000
2 0.25625000 0.53281250 0.01562500 0.01562500
2 0.48593750 0.14453125 0.02187500 0.03593750
2 0.31953125 0.25703125 0.01406250 0.03281250
2 0.34531250 0.37421875 0.01562500 0.02656250
2 0.51015625 0.42578125 0.02031250 0.04218750
2 0.43125000 0.19609375 0.01562500 0.03281250
2 0.51875000 0.20468750 0.01562500 0.02500000
2 0.41250000 0.53750000 0.02812500 0.02500000
2 0.44609375 0.31015625 0.01406250 0.02343750
2 0.39375000 0.64687500 0.01875000 0.02500000
2 0.32421875 0.25546875 0.02343750 0.03593750
2 0.29609375 0.52187500 0.01718750 0.02187500
2 0.42500000 0.37734375 0.02812500 0.02968750
2 0.06875000 0.63906250 0.03750000 0.01875000
2 0.45468750 0.79375000 0.02500000 0.02812500
2 0.96484375 0.16953125 0.02031250 0.03906250
2 0.71953125 0.71406250 0.01406250 0.01250000
2 0.47656250 0.48125000 0.02500000 0.03437500
2 0.99453125 0.95234375 0.01093750 0.02968750
2 0.38828125 0.17109375 0.02343750 0.03281250
2 0.41796875 0.56875000 0.02343750 0.03437500
2 0.42421875 0.46796875 0.02031250 0.04531250
2 0.27421875 0.13203125 0.02343750 0.02031250
2 0.44531250 0.70625000 0.01562500 0.01562500
2 0.31640625 0.59765625 0.01718750 0.02343750
2 0.52031250 0.21640625 0.01875000 0.04531250
2 0.51796875 0.25468750 0.01406250 0.02500000
2 0.43281250 0.71250000 0.01562500 0.01875000
2 0.38203125 0.26171875 0.01406250 0.02343750
2 0.99296875 0.20703125 0.01406250 0.06093750
2 0.35625000 0.51406250 0.01562500 0.02187500
