0 0.70390625 0.04453125 0.25468750 0.05781250
1 0.93203125 0.17109375 0.08906250 0.03906250
1 0.42656250 0.28125000 0.09687500 0.03750000
1 0.48046875 0.10546875 0.09843750 0.04531250
1 0.50937500 0.04453125 0.08750000 0.03593750
1 0.97656250 0.05156250 0.04687500 0.03437500
1 0.85625000 0.42031250 0.08750000 0.03437500
1 0.18593750 0.21015625 0.09062500 0.03593750
1 0.41640625 0.22031250 0.09218750 0.03750000
1 0.54453125 0.22265625 0.08906250 0.03281250
1 0.87968750 0.29062500 0.10312500 0.04062500
1 0.58593750 0.16484375 0.10625000 0.04218750
1 0.32812500 0.10312500 0.08437500 0.04375000
1 0.19921875 0.09921875 0.09218750 0.03593750
1 0.97578125 0.29062500 0.04843750 0.04062500
1 0.87187500 0.05859375 0.08750000 0.03593750
1 0.90156250 0.22968750 0.09687500 0.03750000
1 0.65078125 0.28593750 0.09531250 0.03750000
1 0.21250000 0.27968750 0.09062500 0.04062500
1 0.82343750 0.49453125 0.09687500 0.03906250
1 0.45000000 0.16171875 0.09062500 0.03593750
1 0.32890625 0.15859375 0.08593750 0.03593750
1 0.30078125 0.21484375 0.09218750 0.03906250
1 0.69921875 0.16718750 0.07343750 0.03437500
1 0.78593750 0.22343750 0.09687500 0.03750000
1 0.28671875 0.04765625 0.08906250 0.03593750
1 0.21640625 0.15703125 0.09218750 0.03906250
1 0.84765625 0.10937500 0.09531250 0.03437500
1 0.66484375 0.22187500 0.09531250 0.03750000
1 0.40078125 0.04609375 0.08281250 0.03593750
1 0.98671875 0.11484375 0.02656250 0.03906250
1 0.31875000 0.28203125 0.08437500 0.03593750
1 0.54453125 0.28828125 0.09843750 0.03593750
1 0.16171875 0.03828125 0.09843750 0.03906250
1 0.76796875 0.28828125 0.08593750 0.03593750
1 0.61171875 0.10781250 0.09531250 0.03437500
1 0.80781250 0.16953125 0.08750000 0.03906250
1 0.52500000 0.43984375 0.10000000 0.04843750
1 0.73125000 0.11171875 0.08750000 0.03593750
1 0.99296875 0.23125000 0.01406250 0.03750000
