1 0.96953125 0.34687500 0.06093750 0.08437500
1 0.91093750 0.79687500 0.09687500 0.04062500
1 0.45703125 0.99453125 0.10468750 0.01093750
1 0.04296875 0.90000000 0.08593750 0.04062500
1 0.63125000 0.76640625 0.08750000 0.04218750
1 0.00625000 0.95937500 0.01250000 0.03750000
1 0.82890625 0.94609375 0.09843750 0.03906250
1 0.97421875 0.88281250 0.05156250 0.03750000
1 0.60000000 0.89140625 0.10000000 0.04218750
1 0.14453125 0.95937500 0.09531250 0.04062500
1 0.38281250 0.80546875 0.10000000 0.03593750
1 0.43593750 0.88984375 0.10000000 0.03906250
1 0.17343750 0.90000000 0.10312500 0.04062500
1 0.30781250 0.89609375 0.09687500 0.04218750
1 0.73515625 0.88593750 0.10468750 0.04062500
1 0.88359375 0.41015625 0.10468750 0.04843750
1 0.97031250 0.99140625 0.05937500 0.01718750
1 0.37343750 0.41250000 0.04375000 0.08437500
1 0.95703125 0.72500000 0.08593750 0.04375000
1 0.86875000 0.88515625 0.09687500 0.03906250
1 0.73750000 0.99140625 0.08125000 0.01718750
1 0.52734375 0.95000000 0.08906250 0.04375000
1 0.02187500 0.43671875 0.04375000 0.06406250
1 0.60390625 0.70937500 0.05781250 0.03750000
0 0.32187500 0.71015625 0.26250000 0.05468750
2 0.94296875 0.57031250 0.02343750 0.01875000
2 0.02187500 0.49765625 0.04375000 0.02343750
2 0.48203125 0.53359375 0.02343750 0.01718750
2 0.47500000 0.54140625 0.03750000 0.03281250
2 0.00703125 0.61875000 0.01406250 0.01875000
2 0.94843750 0.56953125 0.03437500 0.02031250
2 0.76796875 0.65000000 0.01718750 0.01562500
2 0.91875000 0.50625000 0.00937500 0.01250000
2 0.08437500 0.50468750 0.02812500 0.01562500
2 0.16015625 0.60703125 0.02656250 0.01718750
2 0.81875000 0.53046875 0.03125000 0.01718750
2 0.86406250 0.64687500 0.03125000 0.01875000
2 0.68281250 0.60703125 0.01562500 0.02343750
2 0.69453125 0.54062500 0.01406250 0.02812500
2 0.88906250 0.52031250 0.02500000 0.01562500
