2 0.20937500 0.37812500 0.00937500 0.01875000
2 0.97890625 0.43906250 0.01406250 0.02187500
1 0.55078125 0.11875000 0.04218750 0.09062500
1 0.49531250 0.09296875 0.03750000 0.08906250
1 0.60546875 0.11640625 0.03906250 0.09843750
1 0.41406250 0.41484375 0.04687500 0.08593750
1 0.49453125 0.23828125 0.03593750 0.08906250
1 0.60859375 0.02031250 0.04218750 0.04062500
1 0.02500000 0.89375000 0.05000000 0.04062500
1 0.54453125 0.24140625 0.03593750 0.08593750
1 0.59765625 0.25000000 0.03906250 0.09375000
1 0.55390625 0.01796875 0.03906250 0.03593750
1 0.01328125 0.96015625 0.02656250 0.04843750
1 0.43828125 0.20625000 0.03593750 0.08437500
1 0.50000000 0.01640625 0.03750000 0.03281250
