2 0.90156250 0.43515625 0.02187500 0.02656250
2 0.66718750 0.91562500 0.00937500 0.01250000
2 0.08125000 0.14531250 0.03750000 0.03125000
2 0.65468750 0.52265625 0.02500000 0.02656250
2 0.73984375 0.90625000 0.02968750 0.03125000
2 0.91718750 0.88906250 0.01250000 0.01875000
2 0.28437500 0.51875000 0.02187500 0.03437500
2 0.87031250 0.83359375 0.01875000 0.02031250
2 0.01640625 0.53984375 0.02031250 0.01406250
2 0.91171875 0.89687500 0.02031250 0.03125000
2 0.88906250 0.38671875 0.01875000 0.02031250
2 0.08125000 0.16171875 0.04062500 0.07343750
2 0.09453125 0.62890625 0.01718750 0.02031250
2 0.90937500 0.90078125 0.01562500 0.02343750
2 0.98984375 0.91484375 0.02031250 0.02031250
2 0.86875000 0.39375000 0.01250000 0.01250000
2 0.25078125 0.51640625 0.02656250 0.04843750
2 0.76171875 0.76250000 0.02343750 0.02187500
2 0.65312500 0.52031250 0.01875000 0.02187500
2 0.19062500 0.41328125 0.01875000 0.05156250
2 0.28515625 0.51171875 0.02343750 0.05156250
2 0.87500000 0.83437500 0.02812500 0.02500000
2 0.75703125 0.73671875 0.02656250 0.02031250
2 0.63984375 0.96171875 0.01406250 0.02656250
2 0.98750000 0.91640625 0.01562500 0.01718750
2 0.79765625 0.34687500 0.02656250 0.02187500
2 0.11718750 0.53125000 0.01250000 0.01562500
2 0.11640625 0.53671875 0.01406250 0.02656250
2 0.01250000 0.99609375 0.01875000 0.00781250
2 0.96328125 0.45156250 0.02343750 0.02500000
2 0.76015625 0.75078125 0.03281250 0.04531250
2 0.89531250 0.37187500 0.01562500 0.01562500
2 0.37578125 0.38046875 0.02656250 0.01406250
2 0.75937500 0.74375000 0.03125000 0.03125000
2 0.94765625 0.95781250 0.02968750 0.02500000
2 0.05390625 0.11640625 0.02656250 0.03593750
2 0.85156250 0.89921875 0.02187500 0.02656250
2 0.33984375 0.16484375 0.07968750 0.01718750
1 0.77968750 0.96406250 0.09375000 0.04375000
1 0.01093750 0.42968750 0.02187500 0.08750000
1 0.30859375 0.73906250 0.08906250 0.09062500
1 0.80000000 0.90468750 0.09687500 0.04687500
1 0.03671875 0.21562500 0.04531250 0.06875000
1 0.04843750 0.41171875 0.05625000 0.09218750
1 0.10937500 0.62890625 0.09062500 0.03906250
1 0.13750000 0.43515625 0.04687500 0.07031250
1 0.56796875 0.38125000 0.03906250 0.09062500
1 0.55390625 0.96093750 0.09218750 0.03750000
1 0.13125000 0.18437500 0.04062500 0.08750000
1 0.30546875 0.87109375 0.08281250 0.05781250
1 0.41171875 0.33906250 0.08593750 0.07500000
1 0.67734375 0.96015625 0.08281250 0.04218750
1 0.18046875 0.90468750 0.08906250 0.03750000
