1 0.81171875 0.83593750 0.07031250 0.03437500
1 0.96718750 0.95781250 0.06562500 0.03750000
1 0.91171875 0.77812500 0.09531250 0.04375000
1 0.35312500 0.72109375 0.08437500 0.03906250
1 0.03125000 0.70625000 0.06250000 0.03750000
1 0.44218750 0.77968750 0.09062500 0.03750000
1 0.58046875 0.72343750 0.07656250 0.03750000
1 0.06796875 0.81015625 0.08281250 0.04218750
1 0.96250000 0.89218750 0.07500000 0.03750000
1 0.33828125 0.90078125 0.09531250 0.04531250
1 0.53671875 0.83437500 0.08593750 0.03750000
1 0.60078125 0.95625000 0.10156250 0.03750000
1 0.16406250 0.60625000 0.09062500 0.05937500
1 0.19218750 0.84062500 0.09062500 0.04062500
1 0.22031250 0.78437500 0.08437500 0.03750000
1 0.67187500 0.78437500 0.09062500 0.04375000
1 0.38437500 0.65546875 0.09375000 0.04218750
1 0.81562500 0.65156250 0.08750000 0.03750000
1 0.99453125 0.71640625 0.01093750 0.03281250
1 0.85859375 0.96250000 0.08593750 0.03750000
1 0.04062500 0.51640625 0.08125000 0.06718750
1 0.73828125 0.95937500 0.09531250 0.03750000
1 0.72500000 0.89453125 0.10000000 0.03593750
1 0.53046875 0.65000000 0.08281250 0.03750000
1 0.82890625 0.72031250 0.07968750 0.03750000
2 0.77968750 0.35468750 0.02187500 0.01875000
2 0.36250000 0.57812500 0.02500000 0.02187500
2 0.46328125 0.56718750 0.01718750 0.01562500
2 0.02031250 0.38671875 0.01562500 0.02343750
2 0.46484375 0.34140625 0.02031250 0.02968750
2 0.46484375 0.25078125 0.01406250 0.02968750
2 0.08593750 0.10625000 0.02812500 0.02812500
2 0.93203125 0.59453125 0.01406250 0.02031250
2 0.06015625 0.40625000 0.02343750 0.01875000
2 0.18046875 0.17812500 0.01718750 0.02500000
2 0.04609375 0.14921875 0.01718750 0.02031250
2 0.16875000 0.44140625 0.01562500 0.02031250
2 0.46875000 0.35625000 0.01562500 0.02187500
2 0.33203125 0.00937500 0.01718750 0.01875000
2 0.05625000 0.13515625 0.01875000 0.04218750
2 0.01640625 0.12421875 0.01406250 0.02968750
2 0.93593750 0.60078125 0.02187500 0.03281250
2 0.47109375 0.56484375 0.03281250 0.02031250
2 0.13359375 0.45703125 0.02343750 0.02968750
2 0.27031250 0.42421875 0.01875000 0.02343750
2 0.35859375 0.57578125 0.01718750 0.01718750
2 0.05156250 0.13671875 0.02500000 0.04531250
2 0.38593750 0.01015625 0.01875000 0.02031250
2 0.16015625 0.44140625 0.03281250 0.02031250
2 0.28046875 0.42500000 0.03906250 0.02500000
2 0.72187500 0.53203125 0.02500000 0.03906250
2 0.69843750 0.52734375 0.01562500 0.03281250
2 0.25625000 0.54843750 0.03750000 0.02500000
2 0.60468750 0.25312500 0.02812500 0.02187500
2 0.26562500 0.54843750 0.02187500 0.02187500
2 0.05937500 0.39843750 0.02187500 0.03125000
2 0.46406250 0.56640625 0.01875000 0.01718750
2 0.02031250 0.48359375 0.01562500 0.01093750
2 0.74531250 0.55937500 0.02187500 0.02500000
2 0.29140625 0.42968750 0.02031250 0.00937500
2 0.05625000 0.01953125 0.01875000 0.01406250
2 0.03046875 0.03828125 0.01718750 0.02968750
2 0.46562500 0.34296875 0.02187500 0.04843750
2 0.46875000 0.32968750 0.01562500 0.02187500
2 0.59687500 0.52343750 0.01875000 0.02187500
2 0.81328125 0.45156250 0.02343750 0.02812500
2 0.29218750 0.61640625 0.02500000 0.02343750
2 0.72578125 0.57968750 0.02968750 0.01250000
2 0.23125000 0.47656250 0.01562500 0.01875000
