1 0.85703125 0.39453125 0.11406250 0.04843750
1 0.37343750 0.96328125 0.09687500 0.04531250
1 0.58984375 0.39531250 0.10468750 0.04687500
1 0.88750000 0.88437500 0.10312500 0.04062500
1 0.00781250 0.96093750 0.01562500 0.04062500
1 0.06484375 0.22421875 0.04218750 0.10156250
1 0.94609375 0.76953125 0.10781250 0.04531250
1 0.16015625 0.95937500 0.08593750 0.04062500
1 0.32656250 0.20234375 0.04375000 0.09218750
1 0.46562500 0.37890625 0.10625000 0.06093750
1 0.25546875 0.60312500 0.09531250 0.04062500
1 0.22734375 0.88281250 0.09843750 0.03750000
1 0.76328125 0.71796875 0.10156250 0.03906250
1 0.21640625 0.14609375 0.04218750 0.10468750
1 0.21250000 0.52187500 0.10000000 0.08437500
1 0.11406250 0.37890625 0.06875000 0.10156250
1 0.89687500 0.97812500 0.10625000 0.04375000
1 0.65390625 0.77968750 0.10468750 0.04062500
1 0.44843750 0.42734375 0.12500000 0.04843750
1 0.97187500 0.38281250 0.05625000 0.03750000
1 0.78593750 0.77812500 0.10312500 0.04062500
1 0.49218750 0.60156250 0.10312500 0.04062500
1 0.32265625 0.04453125 0.04843750 0.06718750
1 0.53125000 0.86640625 0.10312500 0.04218750
1 0.52187500 0.78515625 0.10625000 0.04218750
1 0.65937500 0.93437500 0.10625000 0.04375000
1 0.50312500 0.22031250 0.08125000 0.08437500
1 0.73281250 0.26796875 0.09687500 0.04218750
2 0.89921875 0.26015625 0.02031250 0.02031250
2 0.23281250 0.35468750 0.02187500 0.01875000
2 0.83750000 0.25546875 0.01875000 0.01406250
2 0.29843750 0.41328125 0.02187500 0.02968750
2 0.28281250 0.37812500 0.01562500 0.01875000
2 0.98828125 0.47578125 0.02343750 0.02656250
2 0.43281250 0.54609375 0.01562500 0.01406250
2 0.32265625 0.33593750 0.02031250 0.02500000
2 0.99375000 0.26875000 0.01250000 0.01562500
2 0.32734375 0.51562500 0.01718750 0.02500000
2 0.88203125 0.26796875 0.02343750 0.01406250
2 0.99296875 0.27656250 0.01406250 0.03125000
2 0.81640625 0.27031250 0.01718750 0.01562500
2 0.28359375 0.36796875 0.02031250 0.03906250
