1 0.95234375 0.73984375 0.09531250 0.03906250
1 0.52890625 0.91484375 0.08906250 0.03281250
1 0.45156250 0.97812500 0.09687500 0.03750000
1 0.19140625 0.90468750 0.08593750 0.03750000
1 0.42421875 0.91718750 0.09531250 0.03750000
1 0.91171875 0.92265625 0.09843750 0.03906250
1 0.60937500 0.80234375 0.10000000 0.04218750
1 0.54609375 0.74296875 0.09531250 0.03906250
1 0.78750000 0.98281250 0.09687500 0.03437500
1 0.22109375 0.79375000 0.08906250 0.04062500
1 0.97187500 0.86718750 0.05625000 0.03750000
1 0.56250000 0.97734375 0.09062500 0.03906250
1 0.21250000 0.96796875 0.09687500 0.03906250
1 0.42500000 0.74218750 0.07500000 0.03750000
1 0.34296875 0.79218750 0.08593750 0.04375000
1 0.49687500 0.85078125 0.09687500 0.04218750
1 0.75234375 0.86250000 0.09843750 0.04375000
1 0.34140625 0.85312500 0.07968750 0.03750000
1 0.30468750 0.90781250 0.08437500 0.03437500
1 0.74921875 0.80000000 0.10156250 0.03750000
1 0.46250000 0.79531250 0.09375000 0.03750000
1 0.90312500 0.98359375 0.08437500 0.03281250
1 0.22500000 0.84843750 0.09687500 0.03750000
1 0.98671875 0.98281250 0.02656250 0.03437500
1 0.86875000 0.80468750 0.08750000 0.04062500
1 0.96406250 0.80625000 0.07187500 0.05312500
1 0.78046875 0.91640625 0.08906250 0.04218750
1 0.65156250 0.91875000 0.08750000 0.03750000
1 0.67578125 0.98125000 0.09218750 0.03750000
1 0.62421875 0.85859375 0.10468750 0.03906250
1 0.68203125 0.74140625 0.09843750 0.03906250
1 0.82500000 0.74140625 0.09375000 0.03593750
1 0.33125000 0.97343750 0.08750000 0.04375000
1 0.99375000 0.92343750 0.01250000 0.03437500
1 0.86328125 0.86171875 0.08906250 0.03906250
0 0.25781250 0.73984375 0.25625000 0.07031250
