1 0.83281250 0.80859375 0.10000000 0.03906250
1 0.63203125 0.81562500 0.08593750 0.03750000
1 0.34531250 0.81718750 0.08750000 0.03750000
1 0.45625000 0.76562500 0.09375000 0.04062500
1 0.71406250 0.75390625 0.10000000 0.04218750
1 0.00781250 0.88984375 0.01562500 0.03593750
1 0.86562500 0.93125000 0.09687500 0.03750000
1 0.01171875 0.59843750 0.02343750 0.02187500
1 0.35078125 0.94531250 0.09531250 0.03750000
1 0.61562500 0.93906250 0.09375000 0.03750000
1 0.23984375 0.94531250 0.08593750 0.04062500
1 0.36562500 0.63046875 0.08437500 0.04218750
1 0.91328125 0.86093750 0.07343750 0.02812500
1 0.10625000 0.76875000 0.08750000 0.03750000
1 0.83593750 0.61875000 0.09062500 0.03750000
1 0.96406250 0.93203125 0.07187500 0.03593750
1 0.88984375 0.69296875 0.09218750 0.03906250
1 0.93515625 0.75000000 0.08281250 0.03750000
1 0.73828125 0.93359375 0.09218750 0.03906250
1 0.69843750 0.87500000 0.09687500 0.03750000
1 0.47500000 0.94375000 0.09687500 0.04375000
0 0.34843750 0.69453125 0.25000000 0.05781250
0 0.29453125 0.88359375 0.24531250 0.05781250
0 0.61562500 0.27187500 0.38750000 0.16250000
