0 0.31328125 0.67265625 0.26718750 0.05781250
0 0.06562500 0.39453125 0.10937500 0.05781250
0 0.06015625 0.41406250 0.12031250 0.09375000
1 0.96718750 0.38437500 0.06562500 0.10000000
1 0.45703125 0.42031250 0.11406250 0.04687500
1 0.96640625 0.19140625 0.05156250 0.05468750
1 0.85234375 0.38515625 0.04843750 0.09843750
1 0.31093750 0.74062500 0.10312500 0.03750000
1 0.88828125 0.78750000 0.11718750 0.04375000
1 0.30078125 0.42421875 0.12656250 0.05468750
1 0.29765625 0.79765625 0.10468750 0.04218750
1 0.85468750 0.36562500 0.04375000 0.05937500
1 0.94296875 0.67109375 0.10468750 0.04218750
1 0.58515625 0.79687500 0.10156250 0.03750000
1 0.19375000 0.41562500 0.10625000 0.04375000
1 0.17968750 0.73203125 0.10000000 0.03906250
1 0.61953125 0.29375000 0.05781250 0.03125000
1 0.71484375 0.73046875 0.10468750 0.03906250
1 0.36406250 0.98125000 0.10000000 0.03750000
1 0.04765625 0.74062500 0.09218750 0.03750000
1 0.99375000 0.72656250 0.01250000 0.03437500
1 0.91250000 0.38906250 0.04375000 0.09687500
1 0.80390625 0.38281250 0.05468750 0.10625000
1 0.33671875 0.29296875 0.09843750 0.04218750
1 0.72343750 0.89375000 0.10937500 0.04375000
1 0.45390625 0.79921875 0.09843750 0.04218750
1 0.10781250 0.24218750 0.08125000 0.08125000
1 0.49140625 0.72812500 0.10468750 0.04062500
1 0.63281250 0.96171875 0.10312500 0.04531250
1 0.73984375 0.79140625 0.10156250 0.03906250
1 0.59062500 0.41171875 0.09062500 0.03906250
1 0.15781250 0.80546875 0.10312500 0.04218750
1 0.59453125 0.66953125 0.07031250 0.03906250
1 0.24453125 0.91015625 0.09843750 0.03906250
