1 0.95390625 0.01953125 0.09218750 0.03906250
1 0.69453125 0.02890625 0.10781250 0.04218750
1 0.49765625 0.09687500 0.09843750 0.04062500
1 0.01562500 0.74765625 0.03125000 0.09843750
1 0.13046875 0.80859375 0.04218750 0.10156250
1 0.62421875 0.09140625 0.11093750 0.04843750
1 0.81875000 0.02109375 0.10937500 0.04218750
1 0.07265625 0.00625000 0.02968750 0.01250000
1 0.89453125 0.22343750 0.10781250 0.04062500
1 0.01796875 0.88203125 0.03593750 0.09843750
1 0.56328125 0.02968750 0.09843750 0.03750000
1 0.81015625 0.08593750 0.10468750 0.04687500
1 0.06718750 0.75390625 0.04062500 0.10781250
1 0.20625000 0.43828125 0.08750000 0.09531250
1 0.02031250 0.97656250 0.04062500 0.04687500
1 0.43593750 0.03906250 0.10625000 0.04375000
1 0.93906250 0.07578125 0.09375000 0.03906250
1 0.13828125 0.96015625 0.03906250 0.07343750
1 0.07265625 0.91718750 0.04531250 0.10000000
1 0.12500000 0.63593750 0.04062500 0.09687500
