1 0.65859375 0.09375000 0.08593750 0.03437500
1 0.74765625 0.42812500 0.08906250 0.04062500
1 0.01640625 0.23906250 0.03281250 0.04687500
1 0.30468750 0.36875000 0.09687500 0.03750000
1 0.64531250 0.14453125 0.07812500 0.03906250
1 0.38359375 0.06328125 0.08906250 0.03906250
1 0.11093750 0.08984375 0.08437500 0.03593750
1 0.95546875 0.47500000 0.07968750 0.03750000
1 0.90625000 0.37734375 0.08437500 0.04531250
1 0.42734375 0.71093750 0.05781250 0.07812500
1 0.65859375 0.48750000 0.08906250 0.03437500
1 0.03281250 0.54140625 0.06562500 0.03593750
1 0.11093750 0.02812500 0.08437500 0.03750000
1 0.08984375 0.17578125 0.08906250 0.03593750
1 0.22031250 0.42500000 0.09062500 0.04062500
1 0.17343750 0.48906250 0.08750000 0.03750000
1 0.33593750 0.13046875 0.09687500 0.03906250
1 0.76171875 0.02812500 0.08906250 0.03437500
1 0.46562500 0.01718750 0.08125000 0.03437500
1 0.78984375 0.19218750 0.09218750 0.03437500
2 0.36406250 0.60156250 0.01875000 0.01875000
2 0.25781250 0.60703125 0.01562500 0.02031250
2 0.15703125 0.80000000 0.02031250 0.02187500
2 0.68750000 0.63828125 0.02500000 0.02656250
2 0.01796875 0.59921875 0.03593750 0.03906250
2 0.36250000 0.58671875 0.02812500 0.03281250
2 0.82656250 0.56015625 0.02500000 0.02343750
2 0.56796875 0.66328125 0.01718750 0.02656250
2 0.33593750 0.89609375 0.01250000 0.02031250
2 0.01796875 0.60859375 0.03593750 0.02031250
2 0.13671875 0.66953125 0.02343750 0.02656250
2 0.21328125 0.62109375 0.02343750 0.02031250
2 0.81796875 0.63046875 0.03593750 0.01406250
2 0.68828125 0.63125000 0.02343750 0.01562500
2 0.39218750 0.55625000 0.03750000 0.03125000
2 0.34921875 0.60234375 0.02656250 0.02031250
2 0.13515625 0.79687500 0.01406250 0.01250000
2 0.21250000 0.58515625 0.02500000 0.02656250
2 0.00781250 0.58984375 0.01562500 0.02031250
2 0.26875000 0.75703125 0.03750000 0.03593750
2 0.99453125 0.74218750 0.01093750 0.01250000
2 0.61171875 0.81875000 0.02343750 0.01562500
2 0.95625000 0.88828125 0.01875000 0.02343750
2 0.65546875 0.91640625 0.01718750 0.02656250
2 0.15937500 0.80703125 0.02812500 0.03593750
2 0.26718750 0.60234375 0.03437500 0.02968750
2 0.35078125 0.60000000 0.02968750 0.02500000
2 0.02265625 0.61171875 0.02968750 0.01718750
2 0.21875000 0.61875000 0.01250000 0.01562500
2 0.82187500 0.96953125 0.01875000 0.01718750
2 0.27265625 0.59921875 0.02343750 0.02343750
2 0.25781250 0.75234375 0.01562500 0.02656250
2 0.68828125 0.63750000 0.02656250 0.02812500
2 0.35546875 0.58593750 0.02031250 0.02187500
2 0.20937500 0.62265625 0.03125000 0.02343750
2 0.99375000 0.88359375 0.01250000 0.01718750
2 0.50625000 0.95937500 0.01875000 0.03750000
2 0.08750000 0.81406250 0.02500000 0.02187500
2 0.98750000 0.61406250 0.02500000 0.02187500
2 0.35468750 0.59296875 0.03750000 0.03906250
2 0.36796875 0.89921875 0.01406250 0.02656250
2 0.68828125 0.56406250 0.02968750 0.01875000
2 0.16484375 0.81718750 0.01718750 0.01562500
2 0.79843750 0.60078125 0.02500000 0.01718750
