1 0.61015625 0.26796875 0.10156250 0.03593750
1 0.03359375 0.11093750 0.06718750 0.07812500
1 0.76875000 0.15000000 0.08750000 0.03750000
1 0.98281250 0.02265625 0.03437500 0.03593750
1 0.58125000 0.03203125 0.09687500 0.03906250
1 0.60859375 0.20703125 0.08281250 0.03593750
1 0.89218750 0.27187500 0.08437500 0.03750000
1 0.85156250 0.02578125 0.09687500 0.03593750
1 0.98125000 0.26718750 0.03750000 0.03750000
1 0.64375000 0.45468750 0.08750000 0.04062500
1 0.62968750 0.08593750 0.09062500 0.04062500
1 0.70703125 0.02812500 0.08593750 0.03750000
1 0.31875000 0.37343750 0.09062500 0.05312500
1 0.87578125 0.40859375 0.09843750 0.04218750
1 0.91562500 0.14453125 0.10625000 0.04218750
1 0.33281250 0.92968750 0.01875000 0.04062500
1 0.12031250 0.29921875 0.08437500 0.07031250
1 0.76875000 0.08281250 0.08437500 0.03750000
1 0.72109375 0.20468750 0.09218750 0.04062500
1 0.99062500 0.08203125 0.01875000 0.03281250
1 0.74765625 0.27031250 0.09531250 0.03750000
1 0.60468750 0.14843750 0.09687500 0.03750000
1 0.89609375 0.08125000 0.09218750 0.03750000
1 0.84765625 0.20546875 0.08593750 0.03593750
