2 0.22734375 0.64140625 0.02031250 0.01718750
2 0.81171875 0.30546875 0.01406250 0.01718750
2 0.42109375 0.62968750 0.02031250 0.01562500
2 0.61562500 0.53750000 0.01562500 0.01875000
2 0.62031250 0.43984375 0.01562500 0.01718750
2 0.10781250 0.51640625 0.01875000 0.01718750
2 0.57890625 0.43203125 0.01093750 0.01718750
2 0.00390625 0.40546875 0.00781250 0.01093750
2 0.95703125 0.28515625 0.02968750 0.04843750
2 0.81953125 0.30000000 0.01406250 0.02500000
2 0.21484375 0.40312500 0.02031250 0.01875000
2 0.61718750 0.45859375 0.01875000 0.02656250
2 0.95703125 0.60703125 0.02968750 0.02343750
2 0.97109375 0.44765625 0.02343750 0.02343750
2 0.31093750 0.51796875 0.02812500 0.02031250
2 0.33125000 0.01015625 0.01250000 0.02031250
2 0.71953125 0.33281250 0.01718750 0.01875000
2 0.04218750 0.55625000 0.01875000 0.02187500
2 0.30078125 0.51718750 0.02343750 0.02187500
2 0.32500000 0.31953125 0.02187500 0.01718750
2 0.37578125 0.58750000 0.02343750 0.01875000
2 0.14296875 0.46796875 0.01718750 0.01718750
2 0.46250000 0.56953125 0.02187500 0.01406250
2 0.22968750 0.18906250 0.05312500 0.17500000
2 0.61875000 0.45156250 0.01875000 0.04062500
2 0.50781250 0.40937500 0.01250000 0.01562500
2 0.32734375 0.35234375 0.01718750 0.01406250
2 0.78437500 0.60625000 0.01875000 0.01875000
2 0.20781250 0.40078125 0.03437500 0.02343750
2 0.19609375 0.39921875 0.01093750 0.02031250
2 0.28593750 0.65078125 0.02187500 0.02343750
2 0.85625000 0.14218750 0.02187500 0.04062500
2 0.46953125 0.57031250 0.03281250 0.01562500
2 0.07500000 0.40937500 0.01250000 0.01250000
2 0.08593750 0.64531250 0.02812500 0.02500000
2 0.33359375 0.33828125 0.02343750 0.02031250
2 0.33203125 0.34375000 0.02343750 0.02812500
2 0.23906250 0.64453125 0.04062500 0.02343750
2 0.40234375 0.59453125 0.02656250 0.01718750
2 0.25078125 0.59062500 0.02968750 0.02500000
2 0.08593750 0.64062500 0.02500000 0.01562500
2 0.71093750 0.13203125 0.02187500 0.04531250
2 0.78125000 0.34843750 0.02812500 0.02500000
2 0.97890625 0.57812500 0.02968750 0.02500000
2 0.31015625 0.50078125 0.03281250 0.01406250
2 0.33046875 0.32421875 0.03281250 0.04531250
2 0.39531250 0.59453125 0.01875000 0.01718750
2 0.19218750 0.48359375 0.02187500 0.02031250
2 0.97343750 0.44453125 0.01562500 0.01718750
2 0.08203125 0.39218750 0.01093750 0.01250000
2 0.96328125 0.60468750 0.01718750 0.01875000
2 0.88750000 0.41406250 0.02500000 0.02500000
2 0.61718750 0.45937500 0.01562500 0.02500000
2 0.33203125 0.30781250 0.03281250 0.04062500
2 0.95625000 0.30234375 0.01562500 0.01718750
2 0.86953125 0.62109375 0.02656250 0.01718750
2 0.61250000 0.53750000 0.02187500 0.02187500
2 0.21015625 0.62265625 0.02968750 0.02343750
2 0.39375000 0.44140625 0.01250000 0.01718750
2 0.89062500 0.10781250 0.02187500 0.02187500
2 0.32187500 0.31796875 0.01562500 0.01718750
2 0.83515625 0.04062500 0.02343750 0.03125000
2 0.05546875 0.41484375 0.01406250 0.01093750
2 0.62265625 0.39921875 0.01093750 0.02031250
2 0.74453125 0.58125000 0.03593750 0.01562500
2 0.81562500 0.30156250 0.02187500 0.02812500
2 0.74375000 0.18437500 0.01250000 0.02500000
2 0.70781250 0.11875000 0.01250000 0.01875000
2 0.99218750 0.50156250 0.01562500 0.02187500
2 0.83671875 0.34218750 0.02031250 0.02812500
2 0.34140625 0.30078125 0.01718750 0.02968750
1 0.53203125 0.24062500 0.03593750 0.08750000
1 0.58828125 0.28437500 0.03906250 0.09062500
1 0.02343750 0.72500000 0.04687500 0.05312500
1 0.80156250 0.83437500 0.09687500 0.04062500
1 0.47968750 0.01250000 0.03750000 0.02500000
1 0.31171875 0.14531250 0.02343750 0.05625000
1 0.01796875 0.92421875 0.03593750 0.04218750
1 0.53671875 0.87812500 0.08906250 0.03750000
1 0.33593750 0.72812500 0.09687500 0.04062500
1 0.48203125 0.23906250 0.03906250 0.09062500
1 0.52656250 0.02031250 0.03750000 0.04062500
1 0.53984375 0.77500000 0.08593750 0.03750000
1 0.48281250 0.09843750 0.03437500 0.08750000
1 0.88359375 0.69375000 0.07968750 0.03750000
1 0.56953125 0.71718750 0.08281250 0.03437500
1 0.43828125 0.83281250 0.09218750 0.03437500
1 0.28125000 0.86484375 0.08750000 0.03906250
1 0.40937500 0.41328125 0.04062500 0.07656250
1 0.81562500 0.75781250 0.08750000 0.03750000
