2 0.16562500 0.40625000 0.02187500 0.02500000
2 0.99687500 0.39921875 0.00625000 0.01718750
2 0.28125000 0.56015625 0.01562500 0.02031250
2 0.96250000 0.48515625 0.01875000 0.01718750
2 0.92421875 0.48750000 0.02031250 0.01875000
2 0.99609375 0.51328125 0.00781250 0.02656250
2 0.20234375 0.55156250 0.02343750 0.01562500
2 0.16875000 0.39843750 0.02812500 0.04062500
2 0.78203125 0.46015625 0.01406250 0.02343750
2 0.94765625 0.47031250 0.01718750 0.01562500
2 0.62031250 0.48906250 0.01875000 0.01562500
2 0.42343750 0.46250000 0.02187500 0.01562500
2 0.68281250 0.41406250 0.02187500 0.01562500
2 0.63671875 0.50625000 0.05156250 0.05000000
2 0.21015625 0.53125000 0.03906250 0.02500000
2 0.24921875 0.60625000 0.04218750 0.01562500
1 0.01875000 0.25937500 0.03750000 0.06562500
1 0.32187500 0.46718750 0.04375000 0.09062500
1 0.00625000 0.47031250 0.01250000 0.08437500
1 0.11171875 0.22421875 0.04218750 0.08906250
1 0.95625000 0.88984375 0.08437500 0.04843750
1 0.23906250 0.55234375 0.02187500 0.04531250
1 0.19687500 0.92968750 0.08437500 0.04062500
1 0.71406250 0.98671875 0.07812500 0.02656250
1 0.12656250 0.47421875 0.04687500 0.07031250
1 0.57031250 0.71562500 0.08750000 0.03750000
1 0.03906250 0.45546875 0.05312500 0.09531250
1 0.05781250 0.98671875 0.09687500 0.02656250
1 0.55468750 0.40859375 0.04062500 0.09218750
1 0.22500000 0.20859375 0.05000000 0.08281250
1 0.24921875 0.60703125 0.04218750 0.01718750
1 0.57968750 0.92031250 0.09062500 0.03437500
