1 0.56562500 0.27187500 0.07812500 0.03437500
1 0.08515625 0.13046875 0.07343750 0.03593750
1 0.32656250 0.26718750 0.08750000 0.03437500
1 0.77031250 0.39296875 0.09375000 0.03593750
1 0.41171875 0.03125000 0.09218750 0.03750000
1 0.11953125 0.07421875 0.08906250 0.03906250
1 0.01406250 0.01640625 0.02812500 0.03281250
1 0.98437500 0.41250000 0.03125000 0.03750000
1 0.10703125 0.40859375 0.08906250 0.03593750
1 0.32109375 0.14843750 0.08281250 0.04062500
1 0.20859375 0.27578125 0.08906250 0.04218750
1 0.13125000 0.34375000 0.08125000 0.03437500
1 0.12578125 0.19921875 0.09843750 0.04531250
1 0.10078125 0.27500000 0.09218750 0.04062500
1 0.62109375 0.15625000 0.09218750 0.03750000
1 0.39531250 0.08281250 0.08125000 0.03750000
1 0.98750000 0.29140625 0.02500000 0.03281250
1 0.45078125 0.27031250 0.09218750 0.03437500
1 0.41718750 0.35781250 0.09062500 0.03437500
1 0.61328125 0.46953125 0.09843750 0.04843750
1 0.61640625 0.36093750 0.09218750 0.03437500
1 0.68281250 0.09765625 0.09062500 0.04531250
1 0.64218750 0.04218750 0.09062500 0.04375000
1 0.70390625 0.27734375 0.08593750 0.03906250
