2 0.37656250 0.62578125 0.04375000 0.02031250
2 0.89921875 0.61796875 0.02656250 0.01406250
2 0.04765625 0.60859375 0.02656250 0.01718750
2 0.90546875 0.61640625 0.03906250 0.01718750
2 0.07343750 0.57343750 0.02812500 0.02187500
2 0.91796875 0.61640625 0.01406250 0.01718750
2 0.36562500 0.62578125 0.02500000 0.02031250
2 0.12031250 0.60781250 0.03125000 0.01875000
2 0.17500000 0.60078125 0.02187500 0.02343750
2 0.44218750 0.61093750 0.04062500 0.02187500
2 0.57968750 0.62968750 0.03750000 0.01562500
2 0.43359375 0.60937500 0.02343750 0.01875000
2 0.38828125 0.62500000 0.02031250 0.01562500
2 0.60625000 0.61015625 0.03750000 0.01718750
1 0.95703125 0.66640625 0.08593750 0.03906250
1 0.20703125 0.78750000 0.08906250 0.03750000
1 0.43281250 0.90703125 0.09375000 0.03906250
1 0.61953125 0.79296875 0.09531250 0.03593750
1 0.49140625 0.78984375 0.10156250 0.04218750
1 0.95078125 0.96875000 0.09843750 0.03750000
1 0.33828125 0.84609375 0.08593750 0.03593750
1 0.79531250 0.90625000 0.09687500 0.03750000
1 0.12421875 0.66875000 0.09218750 0.03750000
1 0.94140625 0.85546875 0.08906250 0.04218750
1 0.45859375 0.84765625 0.08906250 0.03593750
1 0.55390625 0.90781250 0.08906250 0.03437500
1 0.67578125 0.90703125 0.09843750 0.04218750
1 0.19453125 0.89765625 0.08906250 0.03593750
1 0.30234375 0.66875000 0.09531250 0.03750000
1 0.31093750 0.90234375 0.09375000 0.03906250
1 0.33593750 0.78984375 0.08437500 0.04218750
1 0.85468750 0.79296875 0.09375000 0.03593750
1 0.70859375 0.84843750 0.07343750 0.03437500
1 0.22500000 0.84531250 0.09687500 0.03750000
1 0.73906250 0.79609375 0.09062500 0.03906250
1 0.40859375 0.73203125 0.08281250 0.03593750
1 0.32578125 0.96796875 0.07656250 0.04218750
1 0.91171875 0.91015625 0.09843750 0.03593750
1 0.16796875 0.72734375 0.10156250 0.03906250
1 0.98203125 0.73203125 0.03593750 0.03593750
1 0.81562500 0.85390625 0.09062500 0.04218750
1 0.59531250 0.84921875 0.10937500 0.03906250
1 0.51718750 0.72968750 0.08750000 0.03437500
1 0.22187500 0.96796875 0.09062500 0.03906250
1 0.88046875 0.74140625 0.08906250 0.03593750
1 0.29296875 0.73437500 0.08906250 0.03750000
1 0.98984375 0.79453125 0.02031250 0.03906250
