2 0.11250000 0.05468750 0.01875000 0.03437500
2 0.95390625 0.95625000 0.03281250 0.04062500
2 0.96562500 0.62343750 0.03125000 0.02500000
2 0.33671875 0.47656250 0.02343750 0.02500000
2 0.44062500 0.26015625 0.01562500 0.04218750
2 0.23750000 0.07031250 0.01875000 0.02187500
2 0.11562500 0.04687500 0.01250000 0.01875000
2 0.76953125 0.85937500 0.03593750 0.03750000
2 0.11406250 0.04921875 0.01562500 0.02343750
2 0.27265625 0.78984375 0.03593750 0.05156250
2 0.94296875 0.64843750 0.01718750 0.01875000
2 0.20156250 0.71171875 0.04062500 0.02343750
2 0.18437500 0.08046875 0.01562500 0.02031250
2 0.17656250 0.08750000 0.01875000 0.02812500
2 0.23750000 0.07656250 0.02187500 0.03437500
2 0.17890625 0.08750000 0.02343750 0.03125000
2 0.30390625 0.92500000 0.02031250 0.04062500
2 0.97500000 0.56718750 0.02500000 0.01562500
2 0.79218750 0.77421875 0.01562500 0.02656250
2 0.42031250 0.62421875 0.01875000 0.04218750
2 0.36796875 0.68203125 0.01406250 0.01406250
2 0.43984375 0.25078125 0.01406250 0.02343750
2 0.79375000 0.66875000 0.01562500 0.03750000
1 0.43437500 0.53437500 0.07812500 0.04687500
1 0.80546875 0.04921875 0.08281250 0.03593750
1 0.73281250 0.16328125 0.08437500 0.03593750
1 0.83359375 0.28437500 0.09531250 0.03750000
1 0.96796875 0.16640625 0.06406250 0.03906250
1 0.62265625 0.16093750 0.09531250 0.04062500
1 0.59140625 0.21328125 0.08906250 0.03593750
1 0.97578125 0.56796875 0.02656250 0.01718750
1 0.91328125 0.04687500 0.08906250 0.03437500
1 0.38125000 0.01171875 0.08437500 0.02343750
1 0.20156250 0.71171875 0.04062500 0.02343750
1 0.94921875 0.29218750 0.09843750 0.03750000
1 0.44843750 0.53046875 0.05312500 0.03906250
1 0.95000000 0.22500000 0.09062500 0.03437500
1 0.72500000 0.28515625 0.09062500 0.03906250
1 0.23046875 0.95234375 0.12031250 0.09531250
1 0.98906250 0.04765625 0.02187500 0.04843750
1 0.96640625 0.62421875 0.03281250 0.02656250
1 0.60546875 0.10546875 0.08906250 0.03593750
1 0.85390625 0.16562500 0.08906250 0.03437500
1 0.56484375 0.04296875 0.09843750 0.03906250
1 0.98437500 0.49062500 0.03125000 0.04062500
1 0.98359375 0.10937500 0.03281250 0.03437500
1 0.62031250 0.28281250 0.09062500 0.04062500
1 0.70703125 0.21875000 0.09218750 0.03750000
1 0.78515625 0.48906250 0.08906250 0.04062500
1 0.73125000 0.10703125 0.08437500 0.04218750
1 0.82734375 0.22343750 0.09531250 0.03750000
1 0.69062500 0.05234375 0.09062500 0.03593750
1 0.88750000 0.10703125 0.10000000 0.04218750
