1 0.66250000 0.07890625 0.03125000 0.08593750
1 0.46953125 0.96093750 0.03593750 0.07812500
1 0.72968750 0.66484375 0.03437500 0.08593750
1 0.46953125 0.66875000 0.03593750 0.08750000
1 0.60000000 0.21562500 0.04062500 0.09062500
1 0.96015625 0.58906250 0.07968750 0.06875000
1 0.53125000 0.63515625 0.03437500 0.07968750
1 0.60234375 0.01406250 0.03906250 0.02812500
1 0.54531250 0.23359375 0.04062500 0.07656250
1 0.02187500 0.90625000 0.04375000 0.05312500
1 0.71484375 0.05468750 0.03593750 0.09687500
1 0.94296875 0.48281250 0.03593750 0.01875000
1 0.60781250 0.09921875 0.03750000 0.09218750
1 0.66171875 0.61406250 0.03906250 0.08437500
1 0.02031250 0.96796875 0.04062500 0.04843750
1 0.67109375 0.33125000 0.04218750 0.09062500
1 0.53828125 0.95781250 0.03906250 0.08437500
1 0.48515625 0.40703125 0.03593750 0.08593750
1 0.98281250 0.52109375 0.03437500 0.01718750
2 0.22578125 0.57578125 0.02343750 0.02968750
2 0.16015625 0.74140625 0.01718750 0.02343750
2 0.79296875 0.16796875 0.01406250 0.01718750
2 0.95937500 0.44531250 0.02187500 0.01562500
2 0.27656250 0.41406250 0.02812500 0.02187500
2 0.06718750 0.39531250 0.01250000 0.01250000
2 0.86250000 0.14765625 0.02187500 0.03593750
2 0.09609375 0.37109375 0.01093750 0.01406250
2 0.81406250 0.47421875 0.02187500 0.02343750
2 0.96718750 0.44843750 0.03437500 0.02187500
2 0.20781250 0.38281250 0.00937500 0.01250000
2 0.08593750 0.38984375 0.01562500 0.01406250
2 0.27890625 0.46171875 0.02656250 0.02343750
2 0.22109375 0.57031250 0.01406250 0.01875000
2 0.34140625 0.14453125 0.03593750 0.04531250
2 0.16093750 0.75156250 0.01875000 0.04375000
2 0.24687500 0.43828125 0.02187500 0.02656250
2 0.16406250 0.45156250 0.02187500 0.01875000
2 0.13281250 0.69687500 0.01562500 0.03437500
2 0.07734375 0.38828125 0.03281250 0.02656250
2 0.43984375 0.13515625 0.02343750 0.03281250
2 0.22109375 0.38593750 0.03593750 0.01875000
2 0.03671875 0.67734375 0.01718750 0.03593750
2 0.22031250 0.32968750 0.01875000 0.01250000
2 0.84609375 0.04296875 0.02968750 0.03593750
2 0.22890625 0.38671875 0.02031250 0.01718750
2 0.97734375 0.44531250 0.01406250 0.01562500
2 0.22812500 0.34765625 0.02187500 0.01718750
2 0.08359375 0.38593750 0.02031250 0.02187500
2 0.36406250 0.31875000 0.01562500 0.01875000
2 0.11328125 0.84140625 0.02031250 0.02343750
2 0.23203125 0.91171875 0.01406250 0.03281250
2 0.78828125 0.16875000 0.02656250 0.02500000
2 0.21718750 0.45000000 0.03125000 0.02187500
2 0.86171875 0.41250000 0.01406250 0.01875000
2 0.32656250 0.13437500 0.01875000 0.05625000
