1 0.60468750 0.00859375 0.03437500 0.01718750
1 0.77812500 0.43437500 0.06250000 0.09062500
1 0.49062500 0.23906250 0.03750000 0.10000000
1 0.03750000 0.95546875 0.07500000 0.03906250
1 0.93437500 0.56093750 0.08437500 0.06875000
1 0.54843750 0.12109375 0.03437500 0.08906250
1 0.22031250 0.86796875 0.09375000 0.05156250
1 0.49687500 0.10937500 0.03750000 0.09375000
1 0.59843750 0.56484375 0.07187500 0.09531250
1 0.49921875 0.01953125 0.03906250 0.03906250
1 0.49375000 0.66406250 0.06250000 0.07187500
1 0.54453125 0.23984375 0.03906250 0.09218750
1 0.55390625 0.01796875 0.03593750 0.03593750
1 0.67656250 0.24062500 0.04062500 0.09062500
1 0.60390625 0.21171875 0.04218750 0.09218750
1 0.61015625 0.09609375 0.03593750 0.08906250
2 0.08750000 0.37968750 0.02187500 0.02812500
2 0.88437500 0.46250000 0.02187500 0.02500000
2 0.93750000 0.99531250 0.02500000 0.00937500
2 0.96875000 0.44062500 0.03750000 0.02187500
2 0.89062500 0.46718750 0.03437500 0.03750000
2 0.86718750 0.14296875 0.01875000 0.03906250
2 0.09843750 0.36875000 0.01250000 0.01562500
2 0.22265625 0.38671875 0.03281250 0.02343750
2 0.00703125 0.34375000 0.01406250 0.01250000
2 0.23046875 0.38359375 0.01718750 0.01718750
2 0.22265625 0.46406250 0.02031250 0.02812500
2 0.40234375 0.11171875 0.02031250 0.02968750
2 0.21484375 0.38515625 0.01718750 0.02343750
2 0.19296875 0.48750000 0.01718750 0.02500000
2 0.97890625 0.43984375 0.01406250 0.02031250
2 0.16015625 0.45000000 0.02031250 0.02500000
2 0.35859375 0.29453125 0.03281250 0.02968750
2 0.32890625 0.12968750 0.01718750 0.05937500
2 0.86406250 0.41093750 0.02187500 0.03125000
