1 0.88828125 0.41015625 0.10156250 0.04531250
1 0.97187500 0.35312500 0.05625000 0.07187500
1 0.75625000 0.94140625 0.09375000 0.04218750
1 0.89453125 0.94062500 0.10468750 0.04375000
1 0.87265625 0.88437500 0.09531250 0.04062500
1 0.31250000 0.89375000 0.09687500 0.03750000
1 0.04296875 0.89687500 0.08593750 0.04062500
1 0.39296875 0.94921875 0.09843750 0.03906250
1 0.44218750 0.88671875 0.10000000 0.03906250
1 0.47968750 0.78671875 0.08437500 0.04218750
1 0.03359375 0.95625000 0.06718750 0.03750000
1 0.97656250 0.88281250 0.04687500 0.03750000
1 0.64375000 0.94375000 0.08125000 0.03750000
1 0.13359375 0.95859375 0.10156250 0.03906250
1 0.25859375 0.95625000 0.09531250 0.03750000
1 0.38125000 0.41093750 0.04062500 0.08437500
1 0.16953125 0.66250000 0.09531250 0.04375000
1 0.79296875 0.98750000 0.09218750 0.02500000
1 0.18203125 0.89765625 0.10156250 0.03906250
1 0.83046875 0.73046875 0.11093750 0.04218750
1 0.09375000 0.99609375 0.18125000 0.00781250
1 0.59843750 0.88828125 0.10000000 0.03906250
1 0.52656250 0.94609375 0.10312500 0.04218750
1 0.43046875 0.99296875 0.09531250 0.01406250
1 0.73984375 0.88515625 0.10156250 0.03906250
1 0.54843750 0.99140625 0.09687500 0.01718750
1 0.27500000 0.75781250 0.10000000 0.04062500
