2 0.45312500 0.78359375 0.02500000 0.04218750
2 0.14921875 0.50000000 0.03281250 0.02812500
2 0.05859375 0.48906250 0.01718750 0.01875000
2 0.05859375 0.50546875 0.01718750 0.01718750
2 0.27265625 0.45546875 0.01718750 0.02656250
2 0.45234375 0.68984375 0.03593750 0.02656250
2 0.49921875 0.90000000 0.02031250 0.01875000
2 0.01406250 0.51328125 0.02812500 0.02031250
2 0.18515625 0.49921875 0.03281250 0.02343750
2 0.44687500 0.69375000 0.02500000 0.02187500
2 0.44062500 0.57578125 0.03125000 0.02343750
2 0.12031250 0.45625000 0.03750000 0.01562500
2 0.03125000 0.62578125 0.02187500 0.02343750
2 0.40234375 0.65859375 0.02031250 0.03281250
2 0.99531250 0.57890625 0.00937500 0.02968750
2 0.51562500 0.87578125 0.02187500 0.01718750
2 0.05312500 0.62734375 0.02187500 0.02656250
2 0.30390625 0.49531250 0.02343750 0.02812500
2 0.40546875 0.53203125 0.03593750 0.02343750
2 0.17109375 0.47187500 0.03281250 0.01562500
2 0.48203125 0.00703125 0.02656250 0.01406250
2 0.31093750 0.57656250 0.02500000 0.04375000
2 0.24921875 0.53125000 0.01718750 0.01250000
2 0.49453125 0.70703125 0.02968750 0.03593750
2 0.60937500 0.87500000 0.01875000 0.01875000
2 0.32968750 0.51953125 0.02187500 0.01406250
2 0.40390625 0.66718750 0.01718750 0.01562500
2 0.10703125 0.48125000 0.02968750 0.01562500
2 0.05859375 0.49609375 0.01718750 0.03281250
2 0.72031250 0.14921875 0.03437500 0.05156250
2 0.78750000 0.25234375 0.01875000 0.02031250
2 0.45000000 0.99375000 0.01875000 0.01250000
2 0.49062500 0.70390625 0.01875000 0.02656250
2 0.29375000 0.48281250 0.03750000 0.01875000
2 0.44843750 0.86406250 0.02187500 0.03750000
2 0.49296875 0.85859375 0.01718750 0.04531250
1 0.61406250 0.98359375 0.05312500 0.03281250
1 0.87343750 0.02968750 0.06875000 0.05937500
1 0.81406250 0.74921875 0.04062500 0.09843750
1 0.87578125 0.91718750 0.04218750 0.09687500
1 0.05156250 0.33437500 0.08750000 0.03750000
1 0.19765625 0.32812500 0.09531250 0.03750000
1 0.10234375 0.48281250 0.04218750 0.01875000
1 0.07187500 0.26875000 0.10000000 0.04062500
1 0.93125000 0.76875000 0.04062500 0.09062500
1 0.34609375 0.98984375 0.03906250 0.02031250
1 0.76093750 0.77656250 0.03750000 0.09375000
1 0.34140625 0.90625000 0.03906250 0.09687500
1 0.37187500 0.40781250 0.09375000 0.05625000
1 0.23984375 0.48125000 0.06718750 0.04375000
1 0.82265625 0.97734375 0.04218750 0.04531250
1 0.12109375 0.45625000 0.03906250 0.01562500
1 0.19921875 0.26250000 0.10156250 0.04687500
1 0.08203125 0.38828125 0.09843750 0.03906250
1 0.98437500 0.43437500 0.03125000 0.08125000
1 0.94218750 0.98750000 0.04062500 0.02500000
1 0.72734375 0.50312500 0.05468750 0.10000000
1 0.94062500 0.59531250 0.04375000 0.10000000
1 0.82031250 0.88359375 0.04062500 0.09843750
1 0.20312500 0.20546875 0.10000000 0.04218750
1 0.59218750 0.77968750 0.05625000 0.10312500
1 0.08046875 0.21015625 0.09531250 0.03906250
1 0.54843750 0.58515625 0.06875000 0.10468750
1 0.76484375 0.93828125 0.04218750 0.10468750
1 0.52187500 0.18515625 0.09375000 0.08906250
1 0.63750000 0.33046875 0.07187500 0.08906250
1 0.74843750 0.65000000 0.04375000 0.09062500
1 0.87109375 0.75546875 0.04218750 0.10781250
