2 0.75312500 0.13828125 0.03125000 0.04843750
2 0.45078125 0.07968750 0.02343750 0.02500000
2 0.51875000 0.33671875 0.01562500 0.02343750
2 0.42031250 0.28281250 0.01562500 0.02812500
2 0.35156250 0.51015625 0.03750000 0.01718750
2 0.45390625 0.59765625 0.01406250 0.02031250
2 0.25468750 0.45937500 0.05000000 0.02187500
2 0.40312500 0.38203125 0.02187500 0.03593750
2 0.43984375 0.46562500 0.02343750 0.02500000
2 0.43203125 0.52343750 0.02968750 0.02187500
2 0.50078125 0.51640625 0.02968750 0.02656250
2 0.36875000 0.50390625 0.01562500 0.02031250
2 0.04453125 0.60312500 0.02031250 0.01875000
2 0.34296875 0.17031250 0.01406250 0.01562500
2 0.99375000 0.35000000 0.01250000 0.03750000
2 0.74453125 0.12656250 0.01406250 0.02500000
2 0.45312500 0.38984375 0.01562500 0.02343750
2 0.40312500 0.38750000 0.02187500 0.02812500
2 0.47500000 0.53906250 0.01875000 0.01875000
2 0.26875000 0.51250000 0.01562500 0.01875000
2 0.39140625 0.26015625 0.02031250 0.02031250
2 0.40234375 0.22265625 0.01718750 0.02656250
2 0.36953125 0.57578125 0.01406250 0.02343750
2 0.37265625 0.11718750 0.01406250 0.01562500
2 0.29921875 0.43593750 0.02656250 0.02812500
2 0.35546875 0.28125000 0.01406250 0.01562500
2 0.22890625 0.54375000 0.02343750 0.01250000
2 0.35937500 0.33046875 0.02187500 0.02968750
2 0.45625000 0.33046875 0.01562500 0.02656250
2 0.51406250 0.32656250 0.02187500 0.03125000
2 0.41640625 0.65390625 0.02031250 0.01718750
2 0.42500000 0.10937500 0.02812500 0.04375000
2 0.43046875 0.52578125 0.03281250 0.02343750
2 0.28828125 0.46875000 0.02656250 0.01250000
2 0.45312500 0.38203125 0.01875000 0.03906250
2 0.42031250 0.10156250 0.01875000 0.02812500
2 0.98203125 0.26640625 0.01718750 0.03906250
2 0.49062500 0.52578125 0.04687500 0.04531250
2 0.46171875 0.57500000 0.02343750 0.05000000
2 0.47109375 0.60390625 0.02656250 0.02343750
2 0.32343750 0.51484375 0.02500000 0.02343750
2 0.39453125 0.00468750 0.01406250 0.00937500
2 0.44687500 0.55781250 0.02187500 0.03750000
2 0.49609375 0.20078125 0.01406250 0.02343750
2 0.46562500 0.59921875 0.03750000 0.03281250
2 0.45546875 0.08984375 0.03281250 0.04531250
2 0.32031250 0.55703125 0.01562500 0.02656250
2 0.51796875 0.33203125 0.01718750 0.02031250
2 0.43906250 0.00625000 0.02187500 0.01250000
2 0.32968750 0.57656250 0.01875000 0.02187500
2 0.34296875 0.55156250 0.02031250 0.02812500
0 0.16718750 0.31171875 0.25625000 0.06093750
0 0.58203125 0.85312500 0.06406250 0.24687500
1 0.90937500 0.23671875 0.04062500 0.09843750
1 0.95078125 0.08593750 0.02968750 0.05000000
1 0.83750000 0.94375000 0.04375000 0.10312500
1 0.30078125 0.36093750 0.07343750 0.04062500
1 0.83437500 0.66562500 0.04062500 0.10937500
1 0.69531250 0.32421875 0.04062500 0.09843750
1 0.01796875 0.30156250 0.03593750 0.03750000
1 0.88906250 0.81328125 0.03750000 0.09218750
1 0.62968750 0.58437500 0.03750000 0.09375000
1 0.90000000 0.44218750 0.04375000 0.10000000
1 0.77578125 0.80156250 0.04218750 0.10000000
1 0.63906250 0.21406250 0.03750000 0.09687500
1 0.17578125 0.37656250 0.09843750 0.04062500
1 0.82812500 0.41171875 0.04062500 0.09843750
1 0.25625000 0.24531250 0.10625000 0.04375000
1 0.04921875 0.36875000 0.08906250 0.03750000
1 0.70000000 0.66875000 0.04375000 0.10000000
1 0.77421875 0.96796875 0.03906250 0.06406250
1 0.09062500 0.24609375 0.10625000 0.04531250
1 0.58437500 0.04843750 0.04062500 0.09687500
1 0.64062500 0.01562500 0.04062500 0.03125000
1 0.84375000 0.16015625 0.03437500 0.08593750
1 0.76796875 0.62500000 0.03593750 0.07812500
1 0.35156250 0.98281250 0.04375000 0.03437500
1 0.99296875 0.34921875 0.01406250 0.04218750
