2 0.89296875 0.28750000 0.03593750 0.02500000
2 0.32812500 0.86953125 0.01875000 0.03906250
2 0.24609375 0.53906250 0.02656250 0.04062500
2 0.90156250 0.28515625 0.01875000 0.02031250
2 0.84296875 0.27812500 0.01718750 0.01875000
2 0.86718750 0.99218750 0.01562500 0.01562500
2 0.28671875 0.79453125 0.01718750 0.03281250
2 0.31875000 0.92265625 0.01562500 0.02031250
2 0.20703125 0.80390625 0.01406250 0.03593750
2 0.26093750 0.78125000 0.01875000 0.03125000
2 0.24296875 0.52968750 0.01718750 0.02187500
2 0.37734375 0.86093750 0.01718750 0.02187500
2 0.22500000 0.82890625 0.02187500 0.03281250
2 0.32343750 0.51328125 0.02812500 0.02968750
2 0.27500000 0.54765625 0.02500000 0.02656250
2 0.99531250 0.29921875 0.00937500 0.02343750
2 0.53906250 0.54453125 0.03437500 0.02031250
2 0.40000000 0.49062500 0.05312500 0.03125000
2 0.28281250 0.78359375 0.01562500 0.01718750
2 0.27187500 0.82578125 0.01875000 0.02656250
2 0.88359375 0.29296875 0.01718750 0.01406250
2 0.67031250 0.28281250 0.01250000 0.01562500
2 0.38437500 0.48593750 0.02187500 0.02187500
2 0.23984375 0.78750000 0.02031250 0.02500000
2 0.17734375 0.98750000 0.02031250 0.02500000
2 0.47187500 0.53750000 0.03125000 0.02500000
2 0.43671875 0.53359375 0.02343750 0.02031250
2 0.33593750 0.82500000 0.02187500 0.02500000
2 0.09453125 0.23125000 0.01406250 0.01562500
2 0.35078125 0.80156250 0.03906250 0.02812500
2 0.35937500 0.94843750 0.02500000 0.02812500
2 0.41796875 0.49140625 0.01718750 0.02968750
2 0.43828125 0.52734375 0.04531250 0.03281250
2 0.82109375 0.29296875 0.02031250 0.01718750
2 0.27656250 0.55078125 0.03437500 0.03281250
2 0.32031250 0.96250000 0.01250000 0.02500000
2 0.29609375 0.85312500 0.01406250 0.01875000
0 0.90312500 0.67656250 0.09375000 0.04062500
0 0.56406250 0.67265625 0.26562500 0.05781250
1 0.85781250 0.41718750 0.11562500 0.04687500
1 0.73750000 0.28828125 0.09687500 0.04218750
1 0.52109375 0.79765625 0.10156250 0.04218750
1 0.56718750 0.61640625 0.10625000 0.04531250
1 0.94531250 0.79375000 0.10312500 0.03750000
1 0.88046875 0.72578125 0.08906250 0.03906250
1 0.59375000 0.41250000 0.10625000 0.04375000
1 0.97656250 0.73046875 0.04687500 0.03906250
1 0.57968750 0.72968750 0.10000000 0.03750000
1 0.65234375 0.79609375 0.10468750 0.04218750
1 0.33593750 0.22031250 0.04375000 0.09062500
1 0.22812500 0.16171875 0.04375000 0.10156250
1 0.44687500 0.73828125 0.09687500 0.03906250
1 0.34921875 0.61718750 0.09843750 0.04062500
1 0.46953125 0.38906250 0.10781250 0.05312500
1 0.17812500 0.51171875 0.07187500 0.08593750
1 0.97343750 0.40703125 0.05312500 0.03593750
1 0.71171875 0.73750000 0.10156250 0.04062500
1 0.33437500 0.04140625 0.04062500 0.07343750
1 0.50937500 0.23750000 0.07812500 0.08125000
1 0.76562500 0.66875000 0.07187500 0.04062500
