2 0.37109375 0.98437500 0.09843750 0.03125000
2 0.97812500 0.60468750 0.03750000 0.02187500
2 0.87812500 0.59453125 0.03437500 0.02031250
2 0.94375000 0.79531250 0.03750000 0.01875000
2 0.12187500 0.60312500 0.02187500 0.02187500
2 0.65390625 0.58671875 0.04218750 0.02031250
2 0.96171875 0.65546875 0.02343750 0.02031250
2 0.98515625 0.60156250 0.02968750 0.02812500
2 0.84843750 0.96406250 0.10000000 0.06562500
2 0.76796875 0.60156250 0.01406250 0.01875000
2 0.96015625 0.68437500 0.03593750 0.03125000
2 0.87500000 0.59843750 0.04375000 0.02812500
2 0.96640625 0.64062500 0.02343750 0.02500000
2 0.45937500 0.90546875 0.07500000 0.05781250
2 0.87031250 0.59296875 0.01875000 0.01718750
2 0.43125000 0.61953125 0.01250000 0.01718750
2 0.96484375 0.58984375 0.02656250 0.02656250
2 0.71875000 0.61171875 0.02500000 0.01406250
2 0.93203125 0.66796875 0.01718750 0.01718750
2 0.11328125 0.66484375 0.01718750 0.02031250
2 0.44765625 0.60703125 0.04218750 0.03906250
2 0.86796875 0.81953125 0.07656250 0.06718750
2 0.35703125 0.66250000 0.01406250 0.02500000
2 0.88828125 0.59609375 0.01718750 0.01718750
2 0.95703125 0.64531250 0.03906250 0.03750000
2 0.98671875 0.63203125 0.02656250 0.02343750
2 0.99375000 0.72500000 0.01250000 0.05625000
2 0.43906250 0.61718750 0.02500000 0.01875000
2 0.95390625 0.79531250 0.01718750 0.01562500
2 0.44843750 0.59765625 0.01875000 0.02031250
2 0.43984375 0.62734375 0.02343750 0.03906250
2 0.44609375 0.61562500 0.01406250 0.01562500
2 0.12265625 0.60234375 0.02031250 0.02031250
2 0.92656250 0.64687500 0.02812500 0.02812500
2 0.36718750 0.65703125 0.02500000 0.03906250
2 0.91875000 0.60937500 0.01562500 0.01875000
2 0.99218750 0.59687500 0.01562500 0.01875000
2 0.66250000 0.58281250 0.02812500 0.01562500
2 0.43359375 0.61875000 0.01406250 0.01562500
2 0.93281250 0.79296875 0.01562500 0.01406250
2 0.45468750 0.60234375 0.02812500 0.02968750
2 0.96171875 0.63515625 0.02968750 0.02968750
2 0.91015625 0.61093750 0.02031250 0.01875000
2 0.83046875 0.58203125 0.01406250 0.01406250
2 0.24296875 0.65937500 0.01406250 0.03125000
2 0.85703125 0.61171875 0.01406250 0.02031250
2 0.45625000 0.86562500 0.02812500 0.02187500
2 0.96015625 0.81250000 0.01718750 0.01562500
2 0.94609375 0.58203125 0.04531250 0.03593750
2 0.64218750 0.58750000 0.01875000 0.01875000
2 0.50468750 0.66718750 0.01562500 0.00937500
2 0.97578125 0.62734375 0.04843750 0.03906250
2 0.04609375 0.83828125 0.03281250 0.15468750
2 0.00703125 0.12109375 0.01406250 0.02343750
2 0.91250000 0.61015625 0.02500000 0.02031250
2 0.78203125 0.60000000 0.03906250 0.02500000
2 0.88359375 0.81093750 0.02343750 0.02187500
2 0.97812500 0.99062500 0.03750000 0.01875000
2 0.88671875 0.82734375 0.04218750 0.05156250
2 0.15390625 0.66562500 0.02656250 0.01562500
2 0.70468750 0.95625000 0.03437500 0.04687500
2 0.96796875 0.60468750 0.02031250 0.01875000
2 0.62421875 0.63359375 0.02968750 0.01718750
2 0.67031250 0.61640625 0.02812500 0.02031250
2 0.00781250 0.12890625 0.01562500 0.03906250
2 0.67656250 0.61796875 0.02187500 0.02031250
2 0.83125000 0.58281250 0.01562500 0.01562500
2 0.82265625 0.84921875 0.02656250 0.02343750
2 0.66171875 0.58281250 0.02968750 0.01562500
2 0.75000000 0.57031250 0.02812500 0.01562500
2 0.78750000 0.59921875 0.02812500 0.02343750
2 0.66640625 0.98203125 0.03593750 0.03593750
2 0.94296875 0.63750000 0.01718750 0.02500000
2 0.83515625 0.58515625 0.02343750 0.02031250
2 0.96562500 0.61953125 0.02812500 0.02343750
2 0.22109375 0.74296875 0.06406250 0.06406250
2 0.98828125 0.63125000 0.02343750 0.02187500
2 0.40937500 0.67343750 0.02187500 0.03437500
1 0.63203125 0.29843750 0.08906250 0.04062500
1 0.45078125 0.47968750 0.09218750 0.03437500
1 0.04218750 0.35859375 0.08437500 0.03593750
1 0.82656250 0.53203125 0.09375000 0.03906250
1 0.35859375 0.41718750 0.08593750 0.04062500
1 0.24140625 0.35625000 0.09218750 0.03750000
1 0.00781250 0.41875000 0.01562500 0.03750000
1 0.21250000 0.24375000 0.08750000 0.04062500
1 0.46953125 0.24531250 0.09531250 0.03750000
1 0.71406250 0.24140625 0.09687500 0.04218750
1 0.01250000 0.48203125 0.02500000 0.03906250
1 0.32578125 0.47968750 0.09531250 0.03750000
1 0.49921875 0.42265625 0.09218750 0.03906250
1 0.82187500 0.47500000 0.09375000 0.04375000
1 0.60312500 0.53125000 0.10000000 0.04062500
1 0.08359375 0.47812500 0.08906250 0.03750000
1 0.24609375 0.41796875 0.10156250 0.03593750
1 0.77500000 0.36171875 0.09687500 0.03593750
1 0.20625000 0.47812500 0.09062500 0.03750000
1 0.62265625 0.36015625 0.09531250 0.03906250
1 0.35390625 0.35781250 0.09531250 0.04687500
1 0.13515625 0.36015625 0.08281250 0.03593750
1 0.11093750 0.42265625 0.09687500 0.03906250
1 0.77578125 0.30390625 0.09531250 0.03593750
1 0.78984375 0.41953125 0.09531250 0.03906250
1 0.58828125 0.48437500 0.09531250 0.03750000
1 0.72265625 0.47421875 0.09218750 0.04531250
1 0.47421875 0.35781250 0.09843750 0.04687500
1 0.49296875 0.30078125 0.08593750 0.03906250
1 0.60000000 0.24296875 0.09062500 0.03906250
1 0.66250000 0.41875000 0.09375000 0.03437500
