1 0.46015625 0.96718750 0.09218750 0.03750000
1 0.09062500 0.66953125 0.07812500 0.03593750
1 0.99140625 0.65703125 0.01718750 0.03593750
1 0.85390625 0.84531250 0.08906250 0.03750000
1 0.55468750 0.72031250 0.06250000 0.03437500
1 0.92890625 0.96171875 0.09218750 0.03906250
1 0.30000000 0.78046875 0.07812500 0.03593750
1 0.03828125 0.77265625 0.07656250 0.03906250
1 0.43125000 0.89453125 0.08750000 0.04218750
1 0.13828125 0.72109375 0.08906250 0.03593750
1 0.45156250 0.65937500 0.08750000 0.03437500
1 0.87109375 0.89921875 0.09218750 0.04218750
1 0.03046875 0.83828125 0.06093750 0.04218750
1 0.03046875 0.61015625 0.03906250 0.02031250
1 0.97734375 0.83828125 0.04531250 0.04218750
1 0.34296875 0.96484375 0.09531250 0.03906250
1 0.89531250 0.77500000 0.10000000 0.04062500
1 0.26171875 0.84375000 0.07968750 0.03750000
1 0.71796875 0.78046875 0.08906250 0.03593750
1 0.39531250 0.72031250 0.09062500 0.03750000
1 0.62734375 0.84531250 0.09843750 0.04062500
1 0.99453125 0.77421875 0.01093750 0.03593750
1 0.82734375 0.96250000 0.09843750 0.04062500
1 0.71328125 0.96328125 0.09843750 0.03906250
1 0.71171875 0.90156250 0.09218750 0.03750000
1 0.72812500 0.72109375 0.09375000 0.03593750
1 0.58750000 0.96328125 0.09687500 0.03906250
1 0.70703125 0.65468750 0.10156250 0.03750000
1 0.90859375 0.72109375 0.09218750 0.03593750
1 0.20390625 0.96250000 0.09843750 0.03750000
