1 0.51953125 0.76562500 0.10781250 0.03750000
1 0.96250000 0.94218750 0.07500000 0.03750000
1 0.33984375 0.83125000 0.08281250 0.03750000
1 0.47578125 0.95000000 0.09843750 0.03750000
1 0.03671875 0.78203125 0.07343750 0.03593750
1 0.31484375 0.88984375 0.08906250 0.03593750
1 0.64609375 0.70625000 0.09531250 0.04062500
1 0.73515625 0.94218750 0.09218750 0.03750000
1 0.92343750 0.81796875 0.09062500 0.03593750
1 0.58515625 0.88359375 0.09531250 0.03906250
1 0.13593750 0.89296875 0.09062500 0.03593750
1 0.86875000 0.75937500 0.10000000 0.03750000
1 0.17578125 0.83359375 0.08593750 0.03593750
1 0.86406250 0.94062500 0.09687500 0.04062500
1 0.97109375 0.75703125 0.05781250 0.04218750
1 0.34531250 0.95234375 0.09062500 0.03906250
1 0.52578125 0.82656250 0.09843750 0.03750000
1 0.02578125 0.63125000 0.05156250 0.03750000
1 0.61328125 0.94687500 0.09531250 0.03750000
1 0.75000000 0.82109375 0.08437500 0.03593750
1 0.56875000 0.63750000 0.08750000 0.03750000
1 0.23750000 0.95156250 0.08750000 0.04062500
1 0.66718750 0.76171875 0.09062500 0.03593750
1 0.22968750 0.77500000 0.09687500 0.03750000
1 0.99375000 0.87656250 0.01250000 0.03125000
0 0.82734375 0.88437500 0.26093750 0.05312500
0 0.90859375 0.69687500 0.18281250 0.05312500
0 0.25078125 0.70703125 0.24843750 0.05468750
0 0.61953125 0.27968750 0.38906250 0.16250000
