1 0.46250000 0.96718750 0.08750000 0.03750000
1 0.60703125 0.71953125 0.06093750 0.03593750
1 0.92890625 0.96093750 0.09218750 0.03750000
1 0.90937500 0.77421875 0.10000000 0.03906250
1 0.39531250 0.78046875 0.08437500 0.03906250
1 0.37031250 0.84140625 0.08750000 0.03906250
1 0.51718750 0.89218750 0.08750000 0.03750000
1 0.88593750 0.84296875 0.08750000 0.04218750
1 0.22656250 0.66718750 0.08437500 0.03750000
1 0.34218750 0.96484375 0.09687500 0.03906250
1 0.58750000 0.96328125 0.09687500 0.03906250
1 0.12968750 0.83906250 0.10000000 0.04062500
1 0.82656250 0.96328125 0.10000000 0.03906250
1 0.74687500 0.77968750 0.09062500 0.03750000
1 0.90390625 0.89843750 0.09218750 0.04062500
1 0.15859375 0.77500000 0.08906250 0.04062500
1 0.80468750 0.65312500 0.10000000 0.03750000
1 0.68671875 0.84453125 0.09218750 0.03906250
1 0.94843750 0.72109375 0.09375000 0.03593750
1 0.45468750 0.71953125 0.09062500 0.03593750
1 0.71406250 0.96250000 0.09687500 0.03750000
1 0.56484375 0.65937500 0.09843750 0.03437500
1 0.77109375 0.90156250 0.09218750 0.03750000
1 0.20625000 0.96171875 0.10312500 0.03906250
1 0.78906250 0.72031250 0.08750000 0.03750000
1 0.21796875 0.72031250 0.08906250 0.03750000
1 0.98359375 0.83671875 0.03281250 0.03593750
