1 0.64843750 0.10156250 0.10312500 0.04062500
1 0.02968750 0.22656250 0.04062500 0.09687500
1 0.84140625 0.59375000 0.04531250 0.01250000
1 0.94609375 0.09140625 0.10781250 0.04218750
1 0.97968750 0.59062500 0.04062500 0.01562500
1 0.09843750 0.82031250 0.04062500 0.10000000
1 0.86953125 0.02812500 0.09843750 0.04062500
1 0.03593750 0.87890625 0.03750000 0.09218750
1 0.43906250 0.04609375 0.09687500 0.03906250
1 0.09609375 0.47109375 0.03906250 0.10468750
1 0.78515625 0.09921875 0.10156250 0.03906250
1 0.91171875 0.59296875 0.04531250 0.01406250
1 0.09609375 0.04218750 0.03906250 0.08437500
1 0.08750000 0.23593750 0.04062500 0.09375000
1 0.97421875 0.03125000 0.05156250 0.04062500
1 0.51640625 0.10546875 0.10156250 0.04218750
1 0.57421875 0.03671875 0.09843750 0.03906250
1 0.70703125 0.04140625 0.10468750 0.03906250
