1 0.71953125 0.56406250 0.03593750 0.02187500
1 0.94375000 0.35625000 0.09062500 0.09062500
1 0.08593750 0.84062500 0.10625000 0.04062500
1 0.36718750 0.91171875 0.10312500 0.04218750
1 0.47968750 0.91015625 0.09687500 0.04531250
1 0.92968750 0.80546875 0.10312500 0.03906250
1 0.01250000 0.98125000 0.02500000 0.03750000
1 0.24296875 0.57265625 0.03906250 0.01718750
1 0.44921875 0.97109375 0.10781250 0.04218750
1 0.60937500 0.90546875 0.09062500 0.03906250
1 0.09453125 0.91640625 0.10468750 0.03906250
1 0.85390625 0.96328125 0.09843750 0.04531250
1 0.46953125 0.73906250 0.10156250 0.04375000
1 0.84375000 0.42500000 0.10625000 0.05000000
1 0.97265625 0.89062500 0.05468750 0.03750000
1 0.93828125 0.71484375 0.10468750 0.04218750
1 0.87109375 0.89375000 0.09843750 0.04062500
1 0.73046875 0.90078125 0.08593750 0.03906250
1 0.57812500 0.82187500 0.10625000 0.05000000
1 0.83281250 0.55937500 0.03750000 0.02187500
1 0.14921875 0.73906250 0.09843750 0.04375000
1 0.18906250 0.97656250 0.09375000 0.04062500
2 0.24375000 0.57187500 0.03750000 0.01562500
2 0.12187500 0.62812500 0.02187500 0.01250000
2 0.24375000 0.44140625 0.01250000 0.03906250
2 0.21953125 0.44453125 0.01718750 0.03281250
2 0.22734375 0.51718750 0.01718750 0.02500000
2 0.65625000 0.56640625 0.01562500 0.03906250
2 0.68750000 0.53046875 0.02500000 0.01718750
2 0.65625000 0.56015625 0.01562500 0.02656250
