2 0.44140625 0.68203125 0.01718750 0.01406250
2 0.39375000 0.96796875 0.01562500 0.03906250
2 0.07265625 0.45234375 0.01718750 0.02031250
2 0.06718750 0.42343750 0.01875000 0.02187500
2 0.16718750 0.20156250 0.03125000 0.02500000
2 0.42890625 0.61484375 0.02968750 0.02656250
2 0.19296875 0.53593750 0.01406250 0.01562500
2 0.49296875 0.65156250 0.03593750 0.02187500
2 0.15625000 0.44765625 0.03125000 0.02031250
2 0.05703125 0.47031250 0.02343750 0.02187500
2 0.27812500 0.55703125 0.03125000 0.02031250
2 0.12890625 0.52109375 0.02656250 0.02031250
2 0.73515625 0.57500000 0.02968750 0.03125000
2 0.26484375 0.43203125 0.02031250 0.01718750
2 0.53046875 0.62734375 0.01406250 0.02031250
2 0.04765625 0.14453125 0.02343750 0.04218750
2 0.16484375 0.44609375 0.01406250 0.01718750
2 0.40312500 0.60781250 0.02187500 0.01875000
2 0.05234375 0.40234375 0.01406250 0.03281250
2 0.43906250 0.62656250 0.02500000 0.01562500
2 0.09062500 0.48906250 0.03437500 0.01875000
2 0.07656250 0.37500000 0.02500000 0.03125000
2 0.31796875 0.59609375 0.02031250 0.02343750
2 0.46171875 0.56875000 0.02656250 0.01562500
2 0.07734375 0.44765625 0.02343750 0.02656250
2 0.29765625 0.55390625 0.01718750 0.01718750
2 0.48906250 0.59375000 0.02812500 0.02812500
2 0.57421875 0.61328125 0.01718750 0.01718750
2 0.32890625 0.54531250 0.02031250 0.01875000
2 0.39296875 0.97656250 0.01406250 0.02187500
2 0.07187500 0.41875000 0.02500000 0.03437500
2 0.02812500 0.04296875 0.01875000 0.02656250
2 0.57109375 0.58281250 0.01718750 0.01562500
2 0.51250000 0.63359375 0.02500000 0.02031250
2 0.44609375 0.58515625 0.03281250 0.01718750
2 0.58984375 0.61640625 0.02031250 0.01718750
2 0.39296875 0.95859375 0.01406250 0.02031250
2 0.43671875 0.68125000 0.02656250 0.01562500
2 0.46171875 0.57656250 0.02656250 0.03125000
2 0.50781250 0.56640625 0.01562500 0.01406250
2 0.65390625 0.58828125 0.01718750 0.01718750
2 0.61796875 0.60156250 0.01718750 0.01562500
2 0.28984375 0.43359375 0.01093750 0.01093750
2 0.96015625 0.56328125 0.02656250 0.02343750
1 0.08984375 0.48984375 0.03593750 0.02031250
1 0.59453125 0.72968750 0.08906250 0.04062500
1 0.85390625 0.84296875 0.09218750 0.03593750
1 0.94140625 0.95859375 0.08281250 0.03281250
1 0.70546875 0.96406250 0.08281250 0.03437500
1 0.94375000 0.78125000 0.09375000 0.03750000
1 0.49375000 0.65156250 0.03750000 0.02187500
1 0.59375000 0.96640625 0.08750000 0.03906250
1 0.28359375 0.55781250 0.04218750 0.02187500
1 0.23593750 0.46093750 0.02500000 0.04687500
1 0.60468750 0.78203125 0.07812500 0.03593750
1 0.13750000 0.58046875 0.03125000 0.02343750
1 0.60078125 0.84062500 0.08906250 0.03437500
1 0.71250000 0.78437500 0.08437500 0.03750000
1 0.01406250 0.74609375 0.02812500 0.05468750
1 0.97656250 0.90234375 0.04687500 0.03906250
1 0.73125000 0.90078125 0.08750000 0.03593750
1 0.23437500 0.96562500 0.09375000 0.06875000
1 0.22343750 0.55859375 0.04062500 0.02031250
1 0.25937500 0.59843750 0.03437500 0.02187500
1 0.82265625 0.95937500 0.09531250 0.04375000
1 0.82187500 0.78359375 0.08125000 0.04218750
1 0.12968750 0.52187500 0.03125000 0.02187500
1 0.42187500 0.61015625 0.05937500 0.02343750
1 0.23437500 0.47265625 0.02187500 0.02343750
1 0.18281250 0.52578125 0.03437500 0.02968750
1 0.12656250 0.58671875 0.05312500 0.03281250
1 0.72890625 0.84375000 0.08593750 0.03437500
1 0.97343750 0.71953125 0.05312500 0.03906250
1 0.85781250 0.90156250 0.08750000 0.04062500
1 0.31718750 0.59609375 0.02500000 0.02343750
1 0.58828125 0.89843750 0.09531250 0.03750000
1 0.14921875 0.47187500 0.02968750 0.02812500
1 0.72734375 0.72031250 0.09218750 0.03750000
1 0.85703125 0.72421875 0.08906250 0.04218750
1 0.96328125 0.84375000 0.07343750 0.03750000
1 0.32890625 0.54531250 0.02343750 0.01875000
1 0.49218750 0.59453125 0.03750000 0.02968750
