1 0.95468750 0.35546875 0.09062500 0.09218750
1 0.72421875 0.95937500 0.09531250 0.03750000
1 0.54140625 0.90546875 0.08906250 0.03906250
1 0.85234375 0.42500000 0.10156250 0.04687500
1 0.04375000 0.92500000 0.08750000 0.04687500
1 0.03906250 0.98125000 0.07812500 0.03750000
1 0.97187500 0.95000000 0.05625000 0.04375000
1 0.31640625 0.97812500 0.09218750 0.04062500
1 0.58671875 0.96796875 0.09531250 0.03906250
1 0.18203125 0.97812500 0.10468750 0.04375000
1 0.87578125 0.95468750 0.09843750 0.04062500
1 0.45625000 0.96953125 0.09687500 0.03906250
1 0.26796875 0.91562500 0.08906250 0.04062500
