1 0.01328125 0.18984375 0.02656250 0.03906250
1 0.83437500 0.85703125 0.04062500 0.09843750
1 0.01875000 0.30312500 0.03750000 0.03750000
1 0.06093750 0.37031250 0.08437500 0.03437500
1 0.07031250 0.01250000 0.10000000 0.02500000
1 0.00312500 0.24453125 0.00625000 0.03281250
1 0.89218750 0.89453125 0.04062500 0.09843750
1 0.89062500 0.76328125 0.03750000 0.09843750
1 0.77812500 0.89921875 0.04062500 0.10156250
1 0.25937500 0.24843750 0.10312500 0.04375000
1 0.94140625 0.01718750 0.03593750 0.03437500
1 0.12500000 0.46718750 0.05000000 0.01875000
1 0.83828125 0.97031250 0.04218750 0.05937500
1 0.83281250 0.71484375 0.03437500 0.08593750
1 0.19843750 0.47265625 0.05312500 0.02343750
1 0.73203125 0.42187500 0.06406250 0.09687500
1 0.81406250 0.27421875 0.08437500 0.08593750
1 0.89062500 0.98515625 0.03750000 0.02968750
1 0.59687500 0.59375000 0.03125000 0.04062500
1 0.33359375 0.18203125 0.10468750 0.04218750
1 0.95078125 0.19218750 0.08593750 0.05937500
1 0.77656250 0.98359375 0.04375000 0.03281250
1 0.56093750 0.61015625 0.03437500 0.04843750
1 0.60859375 0.72734375 0.04218750 0.10156250
1 0.56796875 0.06406250 0.08281250 0.06875000
1 0.77109375 0.76640625 0.03593750 0.07968750
1 0.27109375 0.37187500 0.10468750 0.04375000
1 0.35390625 0.98359375 0.04218750 0.03281250
1 0.25468750 0.49609375 0.04687500 0.02031250
0 0.17187500 0.31328125 0.25625000 0.06093750
2 0.41875000 0.64765625 0.01562500 0.02656250
2 0.47187500 0.54843750 0.01562500 0.01875000
2 0.49843750 0.55937500 0.02500000 0.02500000
2 0.40000000 0.46640625 0.02187500 0.02656250
2 0.44453125 0.48671875 0.01718750 0.02656250
2 0.36718750 0.45390625 0.02187500 0.01718750
