1 0.50781250 0.83046875 0.10312500 0.04218750
1 0.44062500 0.89062500 0.08750000 0.03750000
1 0.98046875 0.65000000 0.03593750 0.04062500
1 0.77578125 0.83281250 0.09531250 0.03750000
1 0.61562500 0.76953125 0.08125000 0.03906250
1 0.92500000 0.95000000 0.09375000 0.03750000
1 0.92421875 0.76171875 0.09843750 0.03906250
1 0.36171875 0.83515625 0.07968750 0.03593750
1 0.73203125 0.70937500 0.05468750 0.03437500
1 0.22500000 0.77187500 0.09062500 0.03750000
1 0.43359375 0.71250000 0.07343750 0.03437500
1 0.30156250 0.71562500 0.08750000 0.03750000
1 0.01953125 0.65703125 0.03906250 0.03593750
1 0.92265625 0.88281250 0.09218750 0.04375000
1 0.31875000 0.89140625 0.08750000 0.04218750
1 0.92031250 0.83046875 0.08750000 0.03906250
1 0.60312500 0.95234375 0.09687500 0.03906250
1 0.67656250 0.88359375 0.08437500 0.04218750
1 0.20546875 0.95390625 0.10156250 0.03906250
1 0.18515625 0.65234375 0.08906250 0.03906250
1 0.82421875 0.95234375 0.09843750 0.03906250
1 0.75234375 0.76875000 0.08906250 0.03750000
1 0.36406250 0.76953125 0.08437500 0.03593750
1 0.34140625 0.95625000 0.09531250 0.03750000
1 0.17578125 0.71796875 0.09531250 0.03593750
1 0.20078125 0.83515625 0.09531250 0.03906250
1 0.64453125 0.82812500 0.08906250 0.04062500
1 0.95937500 0.70937500 0.08125000 0.03437500
1 0.79140625 0.88984375 0.09218750 0.03593750
1 0.48906250 0.76796875 0.09062500 0.03593750
1 0.48671875 0.95703125 0.08593750 0.03593750
1 0.71250000 0.95156250 0.09687500 0.03750000
1 0.60781250 0.71015625 0.09062500 0.03593750
1 0.68593750 0.59843750 0.05000000 0.02500000
1 0.20390625 0.89296875 0.08281250 0.03593750
1 0.84375000 0.71171875 0.08750000 0.03593750
