2 0.89609375 0.38125000 0.01093750 0.01562500
2 0.96406250 0.85312500 0.02187500 0.03437500
2 0.96875000 0.78906250 0.01250000 0.03437500
2 0.01796875 0.60468750 0.02968750 0.01250000
2 0.96875000 0.84687500 0.01250000 0.02187500
2 0.96406250 0.87421875 0.02187500 0.07656250
2 0.74218750 0.57109375 0.01250000 0.02343750
2 0.33515625 0.51406250 0.02343750 0.01875000
2 0.28906250 0.53281250 0.01875000 0.03437500
2 0.96250000 0.90468750 0.01562500 0.01562500
2 0.18359375 0.42812500 0.01718750 0.03125000
2 0.90312500 0.59921875 0.01562500 0.02656250
2 0.96796875 0.78046875 0.01093750 0.01718750
2 0.08046875 0.17421875 0.03593750 0.05781250
2 0.04687500 0.13046875 0.01875000 0.03593750
2 0.92343750 0.82109375 0.01562500 0.03593750
2 0.97187500 0.55781250 0.01875000 0.01875000
1 0.56640625 0.39062500 0.03906250 0.09062500
1 0.77031250 0.91484375 0.08750000 0.03906250
1 0.01093750 0.44375000 0.02187500 0.08437500
1 0.23203125 0.73125000 0.09531250 0.05625000
1 0.49531250 0.55625000 0.05312500 0.08437500
1 0.02031250 0.69453125 0.04062500 0.03593750
1 0.13046875 0.19843750 0.03906250 0.09062500
1 0.98437500 0.67890625 0.03125000 0.04218750
1 0.61796875 0.97500000 0.09218750 0.03750000
1 0.10937500 0.91406250 0.10625000 0.04062500
1 0.03359375 0.23125000 0.04218750 0.06562500
1 0.76953125 0.96875000 0.08906250 0.04062500
1 0.33281250 0.44296875 0.04375000 0.08906250
1 0.13828125 0.44765625 0.04843750 0.07031250
1 0.04921875 0.42578125 0.05468750 0.09218750
1 0.98984375 0.60703125 0.02031250 0.03906250
1 0.47968750 0.69296875 0.09062500 0.03593750
1 0.43671875 0.41640625 0.09843750 0.06093750
