0 0.66406250 0.04218750 0.25000000 0.05625000
1 0.82500000 0.05078125 0.07500000 0.03593750
1 0.75234375 0.16015625 0.07343750 0.03281250
1 0.95234375 0.05234375 0.09531250 0.03906250
1 0.59375000 0.21250000 0.08750000 0.04062500
1 0.61093750 0.27656250 0.09062500 0.03750000
1 0.93671875 0.28750000 0.09531250 0.03750000
1 0.62265625 0.10078125 0.08906250 0.04531250
1 0.02421875 0.44375000 0.04843750 0.06250000
1 0.86328125 0.10468750 0.09218750 0.03750000
1 0.89843750 0.16015625 0.09375000 0.03906250
1 0.70625000 0.21718750 0.08437500 0.03437500
1 0.97968750 0.11093750 0.04062500 0.04062500
1 0.81953125 0.22968750 0.08281250 0.05000000
1 0.73906250 0.28359375 0.07500000 0.04218750
1 0.62656250 0.15781250 0.09687500 0.03750000
1 0.74453125 0.10156250 0.08593750 0.04062500
1 0.22343750 0.95000000 0.11562500 0.10000000
1 0.98515625 0.16796875 0.02968750 0.03593750
