2 0.93906250 0.48359375 0.04062500 0.01718750
2 0.75859375 0.41484375 0.01718750 0.02031250
2 0.68437500 0.61093750 0.01562500 0.02187500
2 0.90000000 0.45625000 0.04062500 0.01562500
2 0.73203125 0.48203125 0.01093750 0.02343750
2 0.70859375 0.41562500 0.01093750 0.02500000
2 0.88203125 0.48593750 0.03593750 0.01875000
1 0.65703125 0.19218750 0.08906250 0.03750000
1 0.64140625 0.25000000 0.08281250 0.03750000
1 0.93437500 0.18984375 0.10625000 0.04218750
1 0.75546875 0.24765625 0.09531250 0.04218750
1 0.03750000 0.30625000 0.07500000 0.04062500
1 0.42109375 0.30859375 0.10156250 0.03906250
1 0.92812500 0.37343750 0.10625000 0.04375000
1 0.50937500 0.25234375 0.10312500 0.04218750
1 0.80703125 0.47343750 0.04218750 0.02187500
1 0.01562500 0.19453125 0.03125000 0.03906250
1 0.50234375 0.36718750 0.09531250 0.04062500
1 0.33515625 0.19921875 0.09843750 0.04218750
1 0.19921875 0.36953125 0.09843750 0.03906250
1 0.36796875 0.25078125 0.09843750 0.03906250
1 0.10937500 0.19531250 0.10312500 0.04062500
1 0.49531250 0.19140625 0.10625000 0.04218750
1 0.21484375 0.31250000 0.09843750 0.04062500
1 0.67578125 0.31875000 0.09218750 0.03750000
1 0.22734375 0.19453125 0.09218750 0.04218750
1 0.10625000 0.25546875 0.09687500 0.03593750
1 0.89453125 0.24843750 0.10468750 0.04375000
1 0.54609375 0.30859375 0.09531250 0.04218750
1 0.79218750 0.30078125 0.09062500 0.03906250
0 0.70000000 0.36250000 0.12187500 0.05312500
0 0.67578125 0.31875000 0.09218750 0.04062500
0 0.92109375 0.31562500 0.15781250 0.05625000
0 0.72968750 0.36953125 0.06250000 0.03593750
0 0.51093750 0.62734375 0.07812500 0.02968750
