1 0.92343750 0.07343750 0.10000000 0.04062500
1 0.73359375 0.02031250 0.05781250 0.03437500
1 0.95859375 0.02031250 0.08281250 0.03437500
1 0.71171875 0.26250000 0.09531250 0.03750000
1 0.92500000 0.26093750 0.09375000 0.03750000
1 0.91953125 0.14296875 0.08593750 0.03906250
1 0.36171875 0.14687500 0.07968750 0.03750000
1 0.20390625 0.20390625 0.08281250 0.03593750
1 0.64453125 0.13828125 0.08906250 0.03906250
1 0.29921875 0.02656250 0.08906250 0.03750000
1 0.34062500 0.26718750 0.09375000 0.03750000
1 0.84296875 0.02187500 0.08593750 0.03750000
1 0.92031250 0.19531250 0.08750000 0.04062500
1 0.60234375 0.26328125 0.09531250 0.03906250
1 0.67656250 0.19453125 0.08750000 0.04218750
1 0.20468750 0.26562500 0.10000000 0.03750000
1 0.44062500 0.20234375 0.08750000 0.03593750
1 0.22343750 0.08359375 0.09062500 0.03593750
1 0.31718750 0.20312500 0.08750000 0.04375000
1 0.48750000 0.07812500 0.09062500 0.03750000
1 0.77500000 0.14375000 0.09687500 0.03750000
1 0.36250000 0.08125000 0.08437500 0.03750000
1 0.20000000 0.14609375 0.09687500 0.03906250
1 0.75078125 0.08125000 0.08906250 0.03750000
1 0.82500000 0.26015625 0.10000000 0.04531250
1 0.50703125 0.14218750 0.10468750 0.04375000
1 0.48593750 0.26875000 0.08437500 0.03750000
1 0.17578125 0.03046875 0.09531250 0.03906250
1 0.60703125 0.02109375 0.09218750 0.03593750
1 0.61406250 0.08046875 0.07812500 0.03593750
1 0.78984375 0.20156250 0.09218750 0.03750000
1 0.43359375 0.02421875 0.07343750 0.03593750
