2 0.03125000 0.62343750 0.02812500 0.02500000
2 0.24296875 0.58750000 0.03281250 0.02500000
1 0.30937500 0.92031250 0.02187500 0.03750000
1 0.80312500 0.04296875 0.08125000 0.03593750
1 0.64687500 0.09843750 0.08750000 0.03750000
1 0.91562500 0.03984375 0.08750000 0.03281250
1 0.96250000 0.21875000 0.07500000 0.03437500
1 0.95000000 0.41250000 0.10000000 0.04687500
1 0.05937500 0.41093750 0.08750000 0.03750000
1 0.45859375 0.35625000 0.08593750 0.03750000
1 0.58281250 0.28046875 0.08437500 0.03593750
1 0.39687500 0.27890625 0.09062500 0.03906250
1 0.94609375 0.27734375 0.08593750 0.03593750
1 0.60625000 0.40859375 0.08750000 0.04531250
1 0.09140625 0.47968750 0.09218750 0.03750000
1 0.62812500 0.15703125 0.09375000 0.03906250
1 0.16875000 0.26250000 0.08750000 0.04375000
1 0.97500000 0.10234375 0.05000000 0.04218750
1 0.27109375 0.41796875 0.08906250 0.03281250
1 0.83281250 0.21796875 0.09375000 0.03906250
1 0.68906250 0.04609375 0.09062500 0.03593750
1 0.70546875 0.21328125 0.09218750 0.03906250
1 0.16562500 0.34921875 0.09062500 0.03906250
1 0.81718750 0.10156250 0.09062500 0.04062500
1 0.70781250 0.27890625 0.08437500 0.03593750
1 0.56328125 0.03906250 0.09843750 0.04062500
1 0.83750000 0.36328125 0.10000000 0.05156250
1 0.59062500 0.20859375 0.09062500 0.03593750
1 0.43125000 0.48515625 0.08750000 0.03906250
1 0.71406250 0.46796875 0.09375000 0.03593750
1 0.82500000 0.27734375 0.09687500 0.04531250
1 0.78281250 0.15859375 0.08437500 0.03906250
