2 0.66171875 0.59296875 0.02656250 0.08593750
2 0.33593750 0.56250000 0.03125000 0.02187500
2 0.34218750 0.56015625 0.01875000 0.01718750
2 0.65859375 0.60937500 0.02031250 0.05625000
2 0.53046875 0.56562500 0.03281250 0.02812500
2 0.66796875 0.56484375 0.01406250 0.02968750
1 0.61328125 0.90546875 0.09218750 0.03906250
1 0.95312500 0.36250000 0.08437500 0.08125000
1 0.97031250 0.95000000 0.05937500 0.03750000
1 0.38281250 0.91171875 0.10000000 0.04218750
1 0.49687500 0.90937500 0.09062500 0.04375000
1 0.03984375 0.97812500 0.07968750 0.04062500
1 0.31640625 0.97500000 0.09218750 0.04062500
1 0.18281250 0.97500000 0.10625000 0.04375000
1 0.88281250 0.89375000 0.09687500 0.03750000
1 0.11250000 0.91640625 0.10312500 0.03906250
1 0.85234375 0.42578125 0.10156250 0.04843750
1 0.97734375 0.89140625 0.04531250 0.03593750
1 0.87343750 0.95312500 0.09687500 0.03750000
1 0.45468750 0.96718750 0.09687500 0.04062500
1 0.58359375 0.96484375 0.09218750 0.03906250
1 0.72187500 0.95781250 0.09375000 0.03750000
1 0.74218750 0.90078125 0.08437500 0.03906250
