1 0.72890625 0.17109375 0.04218750 0.08906250
1 0.60156250 0.21015625 0.04062500 0.09531250
1 0.54609375 0.11875000 0.03593750 0.08750000
1 0.49609375 0.01875000 0.03593750 0.03750000
1 0.75937500 0.36875000 0.05000000 0.08750000
1 0.53984375 0.35625000 0.03906250 0.08750000
1 0.01015625 0.96093750 0.02031250 0.04062500
1 0.48515625 0.35546875 0.03906250 0.09843750
1 0.60312500 0.00859375 0.03750000 0.01718750
1 0.66875000 0.48437500 0.05937500 0.09687500
1 0.60859375 0.09453125 0.03593750 0.08906250
1 0.55156250 0.02421875 0.03750000 0.04843750
1 0.66093750 0.28750000 0.04375000 0.09687500
1 0.49531250 0.13671875 0.03750000 0.09218750
2 0.33593750 0.57656250 0.02500000 0.02812500
2 0.27734375 0.61015625 0.02343750 0.03906250
2 0.86015625 0.40781250 0.02031250 0.01875000
2 0.23437500 0.68203125 0.02187500 0.03593750
2 0.20781250 0.37968750 0.01250000 0.01562500
2 0.33281250 0.57265625 0.01875000 0.02031250
2 0.17734375 0.65703125 0.01718750 0.03906250
2 0.01015625 0.96093750 0.02031250 0.04062500
2 0.23046875 0.38203125 0.01718750 0.01718750
2 0.34921875 0.71250000 0.02343750 0.02812500
2 0.33906250 0.45781250 0.02500000 0.02812500
2 0.80390625 0.18671875 0.01093750 0.02656250
2 0.27265625 0.60234375 0.01406250 0.02343750
