1 0.86171875 0.72187500 0.09531250 0.04062500
1 0.59218750 0.89843750 0.09375000 0.03750000
1 0.71718750 0.78281250 0.08437500 0.03750000
1 0.65546875 0.62421875 0.02968750 0.02343750
1 0.85859375 0.84140625 0.09218750 0.03593750
1 0.59765625 0.72812500 0.09218750 0.04062500
1 0.94609375 0.95859375 0.08281250 0.03281250
1 0.70781250 0.96328125 0.08437500 0.03281250
1 0.94843750 0.78046875 0.09375000 0.03906250
1 0.12968750 0.52109375 0.03125000 0.02031250
1 0.23593750 0.46171875 0.03125000 0.05156250
1 0.60468750 0.84062500 0.08750000 0.03437500
1 0.49062500 0.59375000 0.04062500 0.03125000
1 0.86406250 0.89921875 0.09062500 0.03906250
1 0.03125000 0.82031250 0.06250000 0.08437500
1 0.15078125 0.46718750 0.02656250 0.03125000
1 0.96562500 0.84296875 0.06875000 0.03593750
1 0.28203125 0.55546875 0.03281250 0.02343750
1 0.18671875 0.52578125 0.03593750 0.02968750
1 0.27109375 0.59921875 0.03593750 0.02031250
1 0.42187500 0.61406250 0.05937500 0.03125000
1 0.59687500 0.96562500 0.08750000 0.03750000
1 0.22734375 0.55703125 0.03906250 0.02343750
1 0.97890625 0.90078125 0.04218750 0.03906250
1 0.74921875 0.71875000 0.09218750 0.03750000
1 0.73281250 0.84296875 0.08750000 0.03593750
1 0.58125000 0.61250000 0.04062500 0.02187500
1 0.97500000 0.71718750 0.05000000 0.04062500
1 0.82500000 0.95937500 0.09687500 0.04062500
1 0.60859375 0.78125000 0.07968750 0.03750000
1 0.73671875 0.89921875 0.09218750 0.03593750
1 0.82500000 0.78125000 0.07500000 0.03750000
1 0.27187500 0.95546875 0.08437500 0.05468750
