1 0.90546875 0.09609375 0.08906250 0.03906250
1 0.74687500 0.03359375 0.08437500 0.03906250
1 0.62734375 0.15703125 0.10468750 0.03593750
1 0.04531250 0.03125000 0.09062500 0.03750000
1 0.50312500 0.09453125 0.08437500 0.03593750
1 0.95546875 0.03906250 0.08906250 0.03750000
1 0.94921875 0.58593750 0.04843750 0.02500000
1 0.95468750 0.21796875 0.09062500 0.03593750
1 0.45000000 0.21484375 0.09062500 0.04843750
1 0.82421875 0.27187500 0.09531250 0.04062500
1 0.44375000 0.05000000 0.08750000 0.04375000
1 0.69140625 0.27578125 0.11093750 0.03281250
1 0.20390625 0.41484375 0.09843750 0.04531250
1 0.20937500 0.20781250 0.09062500 0.03750000
1 0.67500000 0.21171875 0.10625000 0.03906250
1 0.38437500 0.15156250 0.09062500 0.03750000
1 0.31015625 0.92109375 0.02031250 0.03593750
1 0.94453125 0.27187500 0.08281250 0.03437500
1 0.20312500 0.09296875 0.08437500 0.03593750
1 0.18593750 0.14921875 0.08750000 0.03593750
1 0.59609375 0.27812500 0.08593750 0.03750000
1 0.67734375 0.09296875 0.09218750 0.03906250
1 0.70937500 0.27500000 0.07812500 0.03125000
1 0.17812500 0.58046875 0.04375000 0.02968750
1 0.84687500 0.15546875 0.08750000 0.03906250
0 0.65000000 0.42109375 0.19375000 0.32968750
0 0.23359375 0.95312500 0.11718750 0.09375000
0 0.40156250 0.01093750 0.23125000 0.02187500
