1 0.03281250 0.44218750 0.05312500 0.09375000
1 0.71796875 0.91796875 0.08906250 0.04218750
1 0.77578125 0.98281250 0.09531250 0.03437500
1 0.34140625 0.86562500 0.06718750 0.07187500
1 0.10781250 0.21250000 0.04062500 0.09062500
1 0.49062500 0.97890625 0.08750000 0.04218750
1 0.63281250 0.97812500 0.08750000 0.04375000
1 0.08750000 0.75625000 0.09687500 0.04062500
1 0.27968750 0.79218750 0.09375000 0.03750000
1 0.31718750 0.45390625 0.04375000 0.09218750
1 0.57421875 0.69296875 0.08906250 0.03593750
1 0.12421875 0.46250000 0.04843750 0.06875000
1 0.93125000 0.69218750 0.08750000 0.05000000
1 0.01796875 0.24609375 0.03593750 0.06718750
1 0.55156250 0.40000000 0.04062500 0.09062500
1 0.17109375 0.92578125 0.08593750 0.04218750
2 0.94296875 0.45078125 0.02343750 0.01718750
2 0.45312500 0.70156250 0.04375000 0.02187500
2 0.55859375 0.51562500 0.01718750 0.02500000
2 0.94765625 0.86328125 0.02343750 0.01718750
2 0.56250000 0.51953125 0.02500000 0.03281250
2 0.98125000 0.86328125 0.01562500 0.01718750
2 0.96250000 0.86406250 0.05312500 0.01875000
2 0.36093750 0.60937500 0.02187500 0.01875000
2 0.56796875 0.52890625 0.01718750 0.01718750
2 0.36171875 0.38906250 0.02343750 0.01562500
2 0.27421875 0.53906250 0.01718750 0.05000000
2 0.99453125 0.39296875 0.01093750 0.01406250
2 0.60156250 0.45156250 0.01875000 0.01875000
2 0.87812500 0.53203125 0.02812500 0.02343750
