2 0.07734375 0.28906250 0.01718750 0.02187500
0 0.41562500 0.96484375 0.26875000 0.07031250
0 0.15781250 0.67031250 0.26250000 0.05937500
1 0.38359375 0.78984375 0.10156250 0.03906250
1 0.05703125 0.40703125 0.10781250 0.08906250
1 0.44921875 0.41250000 0.11718750 0.05000000
1 0.95234375 0.17890625 0.04843750 0.05781250
1 0.79218750 0.37421875 0.04687500 0.09843750
1 0.17421875 0.72578125 0.09843750 0.03906250
1 0.46953125 0.71796875 0.09531250 0.03906250
1 0.91484375 0.71406250 0.08593750 0.03750000
1 0.68750000 0.60078125 0.10312500 0.04531250
1 0.04375000 0.73515625 0.08750000 0.03906250
1 0.18437500 0.41093750 0.10312500 0.04375000
1 0.06015625 0.39218750 0.10156250 0.05937500
1 0.11562500 0.79609375 0.10312500 0.04218750
1 0.24765625 0.79218750 0.10156250 0.04062500
1 0.35625000 0.66718750 0.06562500 0.03750000
1 0.09765625 0.23671875 0.07968750 0.07968750
1 0.30625000 0.73203125 0.10312500 0.03906250
1 0.82968750 0.77734375 0.10937500 0.04218750
1 0.46718750 0.66093750 0.03750000 0.05937500
1 0.81796875 0.65468750 0.11093750 0.04062500
1 0.61250000 0.50156250 0.07500000 0.02500000
1 0.98046875 0.77500000 0.03906250 0.04375000
1 0.83984375 0.37421875 0.04531250 0.09531250
1 0.98125000 0.95156250 0.03750000 0.04375000
1 0.65078125 0.66171875 0.10156250 0.04218750
1 0.95000000 0.65781250 0.10000000 0.03750000
1 0.59843750 0.72265625 0.10312500 0.04218750
1 0.69375000 0.78359375 0.10937500 0.04218750
1 0.98281250 0.37031250 0.03437500 0.10312500
1 0.58203125 0.40156250 0.08906250 0.04375000
1 0.74531250 0.71875000 0.09375000 0.03750000
1 0.60859375 0.28750000 0.05468750 0.03125000
1 0.90312500 0.37734375 0.04687500 0.09531250
1 0.54609375 0.78203125 0.10468750 0.04218750
1 0.21093750 0.60937500 0.10312500 0.04375000
1 0.98906250 0.71640625 0.02187500 0.03906250
1 0.32578125 0.28515625 0.09843750 0.04531250
