1 0.69140625 0.27890625 0.09531250 0.04218750
1 0.97265625 0.27500000 0.05468750 0.02812500
1 0.74843750 0.78437500 0.10312500 0.04062500
1 0.91015625 0.77109375 0.11406250 0.05468750
1 0.81406250 0.40312500 0.11562500 0.04687500
1 0.89687500 0.60000000 0.09687500 0.04375000
1 0.44609375 0.95546875 0.10781250 0.04218750
1 0.41250000 0.43359375 0.12812500 0.03906250
1 0.55156250 0.40546875 0.10625000 0.04531250
1 0.28828125 0.21796875 0.04531250 0.09218750
1 0.96171875 0.71171875 0.07656250 0.04218750
1 0.05390625 0.97421875 0.08906250 0.04218750
1 0.42578125 0.38750000 0.10156250 0.05312500
1 0.17890625 0.16171875 0.04218750 0.10156250
1 0.21328125 0.91328125 0.10468750 0.04218750
1 0.61718750 0.78671875 0.10312500 0.04218750
1 0.46093750 0.23281250 0.07812500 0.08125000
1 0.94765625 0.39062500 0.09531250 0.04062500
1 0.66250000 0.89765625 0.10312500 0.04218750
1 0.50078125 0.61562500 0.10156250 0.04375000
1 0.48515625 0.79218750 0.10156250 0.04062500
2 0.84531250 0.35546875 0.02187500 0.02968750
2 0.04843750 0.23125000 0.01562500 0.01562500
2 0.31796875 0.40390625 0.01718750 0.03281250
2 0.40312500 0.09062500 0.02500000 0.03750000
2 0.85312500 0.27031250 0.01875000 0.02187500
2 0.85390625 0.36171875 0.03593750 0.03906250
2 0.23671875 0.60703125 0.01406250 0.02031250
2 0.31171875 0.44687500 0.02343750 0.02500000
2 0.30078125 0.65625000 0.01718750 0.01875000
2 0.39609375 0.56093750 0.02031250 0.02187500
2 0.28359375 0.34921875 0.02031250 0.02968750
2 0.29218750 0.53281250 0.01875000 0.03437500
2 0.19687500 0.36640625 0.02812500 0.03593750
2 0.57343750 0.54687500 0.02500000 0.04375000
2 0.22968750 0.38437500 0.01562500 0.03125000
2 0.21406250 0.38906250 0.02500000 0.04062500
2 0.78359375 0.27500000 0.03593750 0.02812500
2 0.79375000 0.26875000 0.01250000 0.01562500
2 0.56484375 0.54765625 0.04531250 0.04531250
2 0.42265625 0.06250000 0.02968750 0.03437500
2 0.31406250 0.42343750 0.02500000 0.07187500
2 0.27187500 0.50156250 0.01250000 0.99687500
2 0.40078125 0.57109375 0.02968750 0.04218750
2 0.46796875 0.15468750 0.02968750 0.03750000
2 0.23359375 0.61406250 0.02031250 0.03437500
2 0.77500000 0.28125000 0.01875000 0.01875000
2 0.70078125 0.44296875 0.01718750 0.01406250
2 0.28906250 0.05078125 0.03125000 0.05156250
