1 0.43046875 0.82968750 0.03906250 0.09062500
1 0.73125000 0.84062500 0.03750000 0.09062500
1 0.01171875 0.35625000 0.02343750 0.03750000
1 0.26796875 0.75625000 0.03593750 0.03750000
1 0.72734375 0.68593750 0.03593750 0.07500000
1 0.02031250 0.41484375 0.04062500 0.04531250
1 0.98906250 0.98203125 0.02187500 0.03593750
1 0.66796875 0.73984375 0.03281250 0.08906250
1 0.01328125 0.30000000 0.02656250 0.03750000
1 0.66015625 0.94140625 0.03593750 0.07968750
1 0.47109375 0.03437500 0.03906250 0.06875000
1 0.20546875 0.59687500 0.03906250 0.02500000
2 0.17890625 0.98750000 0.04218750 0.02500000
2 0.35937500 0.67734375 0.01562500 0.02656250
2 0.14921875 0.79375000 0.02031250 0.01562500
2 0.26640625 0.76796875 0.02031250 0.01718750
2 0.89453125 0.98125000 0.01406250 0.01562500
2 0.03359375 0.58203125 0.01718750 0.01718750
2 0.93125000 0.09375000 0.01562500 0.01875000
2 0.06875000 0.10468750 0.01562500 0.01562500
2 0.80312500 0.55234375 0.04375000 0.03906250
2 0.35937500 0.67343750 0.01250000 0.02500000
2 0.22109375 0.67343750 0.01718750 0.01562500
2 0.13750000 0.65937500 0.02500000 0.02500000
2 0.26796875 0.75625000 0.03281250 0.03750000
2 0.05078125 0.60000000 0.02656250 0.02500000
2 0.15000000 0.65468750 0.05000000 0.03437500
2 0.13906250 0.19296875 0.02500000 0.03906250
2 0.79140625 0.55546875 0.02031250 0.03281250
2 0.92500000 0.09453125 0.02812500 0.02968750
2 0.81562500 0.87109375 0.01875000 0.02031250
2 0.98125000 0.64921875 0.03750000 0.02656250
2 0.16015625 0.80078125 0.01718750 0.02656250
2 0.97187500 0.64609375 0.01562500 0.01718750
2 0.84296875 0.69453125 0.01093750 0.02031250
2 0.54531250 0.79453125 0.02500000 0.02656250
2 0.14531250 0.79296875 0.04062500 0.02031250
2 0.20781250 0.37578125 0.01875000 0.02656250
2 0.13203125 0.78828125 0.01718750 0.01406250
2 0.20703125 0.37890625 0.01718750 0.02031250
2 0.21875000 0.59921875 0.01250000 0.02031250
2 0.30234375 0.70390625 0.02656250 0.03593750
2 0.16250000 0.64765625 0.02500000 0.02031250
2 0.27578125 0.87968750 0.01406250 0.02187500
2 0.13828125 0.18203125 0.02031250 0.01406250
2 0.04218750 0.59218750 0.04062500 0.03750000
2 0.99531250 0.87109375 0.00937500 0.02031250
2 0.02187500 0.84375000 0.01250000 0.01562500
2 0.93125000 0.36953125 0.01562500 0.03281250
2 0.84375000 0.69843750 0.01562500 0.02812500
2 0.08593750 0.80625000 0.01875000 0.01875000
2 0.27500000 0.58906250 0.01875000 0.02187500
2 0.80156250 0.72031250 0.01875000 0.02812500
2 0.33515625 0.87656250 0.01718750 0.02812500
2 0.01250000 0.08203125 0.02500000 0.02343750
2 0.36328125 0.67734375 0.02343750 0.03281250
2 0.83125000 0.47578125 0.01562500 0.02656250
2 0.81250000 0.54453125 0.01562500 0.02031250
2 0.15312500 0.79921875 0.02812500 0.02656250
2 0.06875000 0.11640625 0.01875000 0.03906250
