1 0.92812500 0.07109375 0.10000000 0.03906250
1 0.54375000 0.19687500 0.08125000 0.03125000
1 0.44375000 0.20000000 0.08750000 0.03750000
1 0.62187500 0.07890625 0.08437500 0.03593750
1 0.96328125 0.01875000 0.07343750 0.03750000
1 0.73906250 0.01796875 0.05937500 0.03593750
1 0.77656250 0.14296875 0.09687500 0.03906250
1 0.92812500 0.19765625 0.09375000 0.03906250
1 0.75546875 0.07890625 0.08906250 0.03593750
1 0.36796875 0.14531250 0.08593750 0.03750000
1 0.30390625 0.02421875 0.08593750 0.03906250
1 0.35234375 0.25859375 0.09531250 0.03593750
1 0.92812500 0.13984375 0.08750000 0.03906250
1 0.20625000 0.20312500 0.08437500 0.03750000
1 0.49140625 0.07656250 0.09218750 0.03750000
1 0.22734375 0.08203125 0.08906250 0.03593750
1 0.32031250 0.20078125 0.09062500 0.04218750
1 0.36640625 0.07890625 0.08281250 0.03906250
1 0.20234375 0.14453125 0.09531250 0.03906250
1 0.99609375 0.27031250 0.00781250 0.02812500
1 0.64765625 0.13671875 0.08281250 0.03906250
1 0.43671875 0.02109375 0.07656250 0.03593750
1 0.51093750 0.13984375 0.10312500 0.04218750
1 0.17734375 0.02812500 0.09531250 0.03750000
1 0.55781250 0.26250000 0.09687500 0.03750000
1 0.61093750 0.01796875 0.09375000 0.03593750
1 0.71953125 0.19453125 0.08906250 0.03906250
1 0.84531250 0.02109375 0.08437500 0.03906250
