2 0.74921875 0.15546875 0.04531250 0.03281250
2 0.42500000 0.66015625 0.02500000 0.02031250
2 0.50781250 0.74531250 0.01250000 0.03437500
0 0.16875000 0.32265625 0.25625000 0.06406250
1 0.26406250 0.46718750 0.05937500 0.01562500
1 0.56406250 0.76562500 0.04375000 0.09375000
1 0.70546875 0.52109375 0.03593750 0.09218750
1 0.98125000 0.06171875 0.03750000 0.06093750
1 0.89531250 0.95625000 0.04062500 0.08750000
1 0.88671875 0.71015625 0.04218750 0.09843750
1 0.01796875 0.31562500 0.03593750 0.03750000
1 0.83437500 0.80703125 0.03750000 0.09218750
1 0.77343750 0.70390625 0.03750000 0.08906250
1 0.06875000 0.20312500 0.09687500 0.04062500
1 0.61328125 0.75703125 0.04218750 0.09843750
1 0.64609375 0.92734375 0.04218750 0.09843750
1 0.25546875 0.25625000 0.10468750 0.04062500
1 0.37109375 0.78281250 0.07343750 0.09375000
1 0.84296875 0.96640625 0.03906250 0.06718750
1 0.67421875 0.17578125 0.07031250 0.07031250
1 0.77109375 0.58828125 0.03906250 0.09843750
1 0.89140625 0.83437500 0.03906250 0.09375000
1 0.20078125 0.19843750 0.10156250 0.04062500
1 0.22421875 0.38046875 0.09843750 0.03906250
1 0.09140625 0.25859375 0.10468750 0.04531250
1 0.76718750 0.43906250 0.04375000 0.10312500
1 0.94609375 0.60078125 0.03593750 0.07968750
1 0.52968750 0.53281250 0.06562500 0.08437500
1 0.04921875 0.02109375 0.09843750 0.04218750
1 0.65156250 0.61406250 0.04375000 0.09687500
1 0.78359375 0.94296875 0.03906250 0.09218750
1 0.78203125 0.83750000 0.03906250 0.09375000
1 0.63828125 0.38125000 0.04218750 0.09687500
1 0.35937500 0.98750000 0.04375000 0.02500000
1 0.70625000 0.95859375 0.04375000 0.08281250
1 0.35703125 0.39296875 0.09531250 0.04531250
1 0.83203125 0.68828125 0.03593750 0.09218750
