1 0.84687500 0.11171875 0.09375000 0.03593750
1 0.42968750 0.28359375 0.09687500 0.03906250
1 0.48203125 0.10703125 0.09843750 0.04218750
1 0.51015625 0.04609375 0.08906250 0.03906250
1 0.97656250 0.05234375 0.04687500 0.03593750
1 0.78671875 0.22421875 0.09843750 0.03593750
1 0.54609375 0.22500000 0.09218750 0.03437500
1 0.93281250 0.17187500 0.09062500 0.03750000
1 0.45234375 0.46953125 0.08906250 0.03593750
1 0.70000000 0.16796875 0.07187500 0.03281250
1 0.18671875 0.21250000 0.09218750 0.03750000
1 0.87968750 0.29140625 0.10312500 0.03906250
1 0.58671875 0.16640625 0.10468750 0.03906250
1 0.28671875 0.05078125 0.08906250 0.03593750
1 0.20156250 0.10312500 0.09062500 0.03750000
1 0.31953125 0.28437500 0.08593750 0.04062500
1 0.87265625 0.06015625 0.08593750 0.03593750
1 0.90156250 0.22890625 0.10000000 0.03593750
1 0.65156250 0.28750000 0.09375000 0.03750000
1 0.21484375 0.28281250 0.09218750 0.04062500
1 0.41796875 0.22187500 0.09531250 0.03750000
1 0.45078125 0.16484375 0.08906250 0.03593750
1 0.33046875 0.16171875 0.08593750 0.03593750
1 0.30234375 0.21875000 0.09218750 0.03750000
1 0.66796875 0.22500000 0.08906250 0.03750000
1 0.32812500 0.10703125 0.08437500 0.04218750
1 0.21718750 0.15937500 0.09375000 0.03750000
1 0.97578125 0.38281250 0.04843750 0.08750000
1 0.40156250 0.04921875 0.08437500 0.03593750
1 0.98593750 0.11484375 0.02812500 0.03906250
1 0.54609375 0.29218750 0.09843750 0.03437500
1 0.16171875 0.04218750 0.09843750 0.03750000
1 0.61171875 0.11015625 0.09531250 0.03593750
1 0.80781250 0.17109375 0.08750000 0.03906250
1 0.53359375 0.54531250 0.08906250 0.04062500
1 0.73203125 0.11328125 0.08906250 0.03593750
1 0.98984375 0.23125000 0.02031250 0.03750000
1 0.76875000 0.28984375 0.08750000 0.03593750
0 0.70468750 0.04531250 0.25312500 0.05625000
