1 0.02734375 0.27890625 0.05468750 0.05468750
1 0.97656250 0.03125000 0.04687500 0.03750000
1 0.96718750 0.15625000 0.06562500 0.03750000
1 0.59453125 0.21093750 0.09531250 0.03750000
1 0.86250000 0.03437500 0.09687500 0.04375000
1 0.86640625 0.21406250 0.09218750 0.04375000
1 0.94609375 0.27187500 0.08281250 0.03437500
1 0.70937500 0.27812500 0.08125000 0.03437500
1 0.15234375 0.79921875 0.04218750 0.02656250
1 0.59843750 0.04296875 0.09375000 0.03906250
1 0.59921875 0.27968750 0.08906250 0.03750000
1 0.21953125 0.38281250 0.09218750 0.05000000
1 0.82968750 0.52265625 0.08750000 0.03593750
1 0.60625000 0.15312500 0.08750000 0.03437500
1 0.86015625 0.15468750 0.09218750 0.03437500
1 0.75078125 0.03203125 0.09218750 0.03906250
1 0.61015625 0.09453125 0.07968750 0.03593750
1 0.73437500 0.15546875 0.08750000 0.03593750
1 0.82656250 0.27265625 0.09687500 0.04531250
1 0.73750000 0.21328125 0.09062500 0.03593750
1 0.71718750 0.09687500 0.08437500 0.03750000
1 0.82656250 0.09453125 0.07812500 0.03906250
1 0.95000000 0.09375000 0.09375000 0.03750000
1 0.98125000 0.21484375 0.03750000 0.03906250
