1 0.92187500 0.06875000 0.10000000 0.03750000
1 0.73359375 0.01796875 0.06093750 0.03593750
1 0.61328125 0.07734375 0.07656250 0.03593750
1 0.91796875 0.25390625 0.10156250 0.03906250
1 0.91953125 0.13593750 0.08593750 0.04062500
1 0.36093750 0.14375000 0.08437500 0.03750000
1 0.20312500 0.20234375 0.08437500 0.03593750
1 0.43593750 0.01953125 0.08437500 0.03593750
1 0.29843750 0.02343750 0.08750000 0.03750000
1 0.92031250 0.19140625 0.09062500 0.04218750
1 0.33984375 0.26484375 0.09531250 0.03906250
1 0.31640625 0.19843750 0.08906250 0.04062500
1 0.68437500 0.25937500 0.08750000 0.03750000
1 0.20312500 0.26250000 0.10000000 0.03750000
1 0.95937500 0.01875000 0.08125000 0.03750000
1 0.22187500 0.08125000 0.09062500 0.03750000
1 0.48671875 0.07500000 0.09218750 0.03750000
1 0.77500000 0.14062500 0.09687500 0.03750000
1 0.36093750 0.07890625 0.08437500 0.03906250
1 0.19843750 0.14375000 0.09687500 0.03750000
1 0.75000000 0.07656250 0.09062500 0.03750000
1 0.64375000 0.13359375 0.08750000 0.04218750
1 0.78906250 0.19765625 0.09375000 0.03593750
1 0.67343750 0.19375000 0.08437500 0.04375000
1 0.50546875 0.13906250 0.10468750 0.04375000
1 0.43906250 0.20000000 0.08750000 0.03750000
1 0.17343750 0.02656250 0.09687500 0.03750000
1 0.60546875 0.01796875 0.09218750 0.03593750
1 0.84218750 0.01953125 0.08750000 0.03906250
