1 0.94062500 0.08906250 0.10000000 0.04062500
1 0.46875000 0.02968750 0.09375000 0.04062500
1 0.96875000 0.03359375 0.06250000 0.03593750
1 0.57890625 0.26953125 0.09531250 0.03906250
1 0.91953125 0.27031250 0.09218750 0.03750000
1 0.69140625 0.09218750 0.09218750 0.03750000
1 0.12109375 0.27109375 0.08906250 0.03906250
1 0.34140625 0.20781250 0.08906250 0.03750000
1 0.03750000 0.35390625 0.07500000 0.03593750
1 0.19921875 0.20546875 0.09531250 0.03593750
1 0.84218750 0.40703125 0.09062500 0.03906250
1 0.20546875 0.03437500 0.08906250 0.04062500
1 0.33906250 0.15000000 0.08750000 0.03437500
1 0.21093750 0.14687500 0.08750000 0.03437500
1 0.86484375 0.03437500 0.08593750 0.03437500
1 0.91328125 0.34921875 0.09843750 0.04218750
1 0.45078125 0.46484375 0.09218750 0.03593750
1 0.02734375 0.41875000 0.05468750 0.03437500
1 0.46406250 0.14843750 0.09375000 0.03750000
1 0.21484375 0.08828125 0.07968750 0.03593750
1 0.36796875 0.35000000 0.09843750 0.03750000
1 0.27421875 0.27109375 0.09531250 0.03593750
1 0.32187500 0.09140625 0.08437500 0.03906250
1 0.94843750 0.46718750 0.08750000 0.03750000
1 0.78125000 0.15000000 0.11250000 0.03750000
1 0.42968750 0.08750000 0.08125000 0.03750000
1 0.98906250 0.14843750 0.02187500 0.03750000
1 0.69921875 0.37968750 0.09218750 0.04375000
1 0.70625000 0.47343750 0.08750000 0.03750000
1 0.45546875 0.27343750 0.08593750 0.03750000
1 0.35625000 0.02578125 0.09375000 0.03906250
1 0.46015625 0.40625000 0.09531250 0.03750000
1 0.55468750 0.08671875 0.09375000 0.03906250
1 0.70625000 0.26953125 0.09687500 0.03906250
1 0.60234375 0.02500000 0.09218750 0.03750000
1 0.28671875 0.40703125 0.07343750 0.03593750
1 0.80703125 0.08828125 0.08281250 0.03593750
1 0.75234375 0.03125000 0.09843750 0.03750000
1 0.98828125 0.27343750 0.02343750 0.03437500
1 0.81796875 0.27031250 0.10156250 0.04062500
