1 0.62968750 0.14921875 0.09375000 0.03593750
1 0.05000000 0.15546875 0.10000000 0.03906250
1 0.64843750 0.20937500 0.09687500 0.03750000
1 0.95000000 0.03359375 0.10000000 0.04531250
1 0.86328125 0.58828125 0.08593750 0.03906250
1 0.34218750 0.21562500 0.08437500 0.03750000
1 0.34062500 0.27656250 0.09687500 0.03750000
1 0.20546875 0.27421875 0.10468750 0.03906250
1 0.46093750 0.03671875 0.08437500 0.03906250
1 0.82500000 0.27343750 0.10000000 0.04062500
1 0.04140625 0.03671875 0.06406250 0.03906250
1 0.92500000 0.27343750 0.09375000 0.03750000
1 0.53828125 0.35937500 0.09531250 0.04062500
1 0.10000000 0.42343750 0.10000000 0.04062500
1 0.20312500 0.08828125 0.08750000 0.03906250
1 0.87421875 0.20937500 0.09218750 0.03750000
1 0.21093750 0.36406250 0.09687500 0.03750000
1 0.71171875 0.27343750 0.09531250 0.03750000
1 0.33437500 0.15546875 0.08125000 0.03593750
1 0.67031250 0.02890625 0.08437500 0.03906250
1 0.98515625 0.47421875 0.02968750 0.03906250
1 0.95937500 0.09296875 0.08125000 0.04843750
1 0.46015625 0.27968750 0.08593750 0.03750000
1 0.25781250 0.03359375 0.08437500 0.03906250
1 0.58515625 0.27421875 0.09531250 0.03906250
1 0.63984375 0.41953125 0.09531250 0.03906250
1 0.57031250 0.08906250 0.09687500 0.04062500
1 0.82187500 0.15546875 0.10000000 0.03593750
1 0.73984375 0.08984375 0.07968750 0.04531250
1 0.31796875 0.47421875 0.09218750 0.04843750
