2 0.79375000 0.58984375 0.01875000 0.02031250
2 0.75156250 0.59062500 0.01875000 0.01875000
2 0.85390625 0.60859375 0.03281250 0.04218750
2 0.99375000 0.28671875 0.01250000 0.02343750
2 0.32968750 0.45937500 0.01250000 0.00937500
2 0.86406250 0.59375000 0.02500000 0.01562500
2 0.58203125 0.68203125 0.02968750 0.03593750
2 0.97500000 0.79609375 0.01562500 0.01093750
2 0.89921875 0.60156250 0.02656250 0.01875000
2 0.85234375 0.61953125 0.01718750 0.02031250
2 0.99453125 0.62421875 0.01093750 0.02656250
2 0.49140625 0.87031250 0.02343750 0.01875000
2 0.97187500 0.67109375 0.02187500 0.02343750
2 0.96796875 0.60390625 0.01406250 0.01406250
2 0.38203125 0.45859375 0.01093750 0.01093750
2 0.92265625 0.55390625 0.01406250 0.01406250
2 0.73671875 0.59218750 0.01406250 0.01875000
2 0.85625000 0.85625000 0.01875000 0.01875000
2 0.08281250 0.77968750 0.02812500 0.02812500
2 0.92812500 0.55312500 0.02500000 0.01875000
2 0.90625000 0.60390625 0.01250000 0.01406250
2 0.17265625 0.98125000 0.02343750 0.01562500
2 0.82500000 0.60546875 0.01562500 0.01406250
2 0.82890625 0.60625000 0.02343750 0.01562500
2 0.74609375 0.59062500 0.02968750 0.02187500
2 0.89375000 0.60234375 0.01562500 0.01718750
0 0.35468750 0.49140625 0.25937500 0.05781250
1 0.81484375 0.25000000 0.09218750 0.03750000
1 0.68359375 0.24140625 0.09218750 0.03593750
1 0.41796875 0.42656250 0.09531250 0.03750000
1 0.91250000 0.17343750 0.09062500 0.06875000
1 0.15234375 0.42421875 0.09218750 0.03593750
1 0.78750000 0.42578125 0.10312500 0.04218750
1 0.02031250 0.42656250 0.04062500 0.04375000
1 0.32109375 0.30156250 0.09218750 0.03750000
1 0.01171875 0.36796875 0.02343750 0.03906250
1 0.81015625 0.48046875 0.09218750 0.04218750
1 0.57031250 0.48203125 0.08750000 0.04218750
1 0.04453125 0.48828125 0.08906250 0.03906250
1 0.44218750 0.29765625 0.08437500 0.03281250
1 0.18750000 0.30468750 0.09687500 0.03750000
1 0.40156250 0.36640625 0.09375000 0.03906250
1 0.64921875 0.36328125 0.10156250 0.04218750
1 0.12187500 0.36796875 0.10000000 0.04218750
1 0.82031250 0.30625000 0.10937500 0.04687500
1 0.42500000 0.10781250 0.09062500 0.03437500
1 0.69531250 0.48203125 0.08750000 0.03906250
1 0.26406250 0.42656250 0.05312500 0.02812500
1 0.67031250 0.42421875 0.09062500 0.03593750
1 0.53281250 0.36640625 0.09062500 0.03906250
1 0.54921875 0.42343750 0.09218750 0.03437500
1 0.66250000 0.54140625 0.09375000 0.03593750
1 0.54843750 0.24296875 0.08437500 0.04218750
1 0.57109375 0.30468750 0.08906250 0.03750000
1 0.69609375 0.30625000 0.09531250 0.04062500
1 0.28593750 0.36562500 0.10000000 0.04062500
1 0.16484375 0.48750000 0.10156250 0.03750000
1 0.78906250 0.36718750 0.08125000 0.04062500
1 0.28593750 0.42656250 0.09687500 0.03437500
