1 0.70000000 0.03046875 0.10625000 0.04218750
1 0.14140625 0.95703125 0.04218750 0.08593750
1 0.50312500 0.09843750 0.10000000 0.04062500
1 0.25312500 0.37890625 0.08125000 0.07968750
1 0.07109375 0.75546875 0.03906250 0.10781250
1 0.62968750 0.09140625 0.11250000 0.04843750
1 0.94531250 0.07812500 0.09062500 0.03750000
1 0.13359375 0.68828125 0.04531250 0.09218750
1 0.02031250 0.88515625 0.04062500 0.10156250
1 0.13828125 0.08671875 0.08281250 0.07968750
1 0.81484375 0.08750000 0.10468750 0.04375000
1 0.01796875 0.74921875 0.03593750 0.09843750
1 0.02500000 0.97734375 0.04375000 0.04531250
1 0.82500000 0.02109375 0.10625000 0.04218750
1 0.44140625 0.03906250 0.10781250 0.04375000
1 0.95625000 0.02109375 0.08125000 0.04218750
1 0.57031250 0.32578125 0.10937500 0.06093750
1 0.37500000 0.19375000 0.11250000 0.06562500
1 0.56562500 0.02968750 0.09687500 0.03750000
1 0.07578125 0.91796875 0.04531250 0.09843750
1 0.16328125 0.52500000 0.06093750 0.09687500
