1 0.31093750 0.96640625 0.07812500 0.03906250
1 0.42578125 0.96093750 0.09531250 0.04062500
1 0.15781250 0.67187500 0.09062500 0.04062500
1 0.96328125 0.72890625 0.07343750 0.03906250
1 0.90781250 0.96562500 0.09062500 0.04375000
1 0.93437500 0.78281250 0.10000000 0.03750000
1 0.20546875 0.84140625 0.08593750 0.03593750
1 0.45937500 0.84296875 0.09375000 0.03593750
1 0.91328125 0.89921875 0.09843750 0.03906250
1 0.85468750 0.84296875 0.10312500 0.03593750
1 0.78906250 0.96484375 0.10000000 0.04531250
1 0.02578125 0.61484375 0.05156250 0.02968750
1 0.99531250 0.89921875 0.00937500 0.03281250
1 0.96093750 0.84296875 0.07812500 0.03593750
1 0.19375000 0.89921875 0.09375000 0.03593750
1 0.34921875 0.71953125 0.09218750 0.03906250
1 0.46250000 0.72343750 0.09687500 0.04375000
1 0.33671875 0.90156250 0.09218750 0.03750000
1 0.42656250 0.78203125 0.07812500 0.03906250
1 0.48046875 0.66015625 0.09843750 0.03906250
1 0.79921875 0.78281250 0.07968750 0.04062500
1 0.33281250 0.84375000 0.08750000 0.03437500
1 0.68359375 0.78515625 0.08906250 0.03906250
1 0.19843750 0.73046875 0.09375000 0.03906250
1 0.20859375 0.78281250 0.07968750 0.03750000
1 0.19765625 0.96718750 0.08906250 0.03750000
1 0.97812500 0.95859375 0.04375000 0.03593750
1 0.58750000 0.84296875 0.10937500 0.03593750
1 0.54609375 0.96015625 0.08281250 0.03593750
1 0.75234375 0.90703125 0.09843750 0.03593750
1 0.61328125 0.90234375 0.10781250 0.03906250
1 0.67500000 0.96875000 0.10000000 0.03750000
1 0.54921875 0.78125000 0.09531250 0.03750000
1 0.46406250 0.90234375 0.09375000 0.04218750
1 0.78828125 0.60000000 0.11718750 0.04375000
1 0.71562500 0.84296875 0.09375000 0.03906250
1 0.59531250 0.71875000 0.08750000 0.03750000
1 0.85703125 0.72968750 0.08906250 0.03437500
1 0.74609375 0.72578125 0.09843750 0.03906250
1 0.31718750 0.78437500 0.08437500 0.03750000
