1 0.80468750 0.60625000 0.03750000 0.01562500
1 0.33828125 0.95937500 0.09531250 0.03750000
1 0.62968750 0.71640625 0.08125000 0.03593750
1 0.92187500 0.95625000 0.09062500 0.03750000
1 0.13671875 0.83437500 0.08593750 0.03750000
1 0.41171875 0.83593750 0.07031250 0.03437500
1 0.82109375 0.95703125 0.10156250 0.04218750
1 0.51250000 0.77734375 0.09375000 0.04218750
1 0.01640625 0.65859375 0.03281250 0.03906250
1 0.57265625 0.89296875 0.09531250 0.03906250
1 0.20000000 0.95703125 0.10000000 0.03593750
1 0.13125000 0.65000000 0.08125000 0.03750000
1 0.32500000 0.89453125 0.10000000 0.03593750
1 0.27265625 0.78359375 0.09218750 0.04218750
1 0.42890625 0.72031250 0.07968750 0.03750000
1 0.81015625 0.77187500 0.09218750 0.03750000
1 0.18046875 0.72421875 0.07656250 0.03906250
1 0.67500000 0.83750000 0.09687500 0.03750000
1 0.04375000 0.77968750 0.08750000 0.03750000
1 0.98437500 0.95703125 0.03125000 0.03906250
1 0.41562500 0.65234375 0.08750000 0.03593750
1 0.96484375 0.83281250 0.07031250 0.03750000
1 0.70937500 0.95625000 0.09375000 0.03750000
1 0.45781250 0.96171875 0.08750000 0.03906250
1 0.58203125 0.95703125 0.09531250 0.03906250
1 0.78437500 0.64453125 0.02500000 0.01718750
