2 0.16328125 0.96250000 0.02968750 0.03125000
2 0.73125000 0.56953125 0.05937500 0.06093750
2 0.17500000 0.57656250 0.02812500 0.02500000
2 0.29531250 0.56640625 0.02187500 0.02968750
2 0.62187500 0.85390625 0.01875000 0.02031250
2 0.30625000 0.59765625 0.03125000 0.02343750
2 0.20390625 0.62031250 0.03281250 0.01562500
2 0.20234375 0.99062500 0.03593750 0.01875000
2 0.05703125 0.56796875 0.02343750 0.03906250
2 0.19687500 0.58671875 0.01875000 0.02656250
2 0.12656250 0.63203125 0.02187500 0.02343750
2 0.13828125 0.53906250 0.02031250 0.02187500
2 0.05859375 0.57656250 0.02031250 0.02500000
2 0.02187500 0.81406250 0.01875000 0.01562500
2 0.62812500 0.93750000 0.02187500 0.05312500
2 0.17890625 0.54531250 0.01406250 0.03125000
2 0.07812500 0.77421875 0.02500000 0.02031250
2 0.33515625 0.67656250 0.02968750 0.02187500
2 0.13750000 0.77031250 0.04375000 0.03437500
2 0.21875000 0.52109375 0.01562500 0.02031250
2 0.12500000 0.75937500 0.01875000 0.01250000
2 0.19765625 0.58203125 0.01718750 0.01718750
2 0.22812500 0.54921875 0.02812500 0.02968750
2 0.13437500 0.51640625 0.01875000 0.02656250
2 0.26250000 0.53281250 0.03125000 0.04375000
2 0.13671875 0.52578125 0.02343750 0.04531250
2 0.11953125 0.60546875 0.02031250 0.02968750
2 0.09296875 0.56171875 0.03906250 0.02656250
2 0.26796875 0.54453125 0.03281250 0.02343750
2 0.20156250 0.62265625 0.03750000 0.02031250
2 0.39765625 0.58593750 0.03906250 0.02500000
2 0.20468750 0.58593750 0.03437500 0.02500000
2 0.66015625 0.91250000 0.02343750 0.01875000
2 0.25937500 0.72500000 0.02500000 0.02812500
2 0.12421875 0.61718750 0.02656250 0.05312500
2 0.20859375 0.51875000 0.03593750 0.02812500
2 0.62812500 0.92500000 0.01875000 0.02812500
2 0.17500000 0.39453125 0.01875000 0.03593750
2 0.26328125 0.72890625 0.03906250 0.03593750
2 0.28515625 0.63984375 0.03281250 0.02031250
2 0.30703125 0.55000000 0.03593750 0.02500000
2 0.08203125 0.78750000 0.03906250 0.05000000
2 0.20078125 0.58671875 0.02656250 0.02656250
2 0.14765625 0.77187500 0.02343750 0.03125000
2 0.63828125 0.74062500 0.02343750 0.01875000
2 0.15468750 0.75312500 0.07500000 0.06875000
1 0.97421875 0.30625000 0.05156250 0.08125000
1 0.04687500 0.49609375 0.08437500 0.04218750
1 0.00859375 0.33046875 0.01718750 0.04218750
1 0.00781250 0.44531250 0.01562500 0.03750000
1 0.39609375 0.40703125 0.06718750 0.08593750
1 0.23593750 0.23828125 0.06562500 0.07031250
1 0.01171875 0.48828125 0.02343750 0.02343750
1 0.02031250 0.27890625 0.04062500 0.05781250
1 0.51328125 0.58984375 0.04843750 0.08593750
1 0.14218750 0.11875000 0.09062500 0.07187500
1 0.02031250 0.33359375 0.04062500 0.04843750
1 0.02343750 0.38906250 0.04687500 0.04062500
1 0.02421875 0.21015625 0.04843750 0.05156250
1 0.53281250 0.77500000 0.03750000 0.06562500
