1 0.74218750 0.21796875 0.08437500 0.03906250
1 0.25468750 0.40859375 0.10312500 0.03906250
1 0.03828125 0.29921875 0.07656250 0.04218750
1 0.25468750 0.34687500 0.09687500 0.03750000
1 0.42421875 0.34687500 0.09843750 0.03437500
1 0.82343750 0.39062500 0.08437500 0.03750000
1 0.58281250 0.28281250 0.09375000 0.03750000
1 0.37968750 0.22968750 0.10312500 0.04062500
1 0.88125000 0.21171875 0.09687500 0.03906250
1 0.85000000 0.33750000 0.08437500 0.03437500
1 0.03125000 0.41796875 0.06250000 0.03906250
1 0.10937500 0.23515625 0.10625000 0.03906250
1 0.97500000 0.33359375 0.05000000 0.03281250
1 0.54921875 0.34609375 0.08906250 0.03906250
1 0.13515625 0.41640625 0.09531250 0.04218750
1 0.97734375 0.20937500 0.04531250 0.03750000
1 0.49140625 0.22812500 0.09531250 0.04375000
1 0.18046875 0.29375000 0.10781250 0.04062500
1 0.87421875 0.26953125 0.09843750 0.03906250
1 0.72187500 0.27578125 0.09375000 0.03906250
1 0.31562500 0.29296875 0.09062500 0.03906250
1 0.14375000 0.35468750 0.08437500 0.03437500
1 0.04531250 0.35625000 0.09062500 0.03750000
1 0.97031250 0.26796875 0.05937500 0.03906250
1 0.45390625 0.28515625 0.09843750 0.03906250
1 0.21953125 0.23203125 0.10468750 0.03593750
1 0.43437500 0.40468750 0.10312500 0.04687500
1 0.70390625 0.34375000 0.05468750 0.03750000
1 0.61875000 0.22265625 0.09375000 0.03906250
