2 0.84765625 0.27578125 0.01718750 0.02031250
2 0.76875000 0.28593750 0.01562500 0.01875000
2 0.16171875 0.34218750 0.02343750 0.02812500
2 0.29296875 0.34375000 0.01093750 0.01875000
2 0.26171875 0.49296875 0.02031250 0.02343750
2 0.23359375 0.49843750 0.01718750 0.02187500
2 0.36484375 0.52500000 0.02968750 0.02812500
2 0.29921875 0.51328125 0.03281250 0.02656250
2 0.79062500 0.27031250 0.01562500 0.01562500
2 0.26093750 0.49921875 0.02187500 0.03281250
2 0.21875000 0.44765625 0.03437500 0.02968750
2 0.25859375 0.50078125 0.01718750 0.02656250
2 0.74296875 0.34531250 0.01718750 0.03125000
2 0.22343750 0.38750000 0.02500000 0.02812500
2 0.27968750 0.12421875 0.01875000 0.02968750
2 0.22031250 0.12500000 0.01562500 0.02812500
2 0.13281250 0.03828125 0.01875000 0.07031250
2 0.21015625 0.66875000 0.01093750 0.01562500
2 0.24375000 0.81796875 0.01250000 0.01406250
1 0.44296875 0.73515625 0.10781250 0.04218750
1 0.01093750 0.20781250 0.02187500 0.09687500
1 0.96640625 0.28125000 0.05781250 0.03437500
1 0.58593750 0.61250000 0.10000000 0.04062500
1 0.95390625 0.77968750 0.09218750 0.04375000
1 0.80781250 0.40781250 0.10937500 0.05000000
1 0.87656250 0.66015625 0.10000000 0.03906250
1 0.66406250 0.41875000 0.08750000 0.06562500
1 0.06484375 0.01718750 0.05468750 0.03437500
1 0.41718750 0.44140625 0.11250000 0.04218750
1 0.95703125 0.71875000 0.08593750 0.04375000
1 0.56718750 0.72734375 0.10000000 0.03906250
1 0.28515625 0.22656250 0.04218750 0.09375000
1 0.44765625 0.67578125 0.09531250 0.04218750
1 0.26171875 0.60859375 0.09843750 0.05468750
1 0.68593750 0.28359375 0.09687500 0.04218750
1 0.72578125 0.66093750 0.09218750 0.04062500
1 0.66093750 0.40625000 0.07812500 0.04062500
1 0.17734375 0.17031250 0.04218750 0.10312500
1 0.42265625 0.39531250 0.10468750 0.05625000
1 0.06953125 0.47656250 0.03906250 0.10000000
1 0.01328125 0.57578125 0.02656250 0.09218750
1 0.01328125 0.80390625 0.02656250 0.09531250
1 0.85468750 0.51796875 0.05312500 0.03281250
1 0.83750000 0.71406250 0.09375000 0.05000000
1 0.44609375 0.61484375 0.09218750 0.03906250
1 0.28750000 0.06171875 0.03437500 0.05156250
1 0.50468750 0.79296875 0.10000000 0.03906250
1 0.00859375 0.02109375 0.01718750 0.04218750
1 0.58984375 0.67031250 0.10156250 0.04062500
1 0.63125000 0.78750000 0.11250000 0.04687500
1 0.45781250 0.23984375 0.08125000 0.07968750
1 0.70078125 0.72578125 0.10468750 0.04218750
1 0.54531250 0.41093750 0.10312500 0.04375000
1 0.07343750 0.76171875 0.03750000 0.09843750
1 0.93750000 0.39375000 0.08125000 0.03750000
1 0.97890625 0.65312500 0.04218750 0.05625000
1 0.81015625 0.59843750 0.10468750 0.04687500
