2 0.65781250 0.97109375 0.02812500 0.02343750
2 0.96718750 0.63515625 0.01875000 0.02343750
2 0.28203125 0.58671875 0.01406250 0.01718750
2 0.79140625 0.58203125 0.02343750 0.02343750
2 0.94375000 0.79687500 0.04062500 0.03125000
2 0.95078125 0.63125000 0.02343750 0.01875000
2 0.64453125 0.56171875 0.03906250 0.02031250
2 0.98203125 0.54218750 0.01718750 0.01875000
2 0.87109375 0.58906250 0.02031250 0.02187500
2 0.95859375 0.63359375 0.03593750 0.02656250
2 0.55078125 0.56171875 0.01718750 0.01718750
2 0.01640625 0.60312500 0.01718750 0.01875000
2 0.45000000 0.60156250 0.02812500 0.03125000
2 0.87109375 0.60156250 0.02031250 0.01562500
2 0.63984375 0.56406250 0.02656250 0.01562500
2 0.95703125 0.65312500 0.01406250 0.02187500
2 0.92734375 0.66640625 0.02031250 0.01718750
2 0.91250000 0.60625000 0.02187500 0.01562500
2 0.56093750 0.56015625 0.03750000 0.02031250
2 0.93203125 0.78828125 0.01718750 0.01718750
2 0.41328125 0.57812500 0.02656250 0.01562500
2 0.44140625 0.61171875 0.02343750 0.01718750
2 0.83515625 0.58437500 0.02031250 0.02187500
2 0.96796875 0.63671875 0.01718750 0.02031250
2 0.97656250 0.62109375 0.02812500 0.03281250
2 0.45078125 0.59609375 0.02343750 0.02031250
2 0.28828125 0.58671875 0.02656250 0.02031250
2 0.94218750 0.79062500 0.03750000 0.02187500
2 0.63906250 0.56328125 0.02812500 0.01718750
2 0.73750000 0.53750000 0.03125000 0.02500000
2 0.74531250 0.41718750 0.01562500 0.02500000
2 0.81562500 0.85000000 0.02500000 0.03125000
2 0.85625000 0.60781250 0.01562500 0.01875000
2 0.45390625 0.85937500 0.02031250 0.02187500
2 0.96796875 0.68828125 0.02031250 0.02656250
2 0.57109375 0.55781250 0.01718750 0.01562500
2 0.10625000 0.59062500 0.03750000 0.01875000
2 0.04687500 0.76718750 0.02500000 0.02187500
2 0.87734375 0.58984375 0.03281250 0.02656250
2 0.91171875 0.60546875 0.02343750 0.01718750
2 0.71171875 0.58671875 0.02656250 0.02343750
2 0.97265625 0.59609375 0.02343750 0.02031250
2 0.93437500 0.66015625 0.01250000 0.01718750
2 0.95781250 0.80156250 0.01250000 0.02500000
2 0.66562500 0.61093750 0.02187500 0.01875000
2 0.72968750 0.55625000 0.01875000 0.01562500
2 0.97109375 0.57734375 0.01718750 0.02656250
2 0.80625000 0.61406250 0.01562500 0.01875000
2 0.88593750 0.59218750 0.01562500 0.01562500
2 0.78671875 0.59765625 0.02656250 0.02343750
2 0.96875000 0.59687500 0.01875000 0.01875000
2 0.98359375 0.62343750 0.02031250 0.02812500
2 0.88437500 0.80546875 0.01875000 0.01718750
2 0.43515625 0.61406250 0.02343750 0.01875000
1 0.45078125 0.47421875 0.09218750 0.03593750
1 0.94765625 0.08671875 0.07968750 0.04843750
1 0.77421875 0.35703125 0.09531250 0.03593750
1 0.59765625 0.23906250 0.08281250 0.03437500
1 0.24140625 0.35234375 0.09218750 0.03593750
1 0.11093750 0.41796875 0.09375000 0.03906250
1 0.35234375 0.23437500 0.09218750 0.04062500
1 0.23593750 0.24140625 0.08750000 0.03593750
1 0.71953125 0.46718750 0.08906250 0.04062500
1 0.02656250 0.23359375 0.05312500 0.03593750
1 0.82109375 0.47109375 0.09218750 0.04218750
1 0.32500000 0.47578125 0.09687500 0.03906250
1 0.73515625 0.02734375 0.08906250 0.03906250
1 0.49921875 0.41718750 0.09218750 0.03750000
1 0.08281250 0.47265625 0.09062500 0.03906250
1 0.36562500 0.29531250 0.09062500 0.03437500
1 0.49218750 0.29531250 0.08437500 0.03750000
1 0.35156250 0.35312500 0.09687500 0.04375000
1 0.35859375 0.41250000 0.08593750 0.03750000
1 0.16250000 0.30000000 0.09375000 0.03437500
1 0.24609375 0.41250000 0.10156250 0.03750000
1 0.00937500 0.41328125 0.01875000 0.03906250
1 0.57890625 0.13515625 0.09843750 0.03906250
1 0.13437500 0.35468750 0.08125000 0.03437500
1 0.62265625 0.35625000 0.09531250 0.03750000
1 0.04140625 0.35468750 0.08281250 0.03437500
1 0.71328125 0.23359375 0.09843750 0.04218750
1 0.01250000 0.47343750 0.02500000 0.04062500
1 0.47265625 0.35468750 0.09843750 0.04375000
1 0.58750000 0.48046875 0.09375000 0.03593750
1 0.48437500 0.24062500 0.09375000 0.03750000
1 0.66093750 0.41406250 0.09062500 0.03437500
1 0.20468750 0.47109375 0.08750000 0.03593750
1 0.77500000 0.30000000 0.09687500 0.03437500
1 0.63203125 0.29375000 0.08906250 0.04062500
1 0.78828125 0.41562500 0.09843750 0.04062500
