2 0.85000000 0.23125000 0.01250000 0.01250000
2 0.43828125 0.13906250 0.01718750 0.02500000
2 0.33906250 0.54687500 0.02500000 0.02812500
2 0.39687500 0.37265625 0.03125000 0.03281250
2 0.37890625 0.31953125 0.01718750 0.03593750
2 0.38046875 0.24140625 0.01406250 0.05781250
2 0.34062500 0.45234375 0.02500000 0.03593750
2 0.34375000 0.33359375 0.01562500 0.01718750
2 0.40546875 0.37109375 0.01406250 0.02656250
2 0.31953125 0.45468750 0.02343750 0.03437500
2 0.25625000 0.52265625 0.03750000 0.02343750
2 0.29609375 0.47421875 0.01718750 0.02656250
2 0.37500000 0.28359375 0.02187500 0.02656250
2 0.29296875 0.33203125 0.01718750 0.01718750
2 0.09140625 0.51718750 0.01093750 0.01250000
2 0.60703125 0.88125000 0.02343750 0.01562500
2 0.37734375 0.39765625 0.02343750 0.03281250
2 0.33515625 0.42343750 0.02343750 0.03125000
2 0.35859375 0.52500000 0.02343750 0.02812500
2 0.28281250 0.54843750 0.02500000 0.02500000
2 0.36484375 0.33203125 0.01718750 0.01718750
2 0.42343750 0.12421875 0.01562500 0.01718750
2 0.30156250 0.38906250 0.02187500 0.01875000
2 0.30078125 0.47812500 0.02656250 0.03437500
2 0.37109375 0.37343750 0.01718750 0.03437500
2 0.43203125 0.13281250 0.02968750 0.03437500
2 0.38281250 0.34609375 0.01562500 0.03593750
2 0.38671875 0.22265625 0.02656250 0.02968750
2 0.41640625 0.43203125 0.02031250 0.03906250
2 0.34609375 0.40468750 0.02343750 0.02187500
2 0.91250000 0.98750000 0.02500000 0.01875000
2 0.35703125 0.52031250 0.01718750 0.01875000
2 0.41640625 0.42265625 0.01718750 0.02031250
2 0.38828125 0.37578125 0.02031250 0.03281250
2 0.34453125 0.30546875 0.01718750 0.03281250
2 0.99296875 0.36328125 0.01406250 0.02968750
2 0.36718750 0.44296875 0.02187500 0.03593750
2 0.38593750 0.44140625 0.03125000 0.03281250
2 0.38515625 0.11796875 0.01406250 0.01718750
2 0.71953125 0.59921875 0.01718750 0.01718750
1 0.25937500 0.99296875 0.10000000 0.01406250
1 0.66562500 0.00937500 0.03750000 0.01875000
1 0.15312500 0.35312500 0.09062500 0.08750000
1 0.54375000 0.25000000 0.03750000 0.09687500
1 0.73671875 0.73984375 0.09531250 0.04218750
1 0.60546875 0.10546875 0.03593750 0.09218750
1 0.54296875 0.01171875 0.03593750 0.02343750
1 0.04531250 0.89609375 0.09062500 0.04218750
1 0.96328125 0.51718750 0.07343750 0.08437500
1 0.11640625 0.95468750 0.09843750 0.04062500
1 0.60312500 0.00625000 0.03750000 0.01250000
1 0.54140625 0.12109375 0.04218750 0.10468750
1 0.72265625 0.17031250 0.03906250 0.09687500
1 0.17500000 0.89140625 0.10312500 0.04218750
1 0.21171875 0.08750000 0.04218750 0.10000000
1 0.05234375 0.42109375 0.10468750 0.04843750
1 0.71796875 0.04531250 0.04218750 0.09062500
1 0.97968750 0.16015625 0.04062500 0.10156250
1 0.20468750 0.00546875 0.03437500 0.01093750
1 0.49140625 0.98984375 0.09843750 0.02031250
1 0.60156250 0.25078125 0.04062500 0.09843750
1 0.58046875 0.92812500 0.10781250 0.04375000
1 0.66406250 0.22421875 0.04062500 0.10156250
1 0.66328125 0.08281250 0.03906250 0.09062500
1 0.18984375 0.20390625 0.05468750 0.10468750
