2 0.04062500 0.03281250 0.05000000 0.04687500
2 0.15156250 0.44843750 0.02500000 0.02187500
2 0.16796875 0.43828125 0.01406250 0.02031250
2 0.63750000 0.43750000 0.02812500 0.01875000
2 0.54218750 0.63750000 0.02187500 0.01562500
2 0.03203125 0.14843750 0.01406250 0.01875000
2 0.47265625 0.55468750 0.02343750 0.01250000
2 0.08203125 0.10468750 0.02031250 0.02187500
2 0.67421875 0.62187500 0.02656250 0.01562500
2 0.73046875 0.49609375 0.01718750 0.01718750
2 0.31015625 0.57265625 0.02031250 0.02031250
2 0.44140625 0.92421875 0.01718750 0.02343750
2 0.30468750 0.57343750 0.03125000 0.02187500
2 0.13437500 0.51328125 0.03125000 0.02031250
2 0.18046875 0.18203125 0.01718750 0.03281250
2 0.41250000 0.66328125 0.01875000 0.02031250
2 0.23281250 0.50546875 0.02187500 0.01718750
2 0.85937500 0.60000000 0.01250000 0.01875000
2 0.67343750 0.56953125 0.02187500 0.01406250
2 0.57109375 0.58593750 0.02343750 0.01875000
2 0.78046875 0.35546875 0.01718750 0.01718750
2 0.00468750 0.37265625 0.00937500 0.03593750
2 0.05468750 0.12578125 0.01875000 0.02343750
2 0.35546875 0.57421875 0.03281250 0.02343750
2 0.01718750 0.73828125 0.01250000 0.02968750
2 0.26796875 0.42421875 0.02031250 0.02656250
2 0.01875000 0.26484375 0.01562500 0.02343750
2 0.96328125 0.58828125 0.02656250 0.02031250
2 0.31640625 0.59140625 0.03281250 0.02968750
2 0.77656250 0.36015625 0.02500000 0.02656250
2 0.72500000 0.57109375 0.03125000 0.02031250
2 0.08984375 0.18671875 0.02031250 0.02656250
2 0.36015625 0.56953125 0.02031250 0.01406250
2 0.31093750 0.58359375 0.04375000 0.04218750
2 0.46406250 0.66875000 0.03437500 0.02812500
2 0.47421875 0.66796875 0.01718750 0.02656250
2 0.04062500 0.78359375 0.01875000 0.02031250
2 0.01875000 0.38203125 0.01562500 0.01406250
2 0.34140625 0.53359375 0.01718750 0.01718750
2 0.46953125 0.56093750 0.02968750 0.02187500
2 0.01875000 0.38281250 0.01562500 0.01562500
2 0.04296875 0.13828125 0.03593750 0.04218750
2 0.32343750 0.59453125 0.01875000 0.02343750
2 0.02890625 0.04062500 0.02031250 0.03125000
2 0.38984375 0.28359375 0.02343750 0.01718750
2 0.34140625 0.53671875 0.02656250 0.02343750
2 0.63906250 0.58046875 0.02500000 0.01406250
2 0.05703125 0.38671875 0.02656250 0.02343750
2 0.29296875 0.52109375 0.02656250 0.01718750
2 0.42734375 0.57265625 0.01718750 0.02343750
2 0.15703125 0.44453125 0.03281250 0.02968750
2 0.02656250 0.03906250 0.02187500 0.03125000
2 0.49140625 0.62578125 0.03593750 0.02031250
2 0.04921875 0.01796875 0.02968750 0.01718750
2 0.58593750 0.60078125 0.02187500 0.02031250
2 0.88281250 0.43515625 0.01875000 0.02031250
2 0.53281250 0.63828125 0.04062500 0.02031250
2 0.46171875 0.56328125 0.01718750 0.01718750
2 0.43281250 0.57343750 0.02812500 0.02500000
2 0.22031250 0.23984375 0.01250000 0.02656250
2 0.45546875 0.66718750 0.02343750 0.02187500
2 0.47031250 0.50546875 0.01562500 0.01406250
2 0.60468750 0.60234375 0.01562500 0.02031250
2 0.77031250 0.36484375 0.01250000 0.02031250
2 0.59375000 0.60156250 0.03750000 0.02187500
2 0.77031250 0.36171875 0.01250000 0.02343750
2 0.33203125 0.24453125 0.03281250 0.01718750
2 0.48906250 0.20234375 0.01875000 0.01718750
2 0.96562500 0.54843750 0.02500000 0.02500000
2 0.66796875 0.63359375 0.03593750 0.03593750
2 0.36250000 0.57421875 0.02187500 0.02343750
2 0.38281250 0.28281250 0.01250000 0.01562500
1 0.96953125 0.64765625 0.06093750 0.04218750
1 0.69609375 0.71171875 0.08593750 0.03593750
1 0.04296875 0.50703125 0.06718750 0.06718750
1 0.90703125 0.95312500 0.08593750 0.03750000
1 0.60234375 0.95000000 0.10156250 0.03750000
1 0.59765625 0.83125000 0.09531250 0.03750000
1 0.62109375 0.76953125 0.08906250 0.03906250
1 0.90390625 0.82656250 0.10468750 0.04375000
1 0.59375000 0.60078125 0.03750000 0.02343750
1 0.71328125 0.88750000 0.08593750 0.03750000
1 0.57265625 0.71562500 0.09531250 0.03750000
1 0.29921875 0.63906250 0.08593750 0.04375000
1 0.75859375 0.76562500 0.08281250 0.03750000
1 0.14687500 0.62109375 0.09062500 0.05468750
1 0.53203125 0.63984375 0.04218750 0.02031250
1 0.97812500 0.70625000 0.04375000 0.03437500
1 0.83750000 0.88828125 0.08750000 0.03593750
1 0.60078125 0.88984375 0.08593750 0.03593750
1 0.73828125 0.95234375 0.09531250 0.03593750
1 0.75859375 0.83281250 0.08281250 0.03437500
1 0.82890625 0.70859375 0.07343750 0.03593750
1 0.79687500 0.64921875 0.09375000 0.03906250
1 0.98593750 0.76562500 0.02812500 0.03437500
1 0.88437500 0.76328125 0.09062500 0.03906250
