1 0.91640625 0.22734375 0.10781250 0.04531250
1 0.09218750 0.17031250 0.08750000 0.03437500
1 0.80312500 0.86171875 0.04062500 0.09843750
1 0.50156250 0.16875000 0.09687500 0.03750000
1 0.74140625 0.98515625 0.03906250 0.02968750
1 0.15078125 0.03046875 0.10156250 0.04531250
1 0.46718750 0.05390625 0.09062500 0.04218750
1 0.01562500 0.35078125 0.03125000 0.03593750
1 0.01171875 0.16796875 0.02343750 0.03906250
1 0.86171875 0.90000000 0.04218750 0.10000000
1 0.80468750 0.07031250 0.08437500 0.04375000
1 0.86328125 0.76875000 0.03906250 0.10000000
1 0.74687500 0.90156250 0.04062500 0.10000000
1 0.22890625 0.29609375 0.10468750 0.03906250
1 0.80468750 0.97187500 0.04062500 0.05625000
1 0.80625000 0.71796875 0.03437500 0.08593750
1 0.57031250 0.00703125 0.10625000 0.01406250
1 0.22421875 0.17343750 0.10156250 0.04062500
1 0.16406250 0.23046875 0.10000000 0.03906250
1 0.04375000 0.29218750 0.08750000 0.04062500
1 0.85625000 0.98828125 0.03750000 0.02343750
1 0.62812500 0.14687500 0.10000000 0.05625000
1 0.74296875 0.76796875 0.03593750 0.07968750
1 0.36640625 0.38828125 0.10156250 0.06093750
1 0.31796875 0.97812500 0.03906250 0.04375000
0 0.55234375 0.31093750 0.25156250 0.06250000
2 0.38750000 0.52187500 0.01875000 0.01875000
2 0.30625000 0.55468750 0.02500000 0.03750000
2 0.33359375 0.60234375 0.01093750 0.02343750
