2 0.95625000 0.55000000 0.01562500 0.01875000
2 0.13828125 0.65937500 0.02656250 0.05000000
2 0.45234375 0.64375000 0.04843750 0.03437500
2 0.68437500 0.68593750 0.01562500 0.02187500
2 0.94453125 0.60468750 0.01718750 0.01562500
2 0.52578125 0.61875000 0.02968750 0.01562500
2 0.47500000 0.60781250 0.02500000 0.01250000
2 0.12734375 0.48593750 0.02968750 0.01562500
2 0.95078125 0.60390625 0.02968750 0.02031250
2 0.07500000 0.59843750 0.02187500 0.02187500
2 0.43984375 0.62031250 0.02343750 0.01562500
2 0.13750000 0.67031250 0.02500000 0.02812500
2 0.86562500 0.66171875 0.02500000 0.02343750
2 0.14375000 0.58828125 0.02187500 0.02343750
2 0.13515625 0.79843750 0.01718750 0.01875000
2 0.07734375 0.59843750 0.02656250 0.02187500
2 0.26796875 0.75781250 0.03593750 0.03750000
2 0.35234375 0.64921875 0.02343750 0.02656250
2 0.53671875 0.72265625 0.02968750 0.02031250
2 0.15937500 0.80937500 0.02500000 0.03125000
2 0.41406250 0.56015625 0.02812500 0.02031250
2 0.35000000 0.65546875 0.02187500 0.01718750
2 0.14296875 0.59765625 0.03281250 0.04218750
2 0.44140625 0.63515625 0.02343750 0.01718750
2 0.47656250 0.46875000 0.02812500 0.01250000
2 0.35390625 0.64609375 0.02656250 0.03593750
2 0.82578125 0.96953125 0.02343750 0.02031250
2 0.08828125 0.81718750 0.02031250 0.01875000
2 0.72343750 0.40703125 0.02187500 0.01093750
2 0.27656250 0.59375000 0.02187500 0.01875000
2 0.25937500 0.75468750 0.01875000 0.02812500
2 0.68906250 0.68593750 0.02812500 0.02500000
2 0.43906250 0.57812500 0.02500000 0.01875000
2 0.99375000 0.74375000 0.01250000 0.01250000
2 0.13828125 0.60703125 0.02656250 0.02656250
2 0.13984375 0.64296875 0.02343750 0.01718750
2 0.50625000 0.96250000 0.02187500 0.03750000
2 0.69921875 0.56875000 0.02656250 0.01562500
2 0.61796875 0.67109375 0.03281250 0.01718750
2 0.99296875 0.56250000 0.01406250 0.01562500
2 0.96015625 0.99375000 0.07968750 0.01250000
2 0.46015625 0.64687500 0.03281250 0.02812500
2 0.92890625 0.98906250 0.14218750 0.02187500
2 0.15703125 0.80156250 0.02031250 0.01875000
2 0.35625000 0.64140625 0.02187500 0.02656250
2 0.56953125 0.19453125 0.01406250 0.01406250
2 0.86562500 0.62968750 0.02500000 0.01875000
2 0.79765625 0.91171875 0.01406250 0.02968750
2 0.46953125 0.46875000 0.01406250 0.01250000
0 0.29453125 0.02734375 0.23281250 0.05468750
1 0.84765625 0.03203125 0.08281250 0.03593750
1 0.75937500 0.41875000 0.08125000 0.03750000
1 0.54687500 0.36250000 0.09375000 0.03750000
1 0.84218750 0.19843750 0.08750000 0.03750000
1 0.32343750 0.36484375 0.09062500 0.03593750
1 0.01796875 0.42734375 0.03593750 0.03906250
1 0.39765625 0.42500000 0.09843750 0.04062500
1 0.61328125 0.18984375 0.09843750 0.04531250
1 0.01718750 0.23984375 0.03437500 0.04531250
1 0.96250000 0.48046875 0.07500000 0.03593750
1 0.51250000 0.48437500 0.09375000 0.05000000
1 0.03046875 0.48671875 0.06093750 0.03593750
1 0.24687500 0.55625000 0.08437500 0.04687500
1 0.61796875 0.04140625 0.09843750 0.03906250
1 0.22578125 0.47421875 0.07968750 0.03593750
1 0.31171875 0.15703125 0.08281250 0.03593750
1 0.02890625 0.36718750 0.05781250 0.05000000
1 0.81406250 0.08984375 0.08125000 0.03906250
1 0.74765625 0.14531250 0.09218750 0.03437500
1 0.80312500 0.36718750 0.09375000 0.03750000
