1 0.95156250 0.74218750 0.09687500 0.03750000
1 0.08593750 0.56406250 0.04687500 0.02812500
1 0.90859375 0.98125000 0.08281250 0.03750000
1 0.02812500 0.90000000 0.05625000 0.03437500
1 0.19375000 0.56093750 0.06562500 0.02812500
1 0.89843750 0.86171875 0.09062500 0.04531250
1 0.58046875 0.73046875 0.10156250 0.03906250
1 0.00390625 0.95468750 0.00781250 0.03437500
1 0.77890625 0.97812500 0.09843750 0.03750000
1 0.05156250 0.65546875 0.05312500 0.02031250
1 0.96093750 0.79765625 0.07812500 0.03593750
1 0.37421875 0.72656250 0.09218750 0.03750000
1 0.29218750 0.90937500 0.08125000 0.04062500
1 0.37187500 0.85078125 0.08437500 0.03906250
1 0.19765625 0.78593750 0.09218750 0.04375000
1 0.10781250 0.84140625 0.09062500 0.03593750
1 0.93906250 0.63203125 0.02500000 0.01718750
1 0.98984375 0.98046875 0.02031250 0.03906250
1 0.61093750 0.85703125 0.09375000 0.04531250
1 0.45703125 0.79218750 0.09218750 0.04062500
1 0.71718750 0.79765625 0.10000000 0.03906250
1 0.14765625 0.96093750 0.08906250 0.03437500
1 0.49921875 0.97187500 0.09531250 0.03750000
1 0.71953125 0.66875000 0.10156250 0.04062500
1 0.76406250 0.73828125 0.08750000 0.03593750
