2 0.42421875 0.59140625 0.02656250 0.02031250
2 0.49218750 0.16328125 0.01562500 0.01718750
0 0.92656250 0.02500000 0.14687500 0.05000000
0 0.71953125 0.02968750 0.25156250 0.05625000
1 0.89843750 0.09375000 0.09687500 0.03750000
1 0.64843750 0.14921875 0.09375000 0.03593750
1 0.98671875 0.09218750 0.02656250 0.03750000
1 0.99531250 0.15156250 0.00937500 0.03437500
1 0.97421875 0.48906250 0.05156250 0.05312500
1 0.92812500 0.20781250 0.09062500 0.03437500
1 0.64296875 0.08984375 0.09218750 0.03593750
1 0.87578125 0.27500000 0.09843750 0.03750000
1 0.98437500 0.27265625 0.03125000 0.03593750
1 0.05546875 0.07656250 0.07968750 0.08125000
1 0.52578125 0.35000000 0.09531250 0.04687500
1 0.77031250 0.09296875 0.09062500 0.03906250
1 0.80468750 0.21171875 0.09062500 0.03593750
1 0.83984375 0.35078125 0.08906250 0.03593750
1 0.75000000 0.27265625 0.09375000 0.03906250
1 0.65781250 0.21406250 0.10000000 0.04687500
1 0.64218750 0.27109375 0.08750000 0.04218750
1 0.88125000 0.14921875 0.08437500 0.03593750
1 0.78046875 0.15390625 0.08593750 0.03593750
