1 0.54453125 0.12187500 0.03593750 0.09062500
1 0.96640625 0.83906250 0.06718750 0.03437500
1 0.07109375 0.76640625 0.08906250 0.03593750
1 0.29140625 0.80937500 0.07031250 0.03437500
1 0.54062500 0.24140625 0.03750000 0.09218750
1 0.48828125 0.24140625 0.03906250 0.10156250
1 0.00625000 0.90390625 0.01250000 0.03593750
1 0.97109375 0.72500000 0.05781250 0.03750000
1 0.42578125 0.83750000 0.08593750 0.03437500
1 0.13984375 0.82812500 0.09218750 0.03750000
1 0.28281250 0.50781250 0.08437500 0.07187500
1 0.27734375 0.75625000 0.08906250 0.03750000
1 0.00468750 0.95937500 0.00937500 0.03437500
1 0.60703125 0.09765625 0.03593750 0.08906250
1 0.52500000 0.78046875 0.09687500 0.03593750
1 0.98125000 0.66250000 0.03750000 0.04062500
1 0.60390625 0.01015625 0.04218750 0.02031250
1 0.61250000 0.86484375 0.09375000 0.03906250
1 0.49375000 0.11171875 0.03750000 0.09531250
1 0.54921875 0.01875000 0.03906250 0.03750000
1 0.59921875 0.21328125 0.03906250 0.09218750
1 0.26953125 0.59375000 0.07968750 0.05937500
1 0.81484375 0.78125000 0.08906250 0.03437500
1 0.49375000 0.02187500 0.03750000 0.04375000
0 0.73281250 0.66328125 0.23125000 0.05468750
0 0.08203125 0.68828125 0.16406250 0.06093750
0 0.46875000 0.70625000 0.23437500 0.05312500
2 0.45390625 0.56640625 0.03281250 0.02031250
2 0.76093750 0.16875000 0.02187500 0.01562500
2 0.01250000 0.56015625 0.02500000 0.02031250
2 0.02421875 0.57890625 0.02343750 0.02656250
2 0.03671875 0.60859375 0.02343750 0.02031250
2 0.20703125 0.38203125 0.01093750 0.01406250
2 0.19296875 0.56640625 0.01406250 0.01718750
2 0.07265625 0.46093750 0.02343750 0.02500000
2 0.31171875 0.43906250 0.02343750 0.01562500
2 0.51875000 0.57031250 0.02812500 0.01875000
2 0.33359375 0.39296875 0.02656250 0.01406250
2 0.22421875 0.44140625 0.02656250 0.02343750
