1 0.77734375 0.27109375 0.07968750 0.04531250
1 0.68046875 0.20703125 0.09218750 0.03593750
1 0.42343750 0.50234375 0.09687500 0.03593750
1 0.11640625 0.32265625 0.09218750 0.03593750
1 0.79921875 0.20781250 0.09843750 0.04062500
1 0.76015625 0.50703125 0.08906250 0.03593750
1 0.80000000 0.39296875 0.09062500 0.03593750
1 0.16796875 0.37734375 0.09218750 0.04218750
1 0.27421875 0.19296875 0.09531250 0.03906250
1 0.42812500 0.38359375 0.08125000 0.03593750
1 0.77031250 0.45078125 0.08437500 0.03593750
1 0.25390625 0.26093750 0.04218750 0.02187500
1 0.01250000 0.31796875 0.02500000 0.03906250
1 0.35078125 0.43984375 0.09218750 0.03906250
1 0.03906250 0.37421875 0.07812500 0.03593750
1 0.51093750 0.32656250 0.09062500 0.04062500
1 0.55781250 0.10156250 0.08750000 0.03750000
1 0.24609375 0.32421875 0.10468750 0.04531250
1 0.29453125 0.37890625 0.08593750 0.03906250
1 0.66406250 0.39218750 0.09062500 0.03437500
1 0.37968750 0.32578125 0.09375000 0.03593750
1 0.67343750 0.26718750 0.08125000 0.04062500
1 0.43515625 0.25937500 0.08906250 0.04062500
1 0.69062500 0.58671875 0.08125000 0.06718750
1 0.47656250 0.44531250 0.09375000 0.03750000
1 0.54218750 0.38984375 0.06250000 0.03593750
1 0.60390625 0.50468750 0.09531250 0.03437500
1 0.55156250 0.26953125 0.09375000 0.03593750
1 0.66015625 0.44218750 0.09843750 0.03750000
1 0.65234375 0.32578125 0.09218750 0.03593750
1 0.76562500 0.33281250 0.08750000 0.03750000
