1 0.94765625 0.01484375 0.10156250 0.02968750
1 0.68203125 0.02265625 0.10156250 0.03906250
1 0.41328125 0.58828125 0.04843750 0.01406250
1 0.04687500 0.04843750 0.09375000 0.04375000
1 0.90937500 0.21875000 0.10937500 0.04687500
1 0.10156250 0.10703125 0.10000000 0.04218750
1 0.16250000 0.00312500 0.04375000 0.00625000
1 0.48203125 0.58515625 0.03906250 0.01406250
1 0.68593750 0.56718750 0.09687500 0.05000000
1 0.16406250 0.03984375 0.09687500 0.03906250
1 0.04296875 0.00625000 0.08593750 0.01250000
1 0.54921875 0.58203125 0.04531250 0.01406250
1 0.61953125 0.58046875 0.03906250 0.01406250
1 0.29765625 0.03906250 0.10468750 0.04375000
1 0.42812500 0.02968750 0.09687500 0.04375000
1 0.45625000 0.09218750 0.10937500 0.05625000
1 0.56328125 0.03046875 0.10156250 0.04218750
1 0.82421875 0.02187500 0.09531250 0.04062500
1 0.22812500 0.10078125 0.11250000 0.04843750
