0 0.66171875 0.05312500 0.25156250 0.07187500
1 0.50000000 0.56015625 0.09375000 0.04531250
1 0.74296875 0.16484375 0.07656250 0.03593750
1 0.94765625 0.05546875 0.09843750 0.03906250
1 0.82500000 0.05468750 0.07500000 0.03750000
1 0.98671875 0.17343750 0.02656250 0.04062500
1 0.59218750 0.21562500 0.08750000 0.03750000
1 0.21250000 0.71640625 0.02500000 0.01718750
1 0.61328125 0.28203125 0.09843750 0.03906250
1 0.85156250 0.29062500 0.09687500 0.03750000
1 0.70546875 0.22031250 0.08593750 0.03437500
1 0.62187500 0.10703125 0.08750000 0.04218750
1 0.93203125 0.22890625 0.08281250 0.03281250
1 0.73046875 0.28671875 0.08593750 0.04531250
1 0.22343750 0.95390625 0.11875000 0.09218750
1 0.41875000 0.51250000 0.09062500 0.05312500
1 0.81875000 0.22890625 0.08125000 0.03593750
1 0.62578125 0.16250000 0.09531250 0.03750000
1 0.95859375 0.29140625 0.08281250 0.03906250
1 0.86250000 0.10781250 0.09375000 0.03750000
1 0.98046875 0.11562500 0.03906250 0.04375000
1 0.74375000 0.10625000 0.08437500 0.04375000
1 0.89921875 0.16484375 0.09531250 0.03906250
