0 0.90937500 0.01718750 0.18125000 0.03437500
0 0.82734375 0.19609375 0.26093750 0.05468750
0 0.25000000 0.02343750 0.24687500 0.04687500
1 0.46015625 0.48046875 0.08906250 0.03593750
1 0.83203125 0.01718750 0.02968750 0.03437500
1 0.58515625 0.19687500 0.09531250 0.03750000
1 0.92343750 0.13046875 0.09062500 0.03593750
1 0.66718750 0.07421875 0.09062500 0.03593750
1 0.51875000 0.07734375 0.10625000 0.03906250
1 0.03671875 0.09531250 0.07343750 0.03437500
1 0.96328125 0.25468750 0.07343750 0.03750000
1 0.86406250 0.25312500 0.09687500 0.04062500
1 0.33906250 0.14296875 0.08125000 0.03593750
1 0.34531250 0.26484375 0.09062500 0.03906250
1 0.64609375 0.01953125 0.09531250 0.03906250
1 0.23828125 0.26328125 0.08906250 0.04531250
1 0.75000000 0.13359375 0.08437500 0.03593750
1 0.22968750 0.08671875 0.09687500 0.03906250
1 0.17578125 0.14609375 0.08593750 0.03593750
1 0.13593750 0.20546875 0.09062500 0.03593750
1 0.47890625 0.26328125 0.09531250 0.03906250
1 0.97109375 0.06875000 0.05781250 0.04062500
1 0.61328125 0.25937500 0.09531250 0.03750000
1 0.52578125 0.13906250 0.09843750 0.03750000
1 0.73515625 0.25546875 0.09218750 0.03906250
1 0.86796875 0.07109375 0.09843750 0.03906250
1 0.31406250 0.20234375 0.09062500 0.03593750
1 0.99375000 0.18828125 0.01250000 0.03281250
