2 0.16875000 0.52500000 0.01562500 0.01562500
2 0.18437500 0.43125000 0.01562500 0.03125000
2 0.95703125 0.96015625 0.01406250 0.02343750
2 0.01093750 0.60390625 0.02187500 0.01718750
2 0.98125000 0.86640625 0.01250000 0.02031250
2 0.94296875 0.99218750 0.01406250 0.01562500
2 0.96796875 0.70234375 0.02656250 0.03593750
2 0.80390625 0.75390625 0.02031250 0.02031250
2 0.07890625 0.17109375 0.03281250 0.06093750
2 0.99375000 0.48203125 0.01250000 0.02968750
2 0.95937500 0.79687500 0.01562500 0.02187500
2 0.04765625 0.13125000 0.02031250 0.03750000
2 0.91562500 0.91015625 0.02187500 0.01406250
2 0.97656250 0.69453125 0.01250000 0.02343750
2 0.18671875 0.42890625 0.02343750 0.04218750
2 0.96015625 0.80390625 0.01718750 0.03906250
1 0.77109375 0.96875000 0.08906250 0.04062500
1 0.01171875 0.44453125 0.02343750 0.08593750
1 0.33437500 0.44296875 0.04375000 0.08906250
1 0.77031250 0.91406250 0.09062500 0.03750000
1 0.51640625 0.38593750 0.03906250 0.08125000
1 0.12968750 0.19843750 0.04062500 0.09062500
1 0.03437500 0.23125000 0.04062500 0.06562500
1 0.16484375 0.72187500 0.07968750 0.03437500
1 0.13906250 0.44687500 0.04687500 0.06875000
1 0.04921875 0.42656250 0.05468750 0.09375000
1 0.31796875 0.33515625 0.09218750 0.07031250
1 0.98281250 0.61718750 0.03437500 0.04687500
1 0.35859375 0.84609375 0.07968750 0.08281250
1 0.59531250 0.97421875 0.09062500 0.03593750
1 0.56718750 0.38984375 0.03750000 0.08906250
1 0.17109375 0.90625000 0.10156250 0.03750000
