2 0.34062500 0.55234375 0.03125000 0.02968750
2 0.40546875 0.38203125 0.01406250 0.01718750
2 0.41875000 0.43906250 0.01562500 0.04375000
2 0.72734375 0.84531250 0.03281250 0.03437500
2 0.32890625 0.46171875 0.03906250 0.02656250
2 0.37031250 0.10937500 0.01562500 0.03125000
2 0.30625000 0.48046875 0.03437500 0.03593750
2 0.36093750 0.52656250 0.02500000 0.01875000
2 0.25390625 0.53125000 0.02656250 0.01562500
2 0.34843750 0.40937500 0.02500000 0.02187500
2 0.30078125 0.39375000 0.02343750 0.01562500
2 0.29140625 0.55625000 0.03281250 0.04062500
2 0.34921875 0.36484375 0.01718750 0.02343750
2 0.36640625 0.34296875 0.01718750 0.03281250
2 0.41796875 0.42812500 0.01406250 0.02187500
2 0.37187500 0.45625000 0.01875000 0.02187500
2 0.34531250 0.32343750 0.01562500 0.04687500
2 0.71250000 0.51250000 0.02812500 0.02500000
2 0.26015625 0.52578125 0.03906250 0.02656250
2 0.41796875 0.45078125 0.01406250 0.02031250
2 0.99218750 0.36718750 0.01562500 0.03750000
2 0.37109375 0.44609375 0.02031250 0.04218750
2 0.34375000 0.54843750 0.01875000 0.02187500
2 0.61328125 0.88515625 0.02031250 0.01718750
2 0.51875000 0.54062500 0.01562500 0.01875000
2 0.43906250 0.14765625 0.01562500 0.02031250
2 0.28515625 0.55312500 0.02031250 0.02812500
2 0.72187500 0.60625000 0.02187500 0.01562500
1 0.54218750 0.12890625 0.04375000 0.10156250
1 0.66718750 0.01250000 0.03750000 0.02500000
1 0.66406250 0.08906250 0.03750000 0.09062500
1 0.47890625 0.49062500 0.04531250 0.09375000
1 0.54453125 0.25625000 0.03906250 0.09687500
1 0.80937500 0.91875000 0.09687500 0.04375000
1 0.54453125 0.02500000 0.03906250 0.05000000
1 0.20468750 0.00703125 0.03750000 0.01406250
1 0.04765625 0.90156250 0.09531250 0.04062500
1 0.18984375 0.21562500 0.04531250 0.09375000
1 0.95078125 0.51875000 0.08281250 0.09375000
1 0.49296875 0.70937500 0.09218750 0.04062500
1 0.46718750 0.99296875 0.09687500 0.01406250
1 0.48203125 0.12812500 0.03906250 0.10000000
1 0.13046875 0.76328125 0.09218750 0.04218750
1 0.72265625 0.17500000 0.03906250 0.09687500
1 0.60390625 0.01171875 0.03906250 0.02343750
1 0.15390625 0.36171875 0.08593750 0.07968750
1 0.17890625 0.89609375 0.10156250 0.04218750
1 0.60312500 0.25625000 0.04062500 0.10000000
1 0.29062500 0.99375000 0.08125000 0.01250000
1 0.21250000 0.09531250 0.04375000 0.10000000
1 0.05625000 0.42578125 0.10312500 0.04843750
1 0.71796875 0.04921875 0.03906250 0.09843750
1 0.95546875 0.98281250 0.08906250 0.03437500
1 0.97890625 0.16562500 0.04218750 0.10312500
1 0.65390625 0.98281250 0.10156250 0.03437500
1 0.60625000 0.11406250 0.03750000 0.09062500
1 0.57031250 0.76796875 0.10000000 0.03906250
1 0.66484375 0.23046875 0.03906250 0.10156250
1 0.22812500 0.95000000 0.10625000 0.04062500
