2 0.89609375 0.37031250 0.01093750 0.01562500
2 0.37812500 0.58750000 0.02500000 0.01875000
2 0.45546875 0.56562500 0.01718750 0.00937500
2 0.88828125 0.62109375 0.02656250 0.02343750
2 0.44843750 0.56406250 0.03125000 0.01250000
2 0.99453125 0.58515625 0.01093750 0.01718750
2 0.29296875 0.60937500 0.02968750 0.01562500
2 0.86250000 0.56406250 0.02500000 0.02187500
2 0.29921875 0.57968750 0.03906250 0.01562500
2 0.08593750 0.58046875 0.02812500 0.01093750
2 0.96640625 0.45546875 0.01718750 0.01718750
2 0.65156250 0.51953125 0.01875000 0.02031250
2 0.84218750 0.46406250 0.03125000 0.02187500
2 0.96250000 0.45156250 0.02500000 0.02500000
2 0.87734375 0.58281250 0.02031250 0.02187500
0 0.92656250 0.68750000 0.14687500 0.05937500
0 0.22421875 0.41015625 0.06406250 0.12343750
0 0.17656250 0.17656250 0.04687500 0.09062500
1 0.70546875 0.60937500 0.08593750 0.05000000
1 0.50546875 0.96093750 0.09531250 0.03750000
1 0.01015625 0.42968750 0.02031250 0.08437500
1 0.06953125 0.67500000 0.09531250 0.03750000
1 0.85390625 0.83515625 0.08281250 0.03281250
1 0.61875000 0.68125000 0.08750000 0.03750000
1 0.54218750 0.89375000 0.08437500 0.03750000
1 0.81875000 0.77500000 0.08750000 0.03750000
1 0.65546875 0.90312500 0.07968750 0.03125000
1 0.10546875 0.79140625 0.09218750 0.03906250
1 0.34375000 0.80859375 0.09062500 0.03593750
1 0.38281250 0.68281250 0.08750000 0.03437500
1 0.41953125 0.75078125 0.10468750 0.04218750
1 0.04687500 0.41171875 0.05937500 0.09218750
1 0.76875000 0.95859375 0.08125000 0.04218750
1 0.13671875 0.43359375 0.04843750 0.07031250
1 0.07187500 0.99531250 0.09062500 0.00937500
1 0.64296875 0.74843750 0.09218750 0.03750000
1 0.33437500 0.42890625 0.04687500 0.09218750
1 0.99140625 0.76718750 0.01718750 0.03437500
1 0.76796875 0.90390625 0.08593750 0.03593750
1 0.58750000 0.82031250 0.10000000 0.04375000
1 0.12890625 0.18437500 0.03906250 0.08750000
1 0.03359375 0.21484375 0.04218750 0.07031250
1 0.66171875 0.96562500 0.09218750 0.03750000
1 0.58593750 0.60312500 0.09687500 0.06562500
1 0.56640625 0.37968750 0.03906250 0.09062500
