1 0.94531250 0.10234375 0.10625000 0.03906250
1 0.65937500 0.04296875 0.08437500 0.03906250
1 0.03359375 0.09531250 0.06718750 0.03437500
1 0.45000000 0.10156250 0.10000000 0.04062500
1 0.90546875 0.03828125 0.10468750 0.03906250
1 0.15625000 0.00625000 0.08750000 0.01250000
1 0.03046875 0.15546875 0.06093750 0.03593750
1 0.22500000 0.21953125 0.09687500 0.04218750
1 0.55312500 0.16562500 0.10000000 0.03750000
1 0.13281250 0.04687500 0.08750000 0.03437500
1 0.02187500 0.27734375 0.04375000 0.03593750
1 0.74687500 0.36250000 0.09062500 0.05000000
1 0.00468750 0.04218750 0.00937500 0.03125000
1 0.90546875 0.28515625 0.07968750 0.03906250
1 0.20390625 0.38593750 0.09531250 0.05000000
1 0.51796875 0.38125000 0.09218750 0.03750000
1 0.32031250 0.04531250 0.09375000 0.04062500
1 0.29609375 0.28281250 0.10781250 0.04062500
1 0.45156250 0.00703125 0.08125000 0.01406250
1 0.19765625 0.28125000 0.08593750 0.03750000
1 0.76406250 0.28281250 0.09687500 0.04375000
1 0.21640625 0.10312500 0.09218750 0.03750000
1 0.54687500 0.27890625 0.08437500 0.03593750
1 0.85781250 0.16250000 0.09687500 0.03437500
1 0.67343750 0.10781250 0.10000000 0.04062500
1 0.65078125 0.28671875 0.09843750 0.03593750
1 0.77890625 0.46875000 0.08906250 0.03750000
1 0.42500000 0.27812500 0.09687500 0.04375000
1 0.48125000 0.05000000 0.08750000 0.03750000
1 0.15390625 0.45625000 0.08281250 0.03750000
1 0.97812500 0.27890625 0.04375000 0.03281250
