1 0.63750000 0.78671875 0.09687500 0.04843750
1 0.47187500 0.71015625 0.08125000 0.03906250
1 0.97265625 0.35625000 0.05468750 0.06250000
1 0.89453125 0.94296875 0.10468750 0.04531250
1 0.90468750 0.77187500 0.10000000 0.04375000
1 0.04140625 0.89687500 0.08281250 0.04062500
1 0.31171875 0.89453125 0.09531250 0.03906250
1 0.39296875 0.95078125 0.09843750 0.03906250
1 0.44140625 0.88828125 0.10156250 0.03906250
1 0.38125000 0.41015625 0.04062500 0.08593750
1 0.88984375 0.41171875 0.10156250 0.04843750
1 0.03281250 0.95625000 0.06562500 0.03750000
1 0.75625000 0.94375000 0.09375000 0.04062500
1 0.97656250 0.88437500 0.04687500 0.03750000
1 0.64453125 0.94765625 0.08281250 0.04218750
1 0.13359375 0.96015625 0.10156250 0.03906250
1 0.25781250 0.95703125 0.09687500 0.03593750
1 0.79296875 0.98984375 0.09531250 0.02031250
1 0.74062500 0.88750000 0.10000000 0.03750000
1 0.31093750 0.42734375 0.04375000 0.09218750
1 0.42890625 0.99453125 0.09531250 0.01093750
1 0.18203125 0.89843750 0.10156250 0.03750000
1 0.09296875 0.99609375 0.17968750 0.00781250
1 0.59843750 0.88984375 0.10000000 0.03906250
1 0.87265625 0.88593750 0.09531250 0.04062500
1 0.52656250 0.94765625 0.10312500 0.04218750
1 0.02578125 0.43750000 0.05156250 0.06250000
1 0.54765625 0.99296875 0.09531250 0.01406250
1 0.90468750 0.65546875 0.10625000 0.03906250
