1 0.23828125 0.99453125 0.09218750 0.01093750
1 0.44843750 0.70000000 0.09687500 0.04062500
1 0.66406250 0.08437500 0.03750000 0.09062500
1 0.39843750 0.99218750 0.09375000 0.01562500
1 0.66718750 0.01015625 0.03750000 0.02031250
1 0.69921875 0.75937500 0.09843750 0.04375000
1 0.54453125 0.25234375 0.03906250 0.09531250
1 0.83359375 0.97656250 0.10156250 0.04687500
1 0.05546875 0.42265625 0.10468750 0.05156250
1 0.54375000 0.01250000 0.03750000 0.02500000
1 0.21250000 0.08828125 0.04062500 0.10156250
1 0.04765625 0.89687500 0.09531250 0.04062500
1 0.95859375 0.52109375 0.08281250 0.07968750
1 0.88984375 0.29921875 0.04843750 0.09843750
1 0.62265625 0.92734375 0.09843750 0.04218750
1 0.19140625 0.20625000 0.05156250 0.10937500
1 0.60468750 0.00703125 0.03750000 0.01406250
1 0.15859375 0.74843750 0.09218750 0.04375000
1 0.54296875 0.12343750 0.04218750 0.10312500
1 0.72421875 0.17109375 0.03906250 0.09843750
1 0.17812500 0.89218750 0.10312500 0.04062500
1 0.71796875 0.04765625 0.03906250 0.09531250
1 0.98046875 0.16171875 0.03906250 0.10156250
1 0.60312500 0.25312500 0.04062500 0.10000000
1 0.59609375 0.98437500 0.10781250 0.03125000
1 0.60703125 0.10937500 0.03593750 0.09375000
1 0.66562500 0.22578125 0.04062500 0.10156250
1 0.15703125 0.35546875 0.09218750 0.08593750
1 0.14218750 0.95000000 0.10625000 0.04375000
1 0.48906250 0.00625000 0.03750000 0.01250000
2 0.85078125 0.23125000 0.01093750 0.01250000
2 0.34843750 0.54531250 0.02500000 0.02187500
2 0.34531250 0.54765625 0.03437500 0.02656250
2 0.41875000 0.43281250 0.01562500 0.03750000
2 0.37968750 0.30625000 0.01562500 0.05000000
2 0.52890625 0.49375000 0.02031250 0.02812500
2 0.09296875 0.51875000 0.01093750 0.01250000
2 0.32968750 0.45546875 0.04062500 0.02968750
2 0.35937500 0.52187500 0.02187500 0.01562500
2 0.28984375 0.38203125 0.01718750 0.01718750
2 0.34765625 0.40625000 0.02343750 0.02500000
2 0.72578125 0.84296875 0.03281250 0.03281250
2 0.40000000 0.36953125 0.02812500 0.03593750
2 0.36484375 0.52968750 0.03281250 0.03125000
2 0.28593750 0.54921875 0.02500000 0.02656250
2 0.36562500 0.33125000 0.01562500 0.01562500
2 0.29921875 0.38828125 0.03281250 0.02968750
2 0.37187500 0.45390625 0.01562500 0.02031250
2 0.52500000 0.51093750 0.02500000 0.06250000
2 0.44062500 0.13906250 0.02812500 0.02812500
2 0.26953125 0.52109375 0.02968750 0.01718750
2 0.32031250 0.45625000 0.02500000 0.02812500
2 0.26093750 0.52421875 0.04375000 0.02343750
2 0.51875000 0.53359375 0.01562500 0.02031250
2 0.99218750 0.36953125 0.01562500 0.04218750
2 0.37109375 0.44531250 0.01718750 0.03750000
2 0.34453125 0.31406250 0.01718750 0.03437500
2 0.60703125 0.88125000 0.02968750 0.01250000
2 0.30703125 0.47890625 0.03281250 0.02968750
2 0.43984375 0.14296875 0.02031250 0.02031250
2 0.26953125 0.53750000 0.06093750 0.05000000
