1 0.30078125 0.96015625 0.10468750 0.03906250
1 0.42890625 0.95546875 0.09218750 0.04843750
1 0.68828125 0.77968750 0.09531250 0.04062500
1 0.93984375 0.95781250 0.09531250 0.04375000
1 0.93828125 0.77656250 0.09843750 0.03750000
1 0.20859375 0.83515625 0.08906250 0.03593750
1 0.32031250 0.77968750 0.08437500 0.03750000
1 0.55312500 0.77578125 0.09375000 0.03906250
1 0.20156250 0.72265625 0.09375000 0.03906250
1 0.96328125 0.83593750 0.07343750 0.03437500
1 0.34062500 0.89453125 0.09062500 0.03593750
1 0.33750000 0.83750000 0.08750000 0.03437500
1 0.20156250 0.96093750 0.09062500 0.03750000
1 0.42812500 0.77500000 0.07812500 0.03437500
1 0.21328125 0.77656250 0.07968750 0.03437500
1 0.11093750 0.59453125 0.03437500 0.03906250
1 0.99453125 0.91875000 0.01093750 0.03437500
1 0.59140625 0.83750000 0.10781250 0.03750000
1 0.75078125 0.71875000 0.09843750 0.03750000
1 0.96718750 0.72109375 0.06562500 0.03593750
1 0.86015625 0.83671875 0.10468750 0.03593750
1 0.61796875 0.89609375 0.10781250 0.03906250
1 0.67968750 0.96250000 0.10000000 0.04062500
1 0.35078125 0.65546875 0.09218750 0.03593750
1 0.46796875 0.89453125 0.08906250 0.03906250
1 0.46250000 0.83593750 0.09375000 0.03437500
1 0.17421875 0.60703125 0.06718750 0.02031250
1 0.46718750 0.71796875 0.09062500 0.03906250
1 0.72187500 0.83671875 0.09375000 0.03906250
1 0.60312500 0.71250000 0.09062500 0.03750000
1 0.19765625 0.89296875 0.09531250 0.03593750
1 0.86562500 0.72265625 0.08750000 0.03281250
1 0.55078125 0.95546875 0.08281250 0.03593750
1 0.35468750 0.71406250 0.09375000 0.04062500
1 0.80546875 0.77656250 0.08281250 0.03750000
