1 0.90078125 0.27968750 0.09218750 0.04062500
1 0.60234375 0.12656250 0.08906250 0.03750000
1 0.04140625 0.11328125 0.08281250 0.03906250
1 0.00937500 0.27031250 0.01875000 0.03750000
1 0.18828125 0.00546875 0.08906250 0.01093750
1 0.01718750 0.43671875 0.03437500 0.04531250
1 0.87578125 0.47109375 0.09218750 0.03906250
1 0.20546875 0.09453125 0.07968750 0.03906250
1 0.05546875 0.03750000 0.08906250 0.05000000
1 0.92187500 0.41640625 0.08750000 0.03593750
1 0.69609375 0.07031250 0.08906250 0.05312500
1 0.91953125 0.35937500 0.08906250 0.03437500
1 0.38593750 0.74531250 0.05312500 0.08437500
1 0.07187500 0.50859375 0.09062500 0.03906250
1 0.26406250 0.55781250 0.08750000 0.06250000
1 0.34140625 0.39687500 0.08593750 0.03750000
1 0.33906250 0.14609375 0.09062500 0.03906250
1 0.58359375 0.01093750 0.09218750 0.02187500
1 0.14843750 0.33203125 0.09375000 0.04218750
1 0.62812500 0.26718750 0.09062500 0.04062500
1 0.03593750 0.20390625 0.07187500 0.03906250
1 0.98437500 0.59062500 0.03125000 0.04375000
1 0.66093750 0.34375000 0.09375000 0.03750000
1 0.50546875 0.40625000 0.09843750 0.03750000
1 0.37031250 0.07109375 0.07500000 0.03906250
1 0.98281250 0.28281250 0.03437500 0.03750000
1 0.47421875 0.16796875 0.08281250 0.03906250
1 0.34843750 0.01406250 0.09375000 0.02812500
1 0.51875000 0.05703125 0.08750000 0.04531250
1 0.76015625 0.27734375 0.08906250 0.03906250
2 0.25937500 0.66406250 0.01875000 0.02500000
2 0.20781250 0.62265625 0.01875000 0.02343750
2 0.10703125 0.61718750 0.01718750 0.02187500
2 0.18906250 0.60000000 0.01875000 0.02500000
2 0.06796875 0.54453125 0.01718750 0.02031250
2 0.14140625 0.77265625 0.02656250 0.02968750
2 0.17031250 0.60000000 0.02187500 0.02500000
2 0.11484375 0.62734375 0.02968750 0.03906250
2 0.12031250 0.63984375 0.01875000 0.01718750
2 0.11875000 0.62031250 0.01562500 0.02187500
2 0.23515625 0.63203125 0.02031250 0.03281250
2 0.26406250 0.73125000 0.04062500 0.03750000
