1 0.43046875 0.95156250 0.08593750 0.04375000
1 0.02734375 0.21484375 0.04218750 0.06718750
1 0.79531250 0.90234375 0.09687500 0.04218750
1 0.00703125 0.42734375 0.01406250 0.08281250
1 0.36953125 0.81406250 0.06406250 0.08750000
1 0.77656250 0.96718750 0.10312500 0.04375000
1 0.12265625 0.18437500 0.04531250 0.09062500
1 0.54765625 0.96250000 0.09218750 0.03437500
1 0.13203125 0.43281250 0.04218750 0.07187500
1 0.03906250 0.41093750 0.05937500 0.09375000
1 0.37656250 0.31484375 0.07187500 0.08906250
1 0.62421875 0.89843750 0.09531250 0.03437500
1 0.66953125 0.96484375 0.08281250 0.03906250
1 0.56015625 0.38125000 0.03906250 0.09062500
