1 0.91250000 0.07343750 0.10000000 0.04062500
1 0.08750000 0.10156250 0.10000000 0.04375000
1 0.41250000 0.02812500 0.02812500 0.03750000
1 0.58906250 0.19921875 0.10937500 0.04218750
1 0.79921875 0.07421875 0.09843750 0.03906250
1 0.66562500 0.08203125 0.10625000 0.04218750
1 0.28906250 0.26171875 0.09687500 0.04218750
1 0.09765625 0.00546875 0.08593750 0.01093750
1 0.00625000 0.26640625 0.01250000 0.03906250
1 0.35078125 0.03203125 0.05468750 0.04531250
1 0.69140625 0.56484375 0.09218750 0.04843750
1 0.34921875 0.09218750 0.10156250 0.04062500
1 0.22031250 0.09609375 0.10312500 0.04218750
1 0.09531250 0.21484375 0.10000000 0.03906250
1 0.37421875 0.03046875 0.10156250 0.04843750
1 0.99375000 0.06250000 0.01250000 0.04062500
1 0.63203125 0.30468750 0.11093750 0.04687500
1 0.51640625 0.08203125 0.10781250 0.04531250
1 0.81796875 0.21953125 0.11093750 0.04843750
