2 0.42421875 0.60703125 0.02031250 0.05468750
2 0.00781250 0.57265625 0.01562500 0.02343750
2 0.07031250 0.56328125 0.03437500 0.02031250
2 0.25546875 0.60859375 0.03593750 0.02343750
2 0.17500000 0.63281250 0.04375000 0.02187500
2 0.68750000 0.49765625 0.01875000 0.04218750
2 0.14296875 0.60937500 0.01718750 0.01875000
2 0.04140625 0.92890625 0.01406250 0.01093750
2 0.42656250 0.60078125 0.02812500 0.07031250
2 0.70000000 0.48750000 0.01562500 0.03750000
2 0.13125000 0.60859375 0.04062500 0.02031250
1 0.35468750 0.89375000 0.09062500 0.03750000
1 0.46796875 0.71718750 0.09218750 0.04062500
1 0.91953125 0.95703125 0.09218750 0.03906250
1 0.18359375 0.55390625 0.07343750 0.02656250
1 0.94062500 0.77578125 0.10000000 0.03906250
1 0.33984375 0.83750000 0.08906250 0.03437500
1 0.21093750 0.83437500 0.08750000 0.03437500
1 0.55546875 0.77578125 0.09531250 0.03906250
1 0.81718750 0.95781250 0.10000000 0.04062500
1 0.32656250 0.95781250 0.09375000 0.03750000
1 0.46484375 0.83593750 0.09531250 0.03750000
1 0.96953125 0.83671875 0.06093750 0.03906250
1 0.19921875 0.89296875 0.09531250 0.03593750
1 0.42968750 0.77500000 0.07812500 0.03750000
1 0.17421875 0.63359375 0.04531250 0.02343750
1 0.21484375 0.77578125 0.07968750 0.03593750
1 0.19765625 0.95546875 0.09531250 0.03593750
1 0.07187500 0.56328125 0.04062500 0.02343750
1 0.98750000 0.96093750 0.02500000 0.03437500
1 0.75312500 0.71875000 0.10000000 0.03750000
1 0.69218750 0.77890625 0.09375000 0.03906250
1 0.35625000 0.71406250 0.09375000 0.04062500
1 0.98359375 0.71953125 0.03281250 0.03593750
1 0.70703125 0.95781250 0.09531250 0.03750000
1 0.45625000 0.96093750 0.08437500 0.03750000
1 0.57968750 0.95703125 0.09687500 0.03906250
1 0.60234375 0.71171875 0.09218750 0.03906250
1 0.86328125 0.72265625 0.08906250 0.03281250
1 0.32187500 0.77812500 0.08437500 0.04062500
1 0.80781250 0.77578125 0.08125000 0.03593750
