2 0.17031250 0.63671875 0.02500000 0.02031250
2 0.27890625 0.61484375 0.03281250 0.02968750
2 0.53281250 0.38671875 0.00937500 0.02031250
2 0.06562500 0.39375000 0.01250000 0.00937500
2 0.65703125 0.28203125 0.01093750 0.01406250
2 0.80937500 0.60625000 0.02500000 0.03125000
2 0.04062500 0.55859375 0.03125000 0.02031250
2 0.28750000 0.59609375 0.02812500 0.02656250
2 0.16562500 0.45234375 0.01875000 0.01718750
2 0.46875000 0.43203125 0.01250000 0.02343750
2 0.32812500 0.41484375 0.03125000 0.02343750
2 0.89453125 0.58437500 0.03593750 0.01875000
2 0.84375000 0.03750000 0.01562500 0.02812500
2 0.08593750 0.38984375 0.00937500 0.01093750
2 0.28515625 0.59765625 0.02343750 0.02656250
2 0.50000000 0.61796875 0.02187500 0.01718750
2 0.16953125 0.64140625 0.03593750 0.02968750
2 0.28203125 0.60625000 0.03906250 0.04687500
2 0.80078125 0.60703125 0.04218750 0.03281250
2 0.33437500 0.41718750 0.01562500 0.01875000
2 0.00781250 0.59453125 0.01562500 0.01718750
2 0.20625000 0.38203125 0.00937500 0.01406250
2 0.32031250 0.41406250 0.01875000 0.02187500
2 0.20156250 0.61640625 0.02187500 0.02656250
2 0.59765625 0.41250000 0.01406250 0.01875000
2 0.89687500 0.58203125 0.02187500 0.01406250
2 0.22890625 0.38515625 0.02031250 0.01718750
2 0.36328125 0.31718750 0.01406250 0.01562500
2 0.47109375 0.56875000 0.01718750 0.01250000
2 0.04375000 0.62734375 0.03750000 0.02343750
2 0.83125000 0.38906250 0.01875000 0.02187500
2 0.09453125 0.36953125 0.01093750 0.01406250
2 0.47968750 0.57656250 0.03437500 0.02812500
2 0.96484375 0.44453125 0.03281250 0.01718750
2 0.83203125 0.38359375 0.01718750 0.01406250
2 0.62265625 0.57343750 0.02968750 0.02187500
2 0.50625000 0.42187500 0.01250000 0.02187500
2 0.87343750 0.02031250 0.02812500 0.01562500
2 0.32656250 0.13359375 0.02187500 0.05781250
2 0.47343750 0.57031250 0.02187500 0.01562500
2 0.56796875 0.38984375 0.01406250 0.02343750
2 0.53359375 0.39140625 0.01093750 0.02656250
2 0.86406250 0.14375000 0.01875000 0.03750000
2 0.33437500 0.14843750 0.01250000 0.02812500
2 0.20703125 0.33828125 0.02343750 0.01718750
2 0.78593750 0.57187500 0.02812500 0.01875000
2 0.27734375 0.60937500 0.03281250 0.01875000
2 0.34687500 0.15234375 0.01875000 0.04843750
1 0.48828125 0.24062500 0.03906250 0.10000000
1 0.60156250 0.01171875 0.04375000 0.02343750
1 0.71406250 0.76875000 0.09062500 0.03750000
1 0.89921875 0.88281250 0.08593750 0.03750000
1 0.00625000 0.70468750 0.01250000 0.03125000
1 0.45859375 0.70546875 0.08281250 0.03593750
1 0.54062500 0.24375000 0.04062500 0.09062500
1 0.00625000 0.90625000 0.01250000 0.03750000
1 0.43515625 0.22031250 0.03906250 0.09062500
1 0.88203125 0.78828125 0.08281250 0.03906250
1 0.09453125 0.83750000 0.09218750 0.03750000
1 0.54453125 0.12265625 0.03593750 0.08906250
1 0.42656250 0.43203125 0.04375000 0.08593750
1 0.22265625 0.54140625 0.09531250 0.05781250
1 0.28671875 0.68984375 0.09218750 0.03906250
1 0.03750000 0.75468750 0.07500000 0.03750000
1 0.00468750 0.96171875 0.00937500 0.03593750
1 0.60703125 0.09765625 0.03593750 0.08906250
1 0.70000000 0.83281250 0.09375000 0.03750000
1 0.52578125 0.76328125 0.09843750 0.04218750
1 0.41015625 0.81562500 0.08593750 0.03437500
1 0.53515625 0.86250000 0.08906250 0.03750000
1 0.49375000 0.11171875 0.03750000 0.09531250
1 0.54843750 0.01953125 0.03750000 0.03906250
1 0.60000000 0.21406250 0.04375000 0.09375000
1 0.62343750 0.70546875 0.08750000 0.03593750
1 0.49453125 0.02109375 0.03593750 0.04218750
