1 0.94843750 0.36250000 0.09062500 0.08750000
1 0.00703125 0.80546875 0.01406250 0.03593750
1 0.37656250 0.91484375 0.10000000 0.04218750
1 0.48906250 0.91250000 0.09687500 0.04687500
1 0.87734375 0.89453125 0.09531250 0.03906250
1 0.52265625 0.82187500 0.09218750 0.04062500
1 0.04140625 0.98203125 0.08281250 0.03593750
1 0.73203125 0.95937500 0.09531250 0.03750000
1 0.31171875 0.97890625 0.09531250 0.04218750
1 0.10390625 0.92031250 0.10468750 0.04062500
1 0.42734375 0.77968750 0.09531250 0.03750000
1 0.83906250 0.71093750 0.10625000 0.04375000
1 0.91562500 0.95234375 0.10000000 0.03906250
1 0.13984375 0.70078125 0.08906250 0.03906250
1 0.84843750 0.42578125 0.10312500 0.04843750
1 0.61718750 0.90625000 0.09062500 0.03750000
1 0.25078125 0.52109375 0.07031250 0.10468750
1 0.44921875 0.97031250 0.09843750 0.04062500
1 0.60078125 0.96640625 0.09531250 0.03906250
1 0.73828125 0.90156250 0.08593750 0.04062500
1 0.17031250 0.97890625 0.10312500 0.04218750
1 0.21171875 0.76953125 0.09843750 0.03906250
1 0.97578125 0.89140625 0.04843750 0.03906250
