2 0.32812500 0.56250000 0.02500000 0.04687500
2 0.37421875 0.53671875 0.02343750 0.02968750
2 0.41328125 0.56796875 0.01718750 0.01718750
2 0.43203125 0.51640625 0.02343750 0.04218750
0 0.96171875 0.51640625 0.07656250 0.25156250
0 0.22734375 0.02500000 0.13593750 0.05000000
0 0.15546875 0.46171875 0.31093750 0.09843750
0 0.28515625 0.02500000 0.25156250 0.05000000
0 0.35468750 0.02265625 0.11250000 0.04531250
1 0.89375000 0.26640625 0.10000000 0.04218750
1 0.06328125 0.19531250 0.09843750 0.04062500
1 0.91562500 0.19921875 0.10625000 0.03906250
1 0.83750000 0.80156250 0.04062500 0.09375000
1 0.01171875 0.25546875 0.02343750 0.04218750
1 0.39531250 0.40937500 0.09687500 0.05937500
1 0.34062500 0.09609375 0.09375000 0.04218750
1 0.89296875 0.82890625 0.03906250 0.09218750
1 0.95000000 0.80859375 0.04375000 0.10156250
1 0.35859375 0.98671875 0.04218750 0.02656250
1 0.58750000 0.75781250 0.05000000 0.08437500
1 0.88984375 0.70703125 0.04218750 0.09843750
1 0.78125000 0.92421875 0.04062500 0.10468750
1 0.35546875 0.90000000 0.03906250 0.09687500
1 0.84453125 0.96406250 0.03906250 0.07187500
1 0.34296875 0.30781250 0.10781250 0.04062500
1 0.83359375 0.68125000 0.03593750 0.09062500
1 0.89843750 0.95078125 0.04062500 0.08593750
1 0.19609375 0.19218750 0.10468750 0.04062500
1 0.42890625 0.91953125 0.03593750 0.08593750
1 0.20390625 0.24843750 0.08906250 0.03750000
1 0.06406250 0.31015625 0.09687500 0.04218750
1 0.77890625 0.77421875 0.04218750 0.09218750
1 0.41953125 0.23593750 0.10156250 0.04062500
1 0.56718750 0.29296875 0.09687500 0.04531250
