1 0.33515625 0.86406250 0.08906250 0.07812500
1 0.76718750 0.91171875 0.08437500 0.03593750
1 0.00937500 0.43671875 0.01875000 0.08906250
1 0.52890625 0.64296875 0.07968750 0.03906250
1 0.12265625 0.19375000 0.04218750 0.08750000
1 0.45078125 0.73906250 0.09843750 0.04375000
1 0.65312500 0.90859375 0.07812500 0.03281250
1 0.19375000 0.90468750 0.08750000 0.03437500
1 0.02812500 0.22578125 0.04062500 0.06718750
1 0.76718750 0.96796875 0.09062500 0.03906250
1 0.32968750 0.43750000 0.04375000 0.09375000
1 0.22187500 0.73281250 0.09062500 0.03750000
1 0.13359375 0.43984375 0.04531250 0.07343750
1 0.04453125 0.42031250 0.05468750 0.09375000
1 0.94609375 0.69375000 0.09531250 0.06250000
1 0.56093750 0.38750000 0.03750000 0.09062500
1 0.62890625 0.97265625 0.09218750 0.03906250
1 0.26562500 0.62265625 0.09687500 0.03906250
1 0.78828125 0.73203125 0.09218750 0.03593750
2 0.98828125 0.48046875 0.02343750 0.01718750
2 0.99687500 0.49453125 0.00625000 0.01093750
2 0.41250000 0.51875000 0.02500000 0.01562500
2 0.67812500 0.56328125 0.01875000 0.02343750
2 0.63593750 0.44375000 0.01875000 0.01562500
2 0.26562500 0.95546875 0.00937500 0.01406250
