1 0.01718750 0.24687500 0.03437500 0.06875000
1 0.87656250 0.64687500 0.08437500 0.04687500
1 0.12265625 0.46328125 0.04531250 0.07031250
1 0.77656250 0.98359375 0.09687500 0.03281250
1 0.10937500 0.21328125 0.04062500 0.08906250
1 0.03281250 0.44296875 0.05312500 0.09218750
1 0.15312500 0.92421875 0.09375000 0.04531250
1 0.31718750 0.45546875 0.04375000 0.08906250
1 0.02734375 0.73125000 0.05468750 0.03437500
1 0.02578125 0.92343750 0.05156250 0.03750000
1 0.55156250 0.40078125 0.04062500 0.09218750
1 0.63281250 0.97890625 0.08750000 0.04218750
1 0.30312500 0.92656250 0.09062500 0.04687500
1 0.38828125 0.78828125 0.04843750 0.08906250
1 0.66484375 0.97890625 0.02343750 0.04218750
1 0.61093750 0.97968750 0.04687500 0.04062500
2 0.93750000 0.90468750 0.01875000 0.01562500
2 0.85312500 0.83984375 0.02187500 0.02343750
