1 0.30625000 0.96171875 0.09062500 0.03281250
1 0.55234375 0.95625000 0.08281250 0.03437500
1 0.43125000 0.95703125 0.09062500 0.04531250
1 0.15781250 0.66171875 0.09062500 0.03593750
1 0.68984375 0.78125000 0.09531250 0.03750000
1 0.96171875 0.65156250 0.07656250 0.03750000
1 0.80703125 0.77578125 0.08281250 0.03593750
1 0.97734375 0.93281250 0.04531250 0.04062500
1 0.20937500 0.83515625 0.08750000 0.03593750
1 0.46406250 0.83750000 0.09375000 0.03750000
1 0.55390625 0.77656250 0.09531250 0.03750000
1 0.18359375 0.60703125 0.04531250 0.02031250
1 0.01250000 0.60234375 0.02500000 0.02031250
1 0.93984375 0.77656250 0.09843750 0.03750000
1 0.20078125 0.96328125 0.08906250 0.03906250
1 0.35390625 0.71406250 0.09218750 0.04062500
1 0.34140625 0.89609375 0.09218750 0.03593750
1 0.46875000 0.71718750 0.09062500 0.04062500
1 0.42968750 0.77734375 0.07812500 0.03906250
1 0.46328125 0.66406250 0.09218750 0.03750000
1 0.68203125 0.96484375 0.10156250 0.03906250
1 0.33671875 0.83906250 0.08906250 0.03437500
1 0.20468750 0.72421875 0.09062500 0.03906250
1 0.21328125 0.77734375 0.07968750 0.03593750
1 0.00859375 0.57500000 0.01718750 0.02500000
1 0.75234375 0.72031250 0.09843750 0.03750000
1 0.59218750 0.83828125 0.10937500 0.03593750
1 0.96718750 0.72265625 0.06562500 0.03593750
1 0.86093750 0.83828125 0.10312500 0.03906250
1 0.46875000 0.89687500 0.08750000 0.04062500
1 0.62734375 0.89765625 0.10781250 0.03906250
1 0.72187500 0.83750000 0.09375000 0.03750000
1 0.60234375 0.71328125 0.09218750 0.03906250
1 0.19843750 0.89453125 0.09375000 0.03593750
1 0.86640625 0.72421875 0.08906250 0.03593750
1 0.32031250 0.78046875 0.08437500 0.03906250
1 0.96328125 0.83828125 0.07343750 0.03593750
