2 0.33203125 0.65781250 0.01093750 0.01562500
2 0.42578125 0.53281250 0.02343750 0.02187500
2 0.08437500 0.23125000 0.00937500 0.01250000
2 0.88984375 0.27812500 0.02031250 0.01875000
2 0.83125000 0.27109375 0.01562500 0.01718750
2 0.44531250 0.48593750 0.03125000 0.02500000
2 0.17031250 0.05390625 0.01250000 0.01406250
2 0.35000000 0.51484375 0.02812500 0.02656250
2 0.81171875 0.28750000 0.02343750 0.01875000
2 0.21250000 0.05937500 0.01562500 0.01875000
2 0.26328125 0.12968750 0.01718750 0.04062500
2 0.38828125 0.49843750 0.02656250 0.02812500
2 0.34687500 0.55859375 0.02500000 0.02968750
2 0.41562500 0.57500000 0.01562500 0.02187500
2 0.44921875 0.54453125 0.02343750 0.01718750
2 0.35546875 0.39921875 0.01406250 0.02343750
2 0.33515625 0.55937500 0.04843750 0.03125000
2 0.44296875 0.25546875 0.01406250 0.01406250
2 0.28125000 0.46406250 0.01875000 0.02500000
2 0.35546875 0.41328125 0.01718750 0.05156250
2 0.82968750 0.35078125 0.03125000 0.04218750
2 0.39453125 0.43437500 0.01718750 0.01875000
2 0.65703125 0.28125000 0.01406250 0.01562500
2 0.23671875 0.45234375 0.02968750 0.02656250
2 0.88046875 0.28125000 0.03593750 0.02500000
2 0.49843750 0.48906250 0.02500000 0.02500000
2 0.60468750 0.55234375 0.02812500 0.04531250
2 0.31250000 0.01796875 0.01875000 0.01406250
2 0.32109375 0.55859375 0.02031250 0.01718750
2 0.28593750 0.46953125 0.02812500 0.03593750
0 0.44687500 0.91484375 0.26250000 0.13906250
0 0.55625000 0.66953125 0.26250000 0.06093750
1 0.57343750 0.72578125 0.10000000 0.03906250
1 0.51562500 0.79531250 0.10312500 0.04062500
1 0.89375000 0.66171875 0.09375000 0.05781250
1 0.93828125 0.78281250 0.11718750 0.04375000
1 0.58437500 0.41015625 0.10312500 0.04218750
1 0.78515625 0.78906250 0.10156250 0.04062500
1 0.97421875 0.72265625 0.05156250 0.03906250
1 0.05156250 0.57421875 0.06562500 0.09843750
1 0.32500000 0.22031250 0.04375000 0.09062500
1 0.21562500 0.16406250 0.04375000 0.10312500
1 0.46171875 0.39296875 0.10468750 0.06093750
1 0.81875000 0.60312500 0.10312500 0.04375000
1 0.44062500 0.73671875 0.09375000 0.03906250
1 0.14296875 0.44765625 0.06406250 0.09843750
1 0.84921875 0.41171875 0.12031250 0.04843750
1 0.97421875 0.96093750 0.05156250 0.04375000
1 0.96875000 0.40156250 0.06250000 0.04062500
1 0.86875000 0.71718750 0.09375000 0.04062500
1 0.70625000 0.73203125 0.10312500 0.03906250
1 0.32343750 0.04375000 0.03750000 0.06562500
1 0.49687500 0.23593750 0.07812500 0.08125000
1 0.75703125 0.66640625 0.06406250 0.03593750
1 0.64687500 0.79140625 0.10312500 0.03906250
1 0.72578125 0.28593750 0.09843750 0.04375000
1 0.86718750 0.66171875 0.03750000 0.05781250
