2 0.11015625 0.03828125 0.02656250 0.03281250
2 0.11328125 0.09375000 0.02343750 0.03125000
2 0.20312500 0.10312500 0.02187500 0.03437500
0 0.26953125 0.24296875 0.23593750 0.07343750
0 0.66484375 0.04453125 0.24531250 0.05468750
1 0.55468750 0.49609375 0.09062500 0.03593750
1 0.95625000 0.05468750 0.08750000 0.03750000
1 0.82656250 0.05468750 0.07500000 0.03750000
1 0.71171875 0.22031250 0.08593750 0.04062500
1 0.93125000 0.29375000 0.09375000 0.03750000
1 0.69453125 0.28437500 0.09531250 0.03750000
1 0.11015625 0.03671875 0.02656250 0.03281250
1 0.66953125 0.36406250 0.10156250 0.04062500
1 0.72656250 0.41875000 0.09375000 0.03750000
1 0.22578125 0.95078125 0.12031250 0.09843750
1 0.49531250 0.36796875 0.08125000 0.03593750
1 0.81562500 0.47578125 0.09062500 0.03906250
1 0.62734375 0.16093750 0.09531250 0.03750000
1 0.24375000 0.32187500 0.10937500 0.05937500
1 0.86484375 0.10781250 0.09218750 0.03750000
1 0.75468750 0.16562500 0.07500000 0.03750000
1 0.62578125 0.10546875 0.08906250 0.04531250
1 0.98125000 0.11406250 0.03750000 0.04375000
1 0.84843750 0.36718750 0.09062500 0.04375000
1 0.74531250 0.10468750 0.08437500 0.04375000
1 0.45000000 0.30312500 0.08437500 0.04687500
1 0.98750000 0.17031250 0.02500000 0.03750000
1 0.90078125 0.16406250 0.09531250 0.04062500
