2 0.02734375 0.78203125 0.02343750 0.03281250
2 0.20625000 0.88515625 0.01250000 0.02343750
2 0.01875000 0.77187500 0.03750000 0.02187500
2 0.98203125 0.94218750 0.03593750 0.03750000
2 0.15234375 0.80312500 0.02031250 0.01562500
2 0.00468750 0.88125000 0.00937500 0.03437500
2 0.00468750 0.76875000 0.00937500 0.01562500
2 0.13515625 0.91093750 0.01718750 0.03125000
2 0.17812500 0.69296875 0.02187500 0.03593750
2 0.01953125 0.77812500 0.03906250 0.03125000
2 0.08359375 0.83515625 0.02031250 0.02343750
2 0.00468750 0.87421875 0.00937500 0.02343750
2 0.02890625 0.77578125 0.02031250 0.02031250
2 0.00546875 0.89140625 0.01093750 0.01718750
2 0.00468750 0.89218750 0.00937500 0.01562500
2 0.38750000 0.68359375 0.02187500 0.02031250
2 0.39843750 0.33437500 0.01562500 0.02500000
2 0.32890625 0.92578125 0.01718750 0.03906250
1 0.98046875 0.02656250 0.03906250 0.03437500
1 0.76484375 0.15234375 0.08593750 0.03593750
1 0.57578125 0.03437500 0.09531250 0.04062500
1 0.60546875 0.26875000 0.10156250 0.03750000
1 0.88593750 0.27343750 0.08750000 0.03750000
1 0.97734375 0.26875000 0.04531250 0.03750000
1 0.03281250 0.68046875 0.06562500 0.08281250
1 0.60468750 0.20781250 0.08437500 0.03437500
1 0.60078125 0.15078125 0.09531250 0.03906250
1 0.90859375 0.14687500 0.10468750 0.04375000
1 0.62343750 0.08750000 0.09062500 0.03750000
1 0.76406250 0.08593750 0.08437500 0.03750000
1 0.71796875 0.20703125 0.08906250 0.04218750
1 0.98750000 0.08437500 0.02500000 0.03437500
1 0.74140625 0.27187500 0.09531250 0.03750000
1 0.61171875 0.48046875 0.09843750 0.05156250
1 0.83359375 0.02890625 0.07343750 0.03593750
1 0.28281250 0.00703125 0.08125000 0.01406250
1 0.70234375 0.03125000 0.08593750 0.03750000
1 0.88906250 0.08359375 0.09062500 0.03593750
1 0.84140625 0.20703125 0.08593750 0.03593750
