1 0.62812500 0.12656250 0.04375000 0.09375000
1 0.19375000 0.59531250 0.08750000 0.05937500
1 0.74765625 0.76406250 0.09218750 0.03750000
1 0.94921875 0.83593750 0.08593750 0.03750000
1 0.36171875 0.64921875 0.08281250 0.03906250
1 0.03125000 0.85937500 0.06250000 0.03437500
1 0.46328125 0.06015625 0.03906250 0.10156250
1 0.41875000 0.76093750 0.07812500 0.03437500
1 0.18593750 0.69921875 0.09062500 0.03906250
1 0.57656250 0.27734375 0.03437500 0.07031250
1 0.52031250 0.03906250 0.03750000 0.07812500
1 0.62968750 0.02812500 0.04062500 0.05625000
1 0.83828125 0.71640625 0.09531250 0.03593750
1 0.51015625 0.88593750 0.08906250 0.03750000
1 0.03359375 0.93828125 0.06718750 0.03906250
1 0.17656250 0.76796875 0.07812500 0.03593750
1 0.69375000 0.88671875 0.08750000 0.03593750
1 0.51640625 0.26640625 0.03593750 0.08906250
1 0.57031250 0.05468750 0.03750000 0.09062500
1 0.25937500 0.81484375 0.09062500 0.03593750
1 0.38828125 0.47578125 0.07343750 0.08281250
1 0.51953125 0.15312500 0.03906250 0.08125000
1 0.57109375 0.17500000 0.03906250 0.09687500
1 0.03906250 0.98125000 0.07812500 0.03750000
1 0.62812500 0.71093750 0.09062500 0.03750000
1 0.43046875 0.81562500 0.08593750 0.03437500
1 0.69453125 0.81640625 0.08281250 0.03593750
1 0.62500000 0.24218750 0.03437500 0.08437500
1 0.26718750 0.87421875 0.09062500 0.04218750
1 0.96406250 0.77812500 0.07187500 0.03750000
0 0.92578125 0.96171875 0.14843750 0.05156250
2 0.89843750 0.39609375 0.03125000 0.02031250
2 0.38046875 0.34921875 0.01406250 0.01718750
2 0.23281250 0.40078125 0.01250000 0.02031250
2 0.40625000 0.31484375 0.01562500 0.02343750
2 0.87421875 0.03906250 0.02031250 0.02812500
2 0.26875000 0.30546875 0.01562500 0.01406250
2 0.95234375 0.41953125 0.02031250 0.01718750
2 0.39375000 0.12734375 0.01250000 0.02656250
2 0.28593750 0.03906250 0.01562500 0.03125000
2 0.18359375 0.46562500 0.02343750 0.02500000
2 0.82421875 0.61484375 0.02656250 0.01406250
2 0.19609375 0.44531250 0.02031250 0.01562500
2 0.15625000 0.47187500 0.01250000 0.01875000
2 0.82421875 0.61562500 0.02656250 0.01250000
2 0.35546875 0.32421875 0.01406250 0.02343750
2 0.93359375 0.58046875 0.02656250 0.01718750
2 0.89687500 0.14296875 0.02812500 0.04218750
2 0.61875000 0.49687500 0.01250000 0.02187500
2 0.22031250 0.48984375 0.01875000 0.02031250
2 0.35703125 0.31718750 0.01406250 0.03437500
2 0.22265625 0.48984375 0.01718750 0.02031250
2 0.40312500 0.32187500 0.02187500 0.03750000
2 0.38515625 0.30937500 0.01718750 0.02500000
2 0.23828125 0.40156250 0.02343750 0.02187500
2 0.39531250 0.33125000 0.01875000 0.02187500
2 0.80312500 0.54843750 0.01875000 0.02187500
2 0.37500000 0.33359375 0.01875000 0.01718750
2 0.19765625 0.48515625 0.01718750 0.01718750
2 0.89296875 0.40000000 0.04218750 0.02812500
2 0.00781250 0.46015625 0.01562500 0.02968750
2 0.35312500 0.14687500 0.02500000 0.05625000
2 0.38359375 0.31250000 0.01718750 0.02812500
2 0.95625000 0.42031250 0.02812500 0.01875000
2 0.76484375 0.56796875 0.02343750 0.01406250
2 0.37968750 0.34687500 0.01250000 0.02187500
2 0.91640625 0.12968750 0.02031250 0.02187500
2 0.40546875 0.31953125 0.01718750 0.03593750
2 0.20390625 0.52812500 0.02031250 0.01875000
2 0.88359375 0.40625000 0.02031250 0.01250000
2 0.80000000 0.54843750 0.02500000 0.02500000
2 0.90468750 0.39453125 0.02187500 0.01406250
2 0.24375000 0.40312500 0.01562500 0.01875000
2 0.93750000 0.58046875 0.01875000 0.01718750
