1 0.73359375 0.71093750 0.05468750 0.03437500
1 0.61484375 0.76953125 0.07656250 0.03593750
1 0.03671875 0.65859375 0.07343750 0.04218750
1 0.92734375 0.95156250 0.09531250 0.04062500
1 0.92500000 0.76328125 0.10000000 0.03906250
1 0.36718750 0.83593750 0.09062500 0.03750000
1 0.20546875 0.89375000 0.08281250 0.03437500
1 0.22578125 0.77265625 0.08906250 0.03906250
1 0.49062500 0.76875000 0.09062500 0.03750000
1 0.92265625 0.83203125 0.08593750 0.03906250
1 0.60859375 0.71171875 0.09218750 0.03593750
1 0.09843750 0.60156250 0.05000000 0.02812500
1 0.30312500 0.71562500 0.08437500 0.03750000
1 0.92421875 0.88671875 0.09218750 0.03906250
1 0.48750000 0.95859375 0.08437500 0.03906250
1 0.67500000 0.88515625 0.08125000 0.04218750
1 0.20703125 0.95390625 0.10156250 0.03593750
1 0.31875000 0.89375000 0.08750000 0.04375000
1 0.96171875 0.71093750 0.07656250 0.03437500
1 0.82578125 0.95312500 0.10156250 0.04062500
1 0.77734375 0.83437500 0.09531250 0.03750000
1 0.75312500 0.77109375 0.09062500 0.03906250
1 0.43359375 0.71406250 0.07343750 0.03750000
1 0.17734375 0.72031250 0.09531250 0.03750000
1 0.20156250 0.83593750 0.09687500 0.03750000
1 0.64531250 0.82890625 0.08750000 0.04218750
1 0.46328125 0.60546875 0.04843750 0.01718750
1 0.79140625 0.89140625 0.09218750 0.03593750
1 0.30625000 0.60625000 0.03125000 0.01875000
1 0.44218750 0.89218750 0.08750000 0.03750000
1 0.50937500 0.83203125 0.10312500 0.04218750
1 0.71328125 0.95234375 0.09531250 0.03906250
1 0.53046875 0.66015625 0.08906250 0.03593750
1 0.84375000 0.71328125 0.08750000 0.03593750
1 0.60312500 0.95234375 0.09687500 0.03906250
1 0.36484375 0.77031250 0.08281250 0.03750000
1 0.34296875 0.95625000 0.09531250 0.03750000
0 0.59140625 0.28984375 0.38281250 0.15781250
