0 0.26171875 0.73281250 0.24843750 0.05937500
1 0.95156250 0.73906250 0.09687500 0.04062500
1 0.68046875 0.73984375 0.09843750 0.03906250
1 0.45078125 0.97578125 0.09531250 0.03906250
1 0.03515625 0.66562500 0.07031250 0.03750000
1 0.19296875 0.90234375 0.08593750 0.03593750
1 0.41718750 0.91484375 0.08125000 0.03906250
1 0.49687500 0.85078125 0.09375000 0.03906250
1 0.85000000 0.91484375 0.09062500 0.04218750
1 0.60390625 0.79843750 0.09218750 0.04062500
1 0.56250000 0.97500000 0.09375000 0.03750000
1 0.65000000 0.91718750 0.08437500 0.04062500
1 0.21250000 0.96640625 0.09687500 0.03906250
1 0.42343750 0.74062500 0.07500000 0.03750000
1 0.34296875 0.79218750 0.08593750 0.04375000
1 0.54765625 0.74140625 0.09531250 0.03906250
1 0.22500000 0.84687500 0.09687500 0.03750000
1 0.78671875 0.98125000 0.09843750 0.03750000
1 0.34140625 0.85156250 0.07656250 0.03750000
1 0.30390625 0.90625000 0.08281250 0.03750000
1 0.74687500 0.79765625 0.10000000 0.03906250
1 0.46093750 0.79453125 0.09375000 0.03593750
1 0.90234375 0.98281250 0.08593750 0.03437500
1 0.22109375 0.79218750 0.08906250 0.04062500
1 0.98671875 0.98125000 0.02656250 0.03750000
1 0.86796875 0.80156250 0.08906250 0.04062500
1 0.62343750 0.85781250 0.10312500 0.04062500
1 0.96484375 0.80312500 0.07031250 0.05312500
1 0.67421875 0.98046875 0.09218750 0.03906250
1 0.52265625 0.91406250 0.09843750 0.03125000
1 0.74765625 0.86171875 0.08906250 0.04218750
1 0.82343750 0.73828125 0.09375000 0.03593750
1 0.33046875 0.97265625 0.08593750 0.03906250
1 0.97031250 0.86484375 0.05937500 0.03906250
1 0.85859375 0.86015625 0.08281250 0.03906250
