1 0.65468750 0.09218750 0.10625000 0.04062500
1 0.95000000 0.08203125 0.10000000 0.04218750
1 0.49140625 0.19765625 0.10156250 0.04218750
1 0.92343750 0.20078125 0.09687500 0.04218750
1 0.03281250 0.68359375 0.03750000 0.09218750
1 0.12656250 0.05312500 0.09687500 0.04375000
1 0.03593750 0.80312500 0.04062500 0.09375000
1 0.24531250 0.42031250 0.08125000 0.08125000
1 0.08828125 0.71093750 0.04218750 0.10312500
1 0.09218750 0.83203125 0.03750000 0.09531250
1 0.17265625 0.19531250 0.10156250 0.04062500
1 0.13437500 0.28437500 0.09375000 0.04375000
1 0.04375000 0.96562500 0.04062500 0.06875000
1 0.78671875 0.09062500 0.10156250 0.04062500
1 0.55625000 0.31562500 0.10937500 0.05000000
1 0.38984375 0.27187500 0.10468750 0.04375000
1 0.16015625 0.98515625 0.04218750 0.02968750
1 0.52187500 0.09765625 0.10312500 0.04218750
1 0.09687500 0.95312500 0.04062500 0.08750000
