0 0.70312500 0.04531250 0.25312500 0.05625000
1 0.73281250 0.11328125 0.08750000 0.03593750
1 0.97656250 0.05000000 0.04687500 0.03437500
1 0.91093750 0.55078125 0.09062500 0.03906250
1 0.93281250 0.17187500 0.09062500 0.04062500
1 0.70078125 0.16718750 0.07343750 0.03437500
1 0.18750000 0.21250000 0.09062500 0.03750000
1 0.43046875 0.28281250 0.09531250 0.03750000
1 0.88125000 0.28984375 0.10312500 0.03906250
1 0.58671875 0.16640625 0.10468750 0.03906250
1 0.32968750 0.10468750 0.08437500 0.04062500
1 0.20312500 0.10078125 0.08750000 0.03593750
1 0.31953125 0.28359375 0.08593750 0.03906250
1 0.87265625 0.05859375 0.08593750 0.03593750
1 0.54687500 0.22343750 0.09062500 0.03437500
1 0.90312500 0.22734375 0.10000000 0.03593750
1 0.54765625 0.28906250 0.10156250 0.03437500
1 0.65234375 0.28671875 0.09531250 0.03593750
1 0.21484375 0.28125000 0.09531250 0.04062500
1 0.41875000 0.22031250 0.09375000 0.03750000
1 0.21875000 0.15937500 0.09062500 0.04062500
1 0.48515625 0.10546875 0.09843750 0.04218750
1 0.33203125 0.16015625 0.08593750 0.03593750
1 0.30234375 0.21718750 0.09218750 0.03750000
1 0.78750000 0.22265625 0.09687500 0.03593750
1 0.45156250 0.16406250 0.09062500 0.03437500
1 0.28828125 0.04921875 0.08906250 0.03593750
1 0.84765625 0.11015625 0.09531250 0.03593750
1 0.95859375 0.44062500 0.08281250 0.04062500
1 0.66796875 0.22265625 0.08906250 0.03906250
1 0.40234375 0.04687500 0.08281250 0.03437500
1 0.98671875 0.11406250 0.02656250 0.04062500
1 0.16171875 0.04062500 0.09843750 0.03750000
1 0.76953125 0.28828125 0.08593750 0.03593750
1 0.61250000 0.10781250 0.09687500 0.03437500
1 0.80703125 0.16953125 0.08593750 0.03906250
1 0.51093750 0.04453125 0.08750000 0.03593750
1 0.26328125 0.48593750 0.08593750 0.03750000
1 0.99453125 0.22968750 0.01093750 0.03437500
