2 0.39531250 0.65703125 0.03437500 0.03906250
2 0.39453125 0.57734375 0.01718750 0.01718750
2 0.31015625 0.57812500 0.02968750 0.04062500
2 0.69296875 0.60078125 0.01718750 0.02031250
2 0.40234375 0.66796875 0.02031250 0.01718750
2 0.64218750 0.18906250 0.01875000 0.01875000
1 0.58281250 0.61718750 0.06250000 0.10312500
1 0.70156250 0.31250000 0.09687500 0.04687500
1 0.04609375 0.21484375 0.09218750 0.04218750
1 0.92343750 0.29296875 0.09687500 0.03906250
1 0.81562500 0.80781250 0.04062500 0.10000000
1 0.87812500 0.95234375 0.04062500 0.08593750
1 0.05156250 0.26953125 0.09375000 0.03906250
1 0.92734375 0.71406250 0.03906250 0.09687500
1 0.34453125 0.99062500 0.04218750 0.01875000
1 0.18671875 0.20937500 0.10156250 0.04062500
1 0.34140625 0.90781250 0.03906250 0.09687500
1 0.86640625 0.71093750 0.04218750 0.09687500
1 0.19531250 0.32734375 0.09375000 0.04218750
1 0.75859375 0.78125000 0.03906250 0.09062500
1 0.92812500 0.58515625 0.04375000 0.10156250
1 0.87109375 0.83281250 0.03906250 0.09375000
1 0.82500000 0.96484375 0.04062500 0.07031250
1 0.43437500 0.45000000 0.09375000 0.06875000
1 0.07812500 0.04296875 0.09375000 0.03906250
1 0.76171875 0.92734375 0.04218750 0.10468750
1 0.49062500 0.02734375 0.10000000 0.04218750
1 0.81093750 0.68593750 0.03750000 0.09062500
1 0.19062500 0.26406250 0.10000000 0.04062500
