2 0.19375000 0.99687500 0.01562500 0.00625000
2 0.82656250 0.23906250 0.02187500 0.02812500
2 0.34296875 0.84062500 0.01718750 0.02187500
2 0.12265625 0.64609375 0.02343750 0.02343750
2 0.12187500 0.63437500 0.03125000 0.04375000
2 0.14062500 0.77343750 0.01562500 0.01875000
2 0.26328125 0.74062500 0.02656250 0.02812500
2 0.60625000 0.26328125 0.01562500 0.02031250
2 0.05156250 0.57421875 0.02500000 0.02968750
2 0.02500000 0.58906250 0.02812500 0.01875000
2 0.83046875 0.23906250 0.01406250 0.02500000
2 0.68046875 0.00703125 0.01406250 0.01406250
2 0.87109375 0.96875000 0.01093750 0.01875000
2 0.09531250 0.13984375 0.01875000 0.03906250
2 0.92187500 0.70390625 0.04062500 0.02656250
2 0.21406250 0.65703125 0.01875000 0.01718750
2 0.08984375 0.59218750 0.02656250 0.01875000
2 0.18359375 0.55156250 0.03281250 0.02812500
2 0.07421875 0.78671875 0.02031250 0.02031250
2 0.26171875 0.74140625 0.02968750 0.02968750
2 0.16171875 0.61640625 0.02968750 0.03906250
2 0.13281250 0.18906250 0.01875000 0.02812500
2 0.82031250 0.23828125 0.01250000 0.02656250
2 0.80625000 0.81953125 0.01562500 0.02031250
2 0.08437500 0.56953125 0.02187500 0.02343750
2 0.95703125 0.74843750 0.03593750 0.02500000
2 0.33125000 0.78671875 0.02500000 0.02656250
2 0.25703125 0.73828125 0.01718750 0.02343750
2 0.34296875 0.90937500 0.01718750 0.04375000
2 0.14296875 0.78125000 0.02031250 0.03437500
2 0.33515625 0.45546875 0.03281250 0.02343750
2 0.11953125 0.76796875 0.01406250 0.01406250
2 0.15703125 0.61015625 0.02031250 0.02656250
2 0.33671875 0.45078125 0.03593750 0.03593750
2 0.72500000 0.57734375 0.01562500 0.02343750
2 0.00781250 0.45546875 0.01562500 0.03593750
2 0.72656250 0.58125000 0.02500000 0.03750000
2 0.26484375 0.57265625 0.02031250 0.02031250
2 0.86093750 0.90156250 0.02812500 0.05625000
2 0.20703125 0.52187500 0.01406250 0.03125000
2 0.31484375 0.81796875 0.02031250 0.01718750
2 0.09062500 0.57968750 0.03437500 0.04375000
2 0.04375000 0.80390625 0.03437500 0.03906250
2 0.00468750 0.21796875 0.00937500 0.03593750
2 0.00937500 0.82890625 0.01250000 0.01406250
2 0.36640625 0.95859375 0.01093750 0.01093750
2 0.86171875 0.88750000 0.02031250 0.02812500
2 0.33359375 0.63671875 0.02968750 0.02656250
2 0.32031250 0.86406250 0.01562500 0.04062500
2 0.00781250 0.27500000 0.01562500 0.02812500
2 0.59453125 0.15390625 0.01718750 0.02968750
2 0.07265625 0.80078125 0.02968750 0.05156250
2 0.34375000 0.91406250 0.01250000 0.02812500
1 0.01171875 0.45390625 0.02343750 0.03906250
1 0.75234375 0.76406250 0.05468750 0.09062500
1 0.00468750 0.21796875 0.00937500 0.03593750
1 0.33437500 0.26796875 0.07187500 0.08281250
1 0.01171875 0.39687500 0.02343750 0.03750000
1 0.67734375 0.27968750 0.03906250 0.09062500
1 0.52812500 0.64687500 0.05000000 0.08437500
1 0.44218750 0.42890625 0.06250000 0.08281250
1 0.58515625 0.96718750 0.03593750 0.06562500
1 0.72656250 0.58046875 0.02812500 0.03906250
