0 0.71093750 0.73281250 0.25625000 0.05625000
2 0.14296875 0.66406250 0.03593750 0.02187500
1 0.55234375 0.91093750 0.08906250 0.03437500
1 0.43046875 0.90937500 0.09531250 0.03750000
1 0.61796875 0.79531250 0.09531250 0.03750000
1 0.48828125 0.79296875 0.09843750 0.04218750
1 0.90859375 0.91484375 0.10156250 0.03593750
1 0.33281250 0.79218750 0.08125000 0.04062500
1 0.19062500 0.62031250 0.04062500 0.01875000
1 0.51562500 0.73203125 0.08750000 0.03593750
1 0.79296875 0.90859375 0.09843750 0.03906250
1 0.33515625 0.84765625 0.08593750 0.03281250
1 0.03906250 0.67187500 0.07812500 0.03750000
1 0.93828125 0.85859375 0.08906250 0.04218750
1 0.30937500 0.90468750 0.09375000 0.03750000
1 0.45625000 0.85078125 0.08750000 0.03593750
1 0.19296875 0.90000000 0.08906250 0.03750000
1 0.29140625 0.73671875 0.08906250 0.03593750
1 0.22421875 0.84687500 0.09843750 0.04062500
1 0.85156250 0.79531250 0.09375000 0.03437500
1 0.73750000 0.79843750 0.08750000 0.03750000
1 0.40703125 0.73515625 0.08281250 0.03593750
1 0.20625000 0.79062500 0.09062500 0.03750000
1 0.16718750 0.72968750 0.10000000 0.03750000
1 0.05000000 0.61015625 0.03125000 0.02343750
1 0.99453125 0.91562500 0.01093750 0.03125000
1 0.10781250 0.59531250 0.04062500 0.02187500
1 0.98125000 0.73515625 0.03750000 0.03593750
1 0.81250000 0.85781250 0.08437500 0.04062500
1 0.59062500 0.85312500 0.10312500 0.04062500
1 0.08515625 0.62890625 0.06718750 0.03281250
1 0.67421875 0.91093750 0.09531250 0.04375000
1 0.70390625 0.85390625 0.07343750 0.03281250
1 0.49296875 0.66796875 0.08906250 0.03593750
1 0.22031250 0.97031250 0.09062500 0.04062500
1 0.88046875 0.74453125 0.08906250 0.03593750
1 0.53671875 0.97031250 0.09843750 0.03750000
1 0.32656250 0.97187500 0.08750000 0.04062500
1 0.98906250 0.79921875 0.02187500 0.03906250
