1 0.33281250 0.96875000 0.08437500 0.04062500
1 0.95390625 0.73437500 0.09218750 0.04062500
1 0.16406250 0.61250000 0.02812500 0.02187500
1 0.45312500 0.97187500 0.09375000 0.03750000
1 0.93593750 0.80156250 0.04687500 0.05000000
1 0.08515625 0.56484375 0.04531250 0.02656250
1 0.67656250 0.97500000 0.09375000 0.03750000
1 0.86171875 0.85625000 0.07968750 0.04062500
1 0.01250000 0.61250000 0.02500000 0.02187500
1 0.34453125 0.78828125 0.08593750 0.04531250
1 0.42421875 0.90937500 0.09218750 0.03750000
1 0.50000000 0.84296875 0.09687500 0.03906250
1 0.91406250 0.91640625 0.10000000 0.03906250
1 0.60703125 0.79531250 0.09218750 0.04062500
1 0.54843750 0.73828125 0.09687500 0.04218750
1 0.19375000 0.89687500 0.08750000 0.04062500
1 0.34531250 0.84609375 0.07500000 0.03593750
1 0.06328125 0.62187500 0.02968750 0.02187500
1 0.99375000 0.91875000 0.01250000 0.03125000
1 0.82656250 0.73515625 0.09375000 0.03593750
1 0.97343750 0.86171875 0.05312500 0.03593750
1 0.56484375 0.97187500 0.09218750 0.04062500
1 0.21250000 0.96328125 0.09687500 0.03906250
1 0.42500000 0.73593750 0.07500000 0.03750000
1 0.13046875 0.59375000 0.03906250 0.01875000
1 0.22656250 0.84296875 0.09687500 0.03593750
1 0.78906250 0.97812500 0.09687500 0.03750000
1 0.74140625 0.85703125 0.07343750 0.03906250
1 0.30703125 0.90312500 0.08593750 0.03750000
1 0.75078125 0.79453125 0.10156250 0.03906250
1 0.46406250 0.79062500 0.09375000 0.03750000
1 0.90468750 0.98125000 0.08437500 0.03750000
1 0.22187500 0.78828125 0.08750000 0.04218750
1 0.98828125 0.98046875 0.02343750 0.03906250
1 0.87031250 0.79765625 0.08437500 0.03906250
1 0.62578125 0.85312500 0.10156250 0.04062500
1 0.97421875 0.80078125 0.05156250 0.05156250
1 0.78203125 0.91093750 0.08906250 0.04062500
1 0.65156250 0.91250000 0.08437500 0.04062500
1 0.19296875 0.55937500 0.05781250 0.01875000
1 0.53125000 0.91015625 0.08437500 0.03281250
1 0.01328125 0.56328125 0.02656250 0.02656250
1 0.68593750 0.73593750 0.09687500 0.04062500
0 0.26406250 0.73281250 0.24375000 0.06562500
