1 0.53359375 0.23515625 0.03593750 0.08906250
1 0.42421875 0.36171875 0.03906250 0.08593750
1 0.66875000 0.61328125 0.06250000 0.09218750
1 0.47968750 0.00937500 0.03750000 0.01875000
1 0.66171875 0.02031250 0.04218750 0.04062500
1 0.08671875 0.96328125 0.09218750 0.04843750
1 0.42734375 0.04140625 0.03593750 0.08281250
1 0.48281250 0.23750000 0.04062500 0.08125000
1 0.70156250 0.26562500 0.04062500 0.08437500
1 0.58828125 0.27734375 0.03906250 0.08906250
1 0.58281250 0.63828125 0.06875000 0.08906250
1 0.48671875 0.86562500 0.09218750 0.07812500
1 0.57890625 0.76093750 0.07031250 0.07500000
1 0.48281250 0.09375000 0.03437500 0.08750000
1 0.52890625 0.01875000 0.03906250 0.03750000
1 0.66171875 0.07187500 0.03281250 0.07500000
1 0.42421875 0.21562500 0.03593750 0.08437500
1 0.65312500 0.46875000 0.04375000 0.08750000
2 0.25000000 0.03359375 0.02187500 0.02343750
2 0.20859375 0.10234375 0.01406250 0.02343750
2 0.21562500 0.52109375 0.01875000 0.01718750
2 0.79531250 0.30625000 0.01250000 0.01562500
2 0.59375000 0.39765625 0.01562500 0.01718750
2 0.34531250 0.31718750 0.02187500 0.02500000
2 0.35156250 0.28906250 0.01562500 0.02500000
2 0.05625000 0.40546875 0.01250000 0.01093750
2 0.85234375 0.13750000 0.02343750 0.04062500
2 0.27031250 0.40703125 0.01250000 0.01406250
2 0.32734375 0.31171875 0.02031250 0.02343750
2 0.26328125 0.40703125 0.02656250 0.01406250
2 0.28203125 0.15078125 0.01718750 0.01718750
2 0.23437500 0.50546875 0.02187500 0.02031250
2 0.37421875 0.36093750 0.02343750 0.02812500
2 0.30781250 0.36562500 0.03125000 0.03125000
2 0.32968750 0.33671875 0.01250000 0.01093750
2 0.07812500 0.40000000 0.01250000 0.01250000
2 0.96953125 0.52656250 0.02343750 0.02187500
2 0.89531250 0.43671875 0.02187500 0.03593750
2 0.21171875 0.21093750 0.01718750 0.02500000
2 0.23359375 0.51015625 0.02031250 0.02656250
2 0.17421875 0.77734375 0.02031250 0.02968750
2 0.34062500 0.30000000 0.01875000 0.02812500
2 0.34062500 0.30156250 0.01875000 0.02812500
2 0.22968750 0.51718750 0.01562500 0.01875000
2 0.33281250 0.33203125 0.01875000 0.02031250
2 0.21875000 0.39531250 0.01875000 0.01562500
2 0.21953125 0.39687500 0.02031250 0.01875000
2 0.77812500 0.88437500 0.02812500 0.02500000
2 0.33437500 0.32656250 0.02187500 0.01875000
2 0.82031250 0.38437500 0.01562500 0.01875000
2 0.19609375 0.39218750 0.01406250 0.01562500
2 0.36875000 0.27968750 0.01562500 0.01875000
2 0.26250000 0.40703125 0.02500000 0.01406250
2 0.33359375 0.32812500 0.02343750 0.02500000
2 0.31171875 0.14062500 0.02031250 0.05937500
2 0.97421875 0.52500000 0.01406250 0.01875000
2 0.12421875 0.35390625 0.02656250 0.01406250
2 0.61796875 0.07421875 0.01093750 0.02968750
2 0.33593750 0.30156250 0.03437500 0.03750000
2 0.34062500 0.38828125 0.02812500 0.02343750
2 0.96250000 0.43984375 0.02812500 0.02343750
2 0.08281250 0.47031250 0.01562500 0.01562500
2 0.08515625 0.38203125 0.01093750 0.01406250
2 0.84375000 0.33359375 0.01562500 0.01718750
2 0.02031250 0.66093750 0.03125000 0.02812500
2 0.61484375 0.40937500 0.05781250 0.04062500
2 0.60546875 0.40468750 0.01718750 0.01562500
2 0.34062500 0.29765625 0.01875000 0.02656250
2 0.96875000 0.43906250 0.01562500 0.02187500
2 0.53125000 0.60625000 0.01250000 0.01250000
2 0.68984375 0.81406250 0.04218750 0.03125000
2 0.34375000 0.32109375 0.02500000 0.02343750
2 0.26171875 0.15156250 0.02031250 0.01875000
2 0.36953125 0.27500000 0.01718750 0.02500000
2 0.68203125 0.81796875 0.02031250 0.02031250
2 0.76328125 0.39375000 0.02031250 0.03125000
2 0.51250000 0.99296875 0.02500000 0.01406250
2 0.69296875 0.81093750 0.03593750 0.02500000
2 0.33671875 0.15546875 0.01718750 0.02343750
