1 0.38593750 0.84921875 0.08437500 0.03906250
1 0.55000000 0.11484375 0.04375000 0.09531250
1 0.07109375 0.59921875 0.08593750 0.04531250
1 0.49375000 0.23593750 0.03750000 0.08750000
1 0.60468750 0.11406250 0.04062500 0.09687500
1 0.07578125 0.77656250 0.07656250 0.04375000
1 0.42812500 0.73828125 0.08750000 0.04218750
1 0.90078125 0.96718750 0.09218750 0.04062500
1 0.54375000 0.23828125 0.03750000 0.08593750
1 0.60781250 0.01953125 0.04062500 0.03906250
1 0.52734375 0.81250000 0.08906250 0.04062500
1 0.06640625 0.89296875 0.09218750 0.03593750
1 0.44453125 0.16015625 0.03906250 0.09531250
1 0.49843750 0.01406250 0.03750000 0.02812500
1 0.22812500 0.54140625 0.08437500 0.05781250
1 0.25468750 0.68984375 0.08750000 0.04218750
1 0.42734375 0.34296875 0.04531250 0.08906250
1 0.28671875 0.75859375 0.07343750 0.04218750
1 0.07968750 0.67812500 0.08750000 0.03750000
1 0.98281250 0.97109375 0.03437500 0.03906250
1 0.00781250 0.95859375 0.01562500 0.03593750
1 0.74687500 0.22343750 0.05312500 0.09375000
1 0.75937500 0.96796875 0.08750000 0.03906250
1 0.44765625 0.00468750 0.03593750 0.00937500
1 0.47890625 0.68125000 0.09218750 0.04062500
1 0.62812500 0.95625000 0.09062500 0.03750000
1 0.49375000 0.09140625 0.03750000 0.09218750
1 0.61484375 0.75078125 0.09531250 0.04843750
1 0.55156250 0.01640625 0.03750000 0.03281250
1 0.59609375 0.24687500 0.03906250 0.09375000
1 0.34609375 0.47656250 0.07656250 0.07812500
1 0.24140625 0.82578125 0.08906250 0.04218750
0 0.83281250 0.69843750 0.23125000 0.07187500
2 0.18125000 0.54296875 0.01250000 0.01406250
2 0.38203125 0.27656250 0.01406250 0.02187500
2 0.26250000 0.37187500 0.01562500 0.01875000
2 0.90859375 0.46328125 0.01406250 0.02656250
2 0.38046875 0.08984375 0.01718750 0.02343750
2 0.06562500 0.38593750 0.01250000 0.01250000
2 0.09375000 0.36171875 0.01250000 0.01406250
2 0.30781250 0.39218750 0.02812500 0.03750000
2 0.19375000 0.49531250 0.01250000 0.02187500
2 0.06484375 0.43750000 0.01406250 0.01562500
2 0.30468750 0.40234375 0.01875000 0.01718750
2 0.91562500 0.46250000 0.02812500 0.02812500
2 0.38359375 0.27656250 0.01718750 0.02500000
2 0.20625000 0.37421875 0.00937500 0.02031250
2 0.12734375 0.49609375 0.01718750 0.01718750
2 0.23046875 0.37734375 0.01718750 0.01718750
2 0.22031250 0.37500000 0.03750000 0.02500000
2 0.22968750 0.45390625 0.01875000 0.02343750
2 0.92265625 0.46171875 0.01406250 0.02656250
2 0.86640625 0.13828125 0.02031250 0.03281250
2 0.33125000 0.58203125 0.03125000 0.02343750
2 0.12812500 0.50234375 0.01875000 0.02968750
2 0.24921875 0.37812500 0.01406250 0.01875000
2 0.19765625 0.49531250 0.02031250 0.02500000
2 0.16406250 0.44921875 0.01562500 0.02031250
2 0.16093750 0.49843750 0.01875000 0.02812500
2 0.90859375 0.45625000 0.01406250 0.01562500
2 0.35625000 0.27187500 0.03125000 0.03125000
2 0.34609375 0.20078125 0.02656250 0.16718750
2 0.13125000 0.50703125 0.01250000 0.02343750
2 0.25781250 0.37265625 0.02500000 0.02031250
2 0.97812500 0.43828125 0.01562500 0.02343750
2 0.91406250 0.46640625 0.01250000 0.02031250
2 0.39375000 0.03515625 0.01562500 0.02343750
2 0.08593750 0.38046875 0.01562500 0.01406250
2 0.48515625 0.14218750 0.02031250 0.02187500
2 0.96875000 0.43906250 0.03750000 0.02500000
2 0.24453125 0.27968750 0.01718750 0.01562500
2 0.35312500 0.00859375 0.01250000 0.01718750
