2 0.94296875 0.56171875 0.02656250 0.02343750
2 0.86640625 0.53906250 0.02031250 0.02500000
2 0.91875000 0.63203125 0.01562500 0.02031250
2 0.91796875 0.62343750 0.02343750 0.03750000
2 0.94218750 0.76640625 0.02500000 0.03281250
2 0.66250000 0.62968750 0.01562500 0.01875000
2 0.91718750 0.61406250 0.03125000 0.04687500
2 0.99375000 0.61406250 0.01250000 0.02812500
2 0.68750000 0.63906250 0.02812500 0.03437500
2 0.59765625 0.56484375 0.04843750 0.02031250
2 0.97343750 0.59296875 0.02500000 0.03281250
1 0.90546875 0.14609375 0.09531250 0.03906250
1 0.37734375 0.50156250 0.09218750 0.03750000
1 0.67109375 0.26171875 0.08906250 0.04218750
1 0.94843750 0.07109375 0.09062500 0.03906250
1 0.86328125 0.78750000 0.07343750 0.04687500
1 0.02421875 0.19453125 0.04843750 0.03593750
1 0.31562500 0.25234375 0.09062500 0.03593750
1 0.86406250 0.37968750 0.10312500 0.04375000
1 0.42578125 0.04453125 0.08906250 0.03593750
1 0.19140625 0.10234375 0.09843750 0.04531250
1 0.34062500 0.43281250 0.10312500 0.04687500
1 0.77187500 0.00546875 0.08750000 0.01093750
1 0.48046875 0.38046875 0.08906250 0.04218750
1 0.27500000 0.31562500 0.10000000 0.03750000
1 0.43437500 0.25234375 0.08437500 0.03906250
1 0.31015625 0.17578125 0.08906250 0.05781250
1 0.14531250 0.20468750 0.09375000 0.03750000
1 0.75781250 0.09765625 0.09062500 0.03593750
1 0.98828125 0.44531250 0.02343750 0.03437500
1 0.63437500 0.32343750 0.08750000 0.03750000
1 0.69062500 0.43984375 0.08750000 0.03593750
1 0.55078125 0.26093750 0.09218750 0.03437500
1 0.08984375 0.00937500 0.09531250 0.01875000
1 0.56015625 0.11171875 0.09218750 0.04531250
1 0.65859375 0.03593750 0.09218750 0.03750000
1 0.16250000 0.37031250 0.08437500 0.03750000
1 0.79843750 0.19921875 0.09687500 0.03906250
1 0.67890625 0.20000000 0.09218750 0.03750000
1 0.97031250 0.33203125 0.05937500 0.03593750
1 0.78359375 0.26718750 0.07343750 0.04062500
