1 0.11406250 0.13046875 0.10000000 0.03906250
1 0.52265625 0.13984375 0.09843750 0.03906250
1 0.00859375 0.31796875 0.01718750 0.03906250
1 0.69921875 0.62890625 0.09531250 0.04843750
1 0.04843750 0.01796875 0.07187500 0.03593750
1 0.18906250 0.30703125 0.10625000 0.03906250
1 0.30468750 0.13984375 0.08750000 0.04531250
1 0.78281250 0.14453125 0.10937500 0.03906250
1 0.14218750 0.24843750 0.10312500 0.04062500
1 0.26796875 0.07187500 0.09843750 0.03750000
1 0.79375000 0.02265625 0.11250000 0.04531250
1 0.86484375 0.08359375 0.09843750 0.03906250
1 0.91953125 0.14687500 0.10468750 0.04062500
1 0.52187500 0.22890625 0.10625000 0.05156250
1 0.25156250 0.01562500 0.09687500 0.03125000
1 0.49687500 0.07812500 0.10000000 0.04062500
1 0.48046875 0.01640625 0.08906250 0.03281250
1 0.63593750 0.13828125 0.10625000 0.04531250
1 0.99375000 0.15078125 0.01250000 0.03593750
0 0.57890625 0.32812500 0.27343750 0.06250000
