1 0.51640625 0.99218750 0.09843750 0.01562500
1 0.56796875 0.37187500 0.03906250 0.09062500
1 0.38515625 0.99296875 0.09218750 0.01406250
1 0.78281250 0.95625000 0.09375000 0.04375000
1 0.01171875 0.41875000 0.02343750 0.08437500
1 0.79921875 0.89062500 0.09843750 0.03750000
1 0.01562500 0.98750000 0.02500000 0.02500000
1 0.13359375 0.17343750 0.04218750 0.09062500
1 0.00937500 0.20625000 0.01875000 0.08437500
1 0.11796875 0.99218750 0.08906250 0.01562500
1 0.03828125 0.20546875 0.04531250 0.06406250
1 0.43828125 0.94140625 0.08593750 0.03906250
1 0.40546875 0.31250000 0.05156250 0.09062500
1 0.31953125 0.94375000 0.08906250 0.03437500
1 0.13984375 0.42343750 0.04531250 0.06875000
1 0.05078125 0.40156250 0.05781250 0.09375000
1 0.89375000 0.62968750 0.08750000 0.04375000
1 0.65546875 0.99453125 0.08593750 0.01093750
1 0.55390625 0.95234375 0.09218750 0.03593750
1 0.55312500 0.89062500 0.10937500 0.03750000
1 0.51328125 0.37421875 0.03906250 0.08906250
1 0.67890625 0.95156250 0.09218750 0.04062500
1 0.24843750 0.99140625 0.10000000 0.01718750
1 0.68359375 0.88984375 0.09218750 0.03593750
0 0.22500000 0.39765625 0.06875000 0.12656250
