2 0.92343750 0.60078125 0.04062500 0.02656250
2 0.42421875 0.68125000 0.02656250 0.02187500
2 0.23203125 0.17265625 0.01718750 0.02031250
2 0.94453125 0.79375000 0.01406250 0.01250000
2 0.40234375 0.66796875 0.02968750 0.02031250
2 0.54296875 0.59218750 0.01406250 0.01562500
2 0.23203125 0.17812500 0.01718750 0.03125000
2 0.10078125 0.60937500 0.02656250 0.01250000
2 0.04921875 0.59921875 0.02656250 0.02031250
2 0.87656250 0.59765625 0.02500000 0.02031250
2 0.96562500 0.61953125 0.03125000 0.01718750
2 0.99531250 0.61562500 0.00937500 0.02187500
2 0.65625000 0.67968750 0.01562500 0.01250000
2 0.46875000 0.69296875 0.04062500 0.01406250
2 0.55000000 0.59218750 0.02812500 0.01562500
2 0.94375000 0.67265625 0.01562500 0.02656250
1 0.76328125 0.30468750 0.08906250 0.03750000
1 0.64375000 0.30390625 0.08750000 0.03281250
1 0.03125000 0.31328125 0.06250000 0.03906250
1 0.79531250 0.24140625 0.08750000 0.04531250
1 0.51562500 0.37031250 0.09375000 0.03437500
1 0.01093750 0.37031250 0.02187500 0.03750000
1 0.10078125 0.43125000 0.09218750 0.04062500
1 0.39218750 0.42812500 0.09062500 0.04062500
1 0.79140625 0.48046875 0.08281250 0.03593750
1 0.09843750 0.25546875 0.09375000 0.03593750
1 0.00781250 0.43125000 0.01562500 0.03750000
1 0.39062500 0.36562500 0.08750000 0.04375000
1 0.28984375 0.49062500 0.09218750 0.03750000
1 0.78046875 0.42187500 0.09531250 0.04375000
1 0.56328125 0.48046875 0.07968750 0.03593750
1 0.27968750 0.30859375 0.08750000 0.03593750
1 0.22890625 0.42421875 0.09531250 0.04531250
1 0.39531250 0.30781250 0.09062500 0.04062500
1 0.13984375 0.31406250 0.09843750 0.05000000
1 0.64687500 0.42187500 0.09375000 0.04062500
1 0.23515625 0.25000000 0.10156250 0.03750000
1 0.10546875 0.36718750 0.08593750 0.04375000
1 0.02031250 0.48437500 0.04062500 0.03437500
1 0.76484375 0.36093750 0.09218750 0.04062500
1 0.40546875 0.24609375 0.09218750 0.03281250
1 0.67812500 0.48125000 0.10625000 0.04687500
1 0.42734375 0.48515625 0.09218750 0.03593750
1 0.52187500 0.42500000 0.10312500 0.04062500
1 0.58750000 0.55156250 0.09062500 0.03437500
1 0.52421875 0.30234375 0.08906250 0.03593750
1 0.53671875 0.24765625 0.07656250 0.03593750
1 0.63984375 0.36953125 0.09531250 0.03593750
1 0.67109375 0.24609375 0.08593750 0.03593750
1 0.23359375 0.37031250 0.09843750 0.03750000
1 0.12890625 0.48984375 0.10781250 0.03906250
