1 0.82500000 0.05078125 0.07500000 0.03906250
1 0.95312500 0.05234375 0.09375000 0.03906250
1 0.82968750 0.22734375 0.08437500 0.04218750
1 0.89765625 0.28281250 0.09531250 0.04062500
1 0.59453125 0.21328125 0.08593750 0.03906250
1 0.62265625 0.10234375 0.08593750 0.04218750
1 0.17187500 0.31484375 0.09062500 0.05156250
1 0.86328125 0.10546875 0.09218750 0.03906250
1 0.70312500 0.21718750 0.07812500 0.03437500
1 0.98046875 0.11015625 0.03906250 0.03906250
1 0.62734375 0.15703125 0.09531250 0.03593750
1 0.60390625 0.28281250 0.09531250 0.03750000
1 0.74453125 0.10156250 0.08593750 0.04375000
1 0.75312500 0.16093750 0.07500000 0.03750000
1 0.38203125 0.27890625 0.08593750 0.03593750
1 0.22421875 0.95078125 0.11718750 0.09843750
1 0.98671875 0.16796875 0.02656250 0.03593750
1 0.89921875 0.16015625 0.09531250 0.03906250
0 0.66406250 0.04062500 0.25000000 0.05312500
