2 0.83359375 0.63515625 0.02343750 0.02343750
2 0.43671875 0.24453125 0.01718750 0.02031250
2 0.39062500 0.01093750 0.01250000 0.01875000
2 0.95781250 0.94453125 0.03437500 0.03906250
2 0.04296875 0.60234375 0.01406250 0.02031250
2 0.24453125 0.59375000 0.03906250 0.03750000
2 0.77187500 0.85156250 0.03437500 0.04062500
2 0.24687500 0.03125000 0.02187500 0.01562500
2 0.35625000 0.61953125 0.01562500 0.02031250
2 0.37421875 0.67812500 0.02343750 0.02187500
2 0.39453125 0.62968750 0.01718750 0.02812500
2 0.07343750 0.77109375 0.01875000 0.02031250
2 0.23593750 0.04531250 0.02187500 0.02500000
2 0.03906250 0.60859375 0.02187500 0.03281250
2 0.39140625 0.00937500 0.01093750 0.01875000
2 0.24296875 0.58359375 0.03593750 0.01718750
2 0.35546875 0.47187500 0.01406250 0.02187500
2 0.23203125 0.68828125 0.01406250 0.02031250
2 0.04062500 0.12656250 0.02187500 0.02812500
2 0.06406250 0.88671875 0.02187500 0.02031250
2 0.12265625 0.81328125 0.01718750 0.02343750
2 0.42734375 0.56640625 0.02031250 0.02031250
2 0.24218750 0.04062500 0.03125000 0.03437500
2 0.93984375 0.63593750 0.02343750 0.03125000
2 0.30937500 0.92031250 0.02187500 0.03750000
2 0.39921875 0.61484375 0.02343750 0.05468750
2 0.03515625 0.05078125 0.02656250 0.02656250
2 0.39921875 0.60000000 0.02343750 0.02187500
2 0.39531250 0.00937500 0.01875000 0.01875000
2 0.72187500 0.63515625 0.02187500 0.02343750
2 0.33828125 0.00703125 0.02343750 0.01406250
2 0.21953125 0.76250000 0.01718750 0.01875000
1 0.91093750 0.03906250 0.08750000 0.03750000
1 0.80390625 0.04296875 0.08281250 0.03593750
1 0.73203125 0.15546875 0.08593750 0.03593750
1 0.96718750 0.15781250 0.06562500 0.03750000
1 0.59062500 0.20781250 0.09062500 0.03437500
1 0.62187500 0.15546875 0.09687500 0.03906250
1 0.94843750 0.21718750 0.09062500 0.03437500
1 0.98828125 0.03750000 0.02343750 0.05000000
1 0.27578125 0.29375000 0.08593750 0.04687500
1 0.81093750 0.37421875 0.07812500 0.03593750
1 0.60312500 0.09843750 0.09062500 0.03750000
1 0.43828125 0.27812500 0.07656250 0.03750000
1 0.82656250 0.21718750 0.09687500 0.03750000
1 0.99140625 0.28437500 0.01718750 0.03750000
1 0.07500000 0.36250000 0.09062500 0.06562500
1 0.88437500 0.09921875 0.09687500 0.04218750
1 0.56406250 0.03828125 0.09687500 0.03906250
1 0.98281250 0.10156250 0.03437500 0.03750000
1 0.84140625 0.27578125 0.08281250 0.03281250
1 0.70546875 0.21328125 0.09218750 0.03906250
1 0.99375000 0.42578125 0.01250000 0.03906250
1 0.62031250 0.27500000 0.08750000 0.04375000
1 0.73125000 0.10000000 0.08437500 0.04062500
1 0.68906250 0.04531250 0.09062500 0.03750000
1 0.85312500 0.15781250 0.09062500 0.03437500
