0 0.66015625 0.05234375 0.25156250 0.07031250
1 0.97968750 0.11328125 0.04062500 0.04218750
1 0.94453125 0.05390625 0.09218750 0.03906250
1 0.85078125 0.28984375 0.09531250 0.03906250
1 0.59296875 0.21562500 0.08593750 0.03750000
1 0.61015625 0.27968750 0.09218750 0.04062500
1 0.74062500 0.16406250 0.07812500 0.03437500
1 0.81484375 0.22734375 0.07656250 0.03593750
1 0.95859375 0.28984375 0.08281250 0.03906250
1 0.93046875 0.22734375 0.08281250 0.02968750
1 0.73125000 0.28515625 0.08437500 0.04218750
1 0.21953125 0.95390625 0.11406250 0.09218750
1 0.62500000 0.16093750 0.09375000 0.03750000
1 0.82500000 0.05312500 0.07500000 0.03437500
1 0.86093750 0.10781250 0.09375000 0.03750000
1 0.70078125 0.22031250 0.07968750 0.03437500
1 0.62031250 0.10546875 0.08750000 0.04531250
1 0.74296875 0.10546875 0.08593750 0.04218750
1 0.89765625 0.16328125 0.09531250 0.03906250
1 0.98593750 0.17109375 0.02812500 0.03906250
