2 0.12812500 0.58203125 0.02187500 0.01718750
2 0.19453125 0.68359375 0.01718750 0.04843750
2 0.02421875 0.68515625 0.02656250 0.02656250
2 0.56093750 0.55546875 0.02500000 0.02031250
2 0.38984375 0.59843750 0.02031250 0.02500000
1 0.84218750 0.08671875 0.10000000 0.03906250
1 0.98437500 0.03046875 0.03125000 0.03593750
1 0.70234375 0.21250000 0.08593750 0.03437500
1 0.18828125 0.03906250 0.09218750 0.03750000
1 0.02109375 0.35859375 0.04218750 0.03906250
1 0.09453125 0.09531250 0.08593750 0.03750000
1 0.90625000 0.40625000 0.10000000 0.03750000
1 0.49921875 0.35859375 0.09843750 0.03906250
1 0.30156250 0.09375000 0.08437500 0.04062500
1 0.48125000 0.27734375 0.09062500 0.03593750
1 0.35468750 0.27656250 0.09062500 0.03750000
1 0.24140625 0.27343750 0.08593750 0.03750000
1 0.83515625 0.46562500 0.10468750 0.04375000
1 0.86875000 0.27187500 0.09687500 0.03750000
1 0.29375000 0.36015625 0.08125000 0.04843750
1 0.61953125 0.27656250 0.09531250 0.03750000
1 0.20078125 0.15546875 0.09531250 0.03593750
1 0.05234375 0.20234375 0.09218750 0.03906250
1 0.41953125 0.03671875 0.08593750 0.03906250
1 0.96562500 0.27578125 0.06875000 0.03593750
1 0.44531250 0.41328125 0.10312500 0.03906250
1 0.65625000 0.09140625 0.08750000 0.03906250
1 0.64921875 0.03593750 0.10156250 0.04062500
1 0.74140625 0.27187500 0.09218750 0.03750000
1 0.48671875 0.47343750 0.08906250 0.03750000
1 0.25156250 0.48203125 0.10937500 0.03906250
