1 0.81796875 0.57812500 0.08593750 0.04375000
1 0.04531250 0.40234375 0.05625000 0.09843750
1 0.31406250 0.99140625 0.09375000 0.01718750
1 0.23828125 0.69453125 0.09531250 0.04218750
1 0.31640625 0.86406250 0.08906250 0.06250000
1 0.42890625 0.75156250 0.07968750 0.03750000
1 0.81406250 0.89453125 0.09375000 0.03593750
1 0.39843750 0.31406250 0.04687500 0.09687500
1 0.03125000 0.89140625 0.06250000 0.03593750
1 0.13515625 0.42343750 0.04843750 0.07187500
1 0.00937500 0.41718750 0.01875000 0.08750000
1 0.94375000 0.74609375 0.08750000 0.04531250
1 0.32656250 0.94687500 0.09062500 0.03437500
1 0.55703125 0.95468750 0.08906250 0.03437500
1 0.07187500 0.94375000 0.09375000 0.03437500
1 0.21796875 0.78906250 0.09531250 0.03750000
1 0.77343750 0.75781250 0.07187500 0.04062500
1 0.14218750 0.89921875 0.09375000 0.03906250
1 0.30390625 0.62734375 0.08906250 0.03593750
1 0.85546875 0.95859375 0.08593750 0.03593750
1 0.95703125 0.67187500 0.08593750 0.04062500
1 0.82812500 0.82500000 0.08750000 0.03750000
1 0.66640625 0.79609375 0.09218750 0.03906250
1 0.69921875 0.95546875 0.07968750 0.03906250
1 0.12578125 0.17578125 0.04531250 0.08906250
1 0.44687500 0.94531250 0.08750000 0.03750000
1 0.03046875 0.20625000 0.04218750 0.06562500
1 0.52968750 0.67500000 0.09062500 0.03750000
1 0.52343750 0.60859375 0.09687500 0.04218750
1 0.56484375 0.37343750 0.03906250 0.09062500
1 0.70937500 0.69140625 0.09062500 0.03906250
1 0.17656250 0.94843750 0.09687500 0.03750000
2 0.12031250 0.47343750 0.04062500 0.01875000
2 0.99062500 0.46015625 0.01875000 0.02968750
2 0.99296875 0.46250000 0.01406250 0.02500000
2 0.96250000 0.57109375 0.02812500 0.02656250
2 0.96328125 0.49765625 0.01718750 0.02968750
2 0.15468750 0.47968750 0.02187500 0.01250000
2 0.92968750 0.50000000 0.01875000 0.03125000
2 0.10937500 0.26484375 0.01875000 0.01718750
2 0.99375000 0.49843750 0.01250000 0.02812500
2 0.98671875 0.45234375 0.01406250 0.01718750
2 0.13750000 0.29375000 0.02812500 0.01562500
2 0.66015625 0.51406250 0.02343750 0.02500000
2 0.12031250 0.26171875 0.04375000 0.02656250
2 0.66250000 0.51796875 0.01875000 0.02031250
2 0.96953125 0.57187500 0.01718750 0.02187500
2 0.96171875 0.49765625 0.02031250 0.02968750
2 0.18203125 0.41875000 0.01406250 0.01875000
2 0.10859375 0.47421875 0.02031250 0.01406250
2 0.00546875 0.94609375 0.01093750 0.02968750
2 0.99062500 0.46171875 0.01875000 0.02656250
2 0.13203125 0.25703125 0.02031250 0.01718750
2 0.71718750 0.54609375 0.02187500 0.02343750
2 0.96562500 0.45000000 0.01875000 0.02500000
2 0.18203125 0.40781250 0.01406250 0.04062500
