2 0.31328125 0.14765625 0.02031250 0.02343750
2 0.43203125 0.00703125 0.01406250 0.01406250
2 0.30234375 0.77343750 0.01718750 0.02500000
2 0.27109375 0.04609375 0.01718750 0.01718750
2 0.29453125 0.11015625 0.01718750 0.02656250
2 0.25390625 0.04218750 0.01718750 0.01875000
2 0.22500000 0.03437500 0.01875000 0.03437500
2 0.34453125 0.00703125 0.01406250 0.01406250
2 0.25468750 0.04296875 0.01875000 0.01718750
2 0.32031250 0.05468750 0.01562500 0.01875000
2 0.46171875 0.13984375 0.03906250 0.02031250
2 0.30781250 0.10078125 0.02187500 0.01406250
2 0.26328125 0.04531250 0.03281250 0.02187500
2 0.45000000 0.14218750 0.01562500 0.01562500
2 0.38906250 0.53046875 0.02187500 0.03281250
2 0.35468750 0.01796875 0.00937500 0.01406250
2 0.34765625 0.01250000 0.02031250 0.02500000
2 0.38984375 0.03281250 0.02343750 0.02500000
2 0.47031250 0.14140625 0.01875000 0.01718750
2 0.30156250 0.10859375 0.03125000 0.02968750
1 0.64843750 0.10625000 0.10312500 0.04062500
1 0.44062500 0.33671875 0.09687500 0.06718750
1 0.95000000 0.09765625 0.10000000 0.04218750
1 0.02578125 0.32500000 0.04218750 0.10000000
1 0.97343750 0.39218750 0.05312500 0.04062500
1 0.03281250 0.69296875 0.03750000 0.10781250
1 0.44218750 0.04921875 0.09375000 0.03906250
1 0.08046875 0.24218750 0.03906250 0.09375000
1 0.19453125 0.51328125 0.07031250 0.09531250
1 0.78671875 0.10468750 0.10156250 0.04062500
1 0.08671875 0.50781250 0.03593750 0.09375000
1 0.97500000 0.03750000 0.05000000 0.04062500
1 0.51718750 0.10937500 0.10312500 0.04062500
1 0.57578125 0.03984375 0.09843750 0.03906250
1 0.87421875 0.03203125 0.09218750 0.04218750
1 0.70859375 0.04609375 0.10468750 0.03906250
