0 0.12421875 0.45859375 0.24843750 0.05468750
0 0.55468750 0.42500000 0.23750000 0.05000000
0 0.53593750 0.46328125 0.25312500 0.05156250
0 0.13046875 0.44296875 0.26093750 0.08593750
0 0.15625000 0.96250000 0.12812500 0.07500000
2 0.91718750 0.61171875 0.03750000 0.02656250
2 0.06875000 0.54140625 0.04062500 0.01718750
2 0.93046875 0.64921875 0.03906250 0.02656250
2 0.12578125 0.55156250 0.02656250 0.02187500
1 0.93906250 0.09296875 0.08750000 0.03906250
1 0.70703125 0.08593750 0.08593750 0.03125000
1 0.64921875 0.22265625 0.07968750 0.03281250
1 0.95000000 0.03984375 0.09375000 0.03906250
1 0.53671875 0.21562500 0.08593750 0.03750000
1 0.04531250 0.21171875 0.09062500 0.05468750
1 0.26484375 0.01562500 0.09843750 0.03125000
1 0.88437500 0.47031250 0.09062500 0.03437500
1 0.47968750 0.08359375 0.09375000 0.03593750
1 0.22890625 0.08046875 0.08906250 0.03593750
1 0.96718750 0.35078125 0.06562500 0.03593750
1 0.29921875 0.33593750 0.08906250 0.03750000
1 0.08281250 0.38437500 0.10000000 0.03750000
1 0.17031250 0.12578125 0.09687500 0.03906250
1 0.38906250 0.26406250 0.07500000 0.05937500
1 0.54062500 0.02734375 0.09375000 0.03593750
1 0.24296875 0.26796875 0.08906250 0.03593750
1 0.76562500 0.28125000 0.07812500 0.04062500
1 0.65625000 0.28750000 0.09375000 0.03750000
1 0.29921875 0.20859375 0.10156250 0.04218750
1 0.17343750 0.22031250 0.08437500 0.03750000
1 0.99453125 0.41250000 0.01093750 0.03437500
1 0.93046875 0.16328125 0.08593750 0.03906250
1 0.84218750 0.52656250 0.08125000 0.04375000
1 0.40078125 0.39453125 0.08906250 0.04843750
1 0.50078125 0.28203125 0.09531250 0.03593750
1 0.72343750 0.40000000 0.10625000 0.05000000
1 0.56328125 0.14296875 0.09843750 0.04218750
1 0.68828125 0.33437500 0.11406250 0.05312500
1 0.76562500 0.22656250 0.08437500 0.03750000
1 0.75312500 0.02734375 0.09062500 0.03593750
