0 0.62343750 0.32421875 0.26250000 0.06718750
1 0.93671875 0.08828125 0.11718750 0.04531250
1 0.02656250 0.29765625 0.05312500 0.04218750
1 0.97031250 0.02734375 0.05937500 0.03906250
1 0.64687500 0.09843750 0.10312500 0.04062500
1 0.03125000 0.68125000 0.03750000 0.09062500
1 0.15625000 0.65078125 0.04062500 0.10156250
1 0.14921875 0.05468750 0.07968750 0.03750000
1 0.15625000 0.78515625 0.04062500 0.10156250
1 0.51328125 0.10234375 0.10156250 0.04218750
1 0.92656250 0.20625000 0.11562500 0.05000000
1 0.03437500 0.80000000 0.04062500 0.09687500
1 0.32109375 0.26640625 0.10781250 0.04531250
1 0.56250000 0.03984375 0.10000000 0.04218750
1 0.08671875 0.70703125 0.04218750 0.09843750
1 0.09140625 0.82734375 0.03906250 0.09218750
1 0.44062500 0.18750000 0.10312500 0.04062500
1 0.04218750 0.96250000 0.04062500 0.07500000
1 0.76328125 0.03125000 0.07968750 0.04062500
1 0.55156250 0.23984375 0.09687500 0.03906250
1 0.73281250 0.43359375 0.06875000 0.04531250
1 0.15937500 0.91015625 0.03750000 0.09218750
1 0.09453125 0.94765625 0.03906250 0.08593750
1 0.77500000 0.09609375 0.10000000 0.03906250
