1 0.42968750 0.26875000 0.09062500 0.04687500
1 0.21328125 0.09140625 0.07968750 0.03593750
1 0.96718750 0.03515625 0.06562500 0.03593750
1 0.85390625 0.63437500 0.06093750 0.03750000
1 0.20859375 0.14843750 0.08906250 0.03437500
1 0.33671875 0.15156250 0.08906250 0.03437500
1 0.77578125 0.27734375 0.10156250 0.03906250
1 0.46562500 0.03046875 0.08437500 0.03906250
1 0.96328125 0.15078125 0.07343750 0.03281250
1 0.31250000 0.27421875 0.07812500 0.03281250
1 0.86093750 0.15156250 0.10312500 0.03750000
1 0.34062500 0.20859375 0.09062500 0.03593750
1 0.35390625 0.02812500 0.09218750 0.04062500
1 0.46406250 0.15078125 0.09375000 0.03593750
1 0.80546875 0.08984375 0.08281250 0.03593750
1 0.72187500 0.15078125 0.09375000 0.03593750
1 0.43046875 0.08984375 0.07968750 0.04218750
1 0.32031250 0.09296875 0.08437500 0.03593750
1 0.19765625 0.20703125 0.09531250 0.03593750
1 0.20078125 0.27500000 0.08906250 0.03750000
1 0.86562500 0.03750000 0.08750000 0.03437500
1 0.69062500 0.09375000 0.09375000 0.03750000
1 0.59218750 0.15078125 0.10937500 0.03593750
1 0.93906250 0.08906250 0.09687500 0.03750000
1 0.72890625 0.21015625 0.10781250 0.03906250
1 0.46796875 0.20937500 0.08593750 0.04062500
1 0.20078125 0.03671875 0.09531250 0.03906250
1 0.55937500 0.26875000 0.08125000 0.03750000
1 0.55312500 0.08906250 0.09375000 0.03750000
1 0.60156250 0.02578125 0.08750000 0.03593750
1 0.75156250 0.03281250 0.09687500 0.03750000
