2 0.88906250 0.27734375 0.01875000 0.02031250
2 0.43125000 0.52968750 0.04062500 0.04062500
2 0.28593750 0.47109375 0.02812500 0.03281250
2 0.33281250 0.56406250 0.05000000 0.03437500
2 0.05000000 0.88437500 0.03125000 0.03437500
2 0.34687500 0.55937500 0.02187500 0.02500000
2 0.23359375 0.45546875 0.03281250 0.02656250
2 0.40859375 0.57734375 0.02968750 0.03906250
2 0.82890625 0.27109375 0.01406250 0.01718750
0 0.55625000 0.66875000 0.26250000 0.06250000
1 0.84765625 0.41171875 0.11718750 0.04843750
1 0.72500000 0.28437500 0.09687500 0.04375000
1 0.58359375 0.41093750 0.10781250 0.04375000
1 0.99140625 0.28671875 0.01718750 0.02656250
1 0.89296875 0.66171875 0.09218750 0.05781250
1 0.54765625 0.90625000 0.09531250 0.04687500
1 0.51328125 0.79609375 0.09843750 0.04218750
1 0.94609375 0.78203125 0.10156250 0.04218750
1 0.86953125 0.71875000 0.09218750 0.03750000
1 0.78359375 0.78906250 0.10156250 0.04062500
1 0.32343750 0.22109375 0.04375000 0.09218750
1 0.00937500 0.37343750 0.01875000 0.07812500
1 0.97343750 0.72265625 0.05312500 0.03906250
1 0.64687500 0.79218750 0.10312500 0.04062500
1 0.23671875 0.80703125 0.09843750 0.07656250
1 0.21484375 0.16406250 0.04218750 0.10312500
1 0.44062500 0.73671875 0.09375000 0.03906250
1 0.45781250 0.38906250 0.10937500 0.05312500
1 0.05546875 0.61562500 0.06406250 0.09687500
1 0.95546875 0.91406250 0.08906250 0.04375000
1 0.70468750 0.73203125 0.10312500 0.03906250
1 0.76171875 0.61015625 0.09218750 0.03906250
1 0.49609375 0.23515625 0.07968750 0.07968750
1 0.96718750 0.40078125 0.06250000 0.03906250
1 0.75546875 0.66718750 0.06406250 0.03750000
1 0.57343750 0.72734375 0.10000000 0.03906250
1 0.86640625 0.66171875 0.03906250 0.05781250
