1 0.89843750 0.60000000 0.04062500 0.02812500
1 0.65468750 0.63203125 0.05312500 0.02031250
1 0.46015625 0.96093750 0.08593750 0.03750000
1 0.07421875 0.65234375 0.09218750 0.03906250
1 0.92656250 0.95468750 0.09375000 0.03750000
1 0.49296875 0.65703125 0.08593750 0.03593750
1 0.93984375 0.84609375 0.09531250 0.04218750
1 0.33984375 0.95781250 0.09531250 0.03750000
1 0.53046875 0.77968750 0.09531250 0.04062500
1 0.35625000 0.78046875 0.08750000 0.03906250
1 0.78125000 0.77343750 0.08437500 0.04062500
1 0.18671875 0.83671875 0.09218750 0.03593750
1 0.08359375 0.71484375 0.09218750 0.03906250
1 0.04453125 0.77265625 0.08906250 0.03593750
1 0.82656250 0.95703125 0.10312500 0.03906250
1 0.71250000 0.95625000 0.09687500 0.03750000
1 0.47421875 0.71718750 0.09218750 0.03750000
1 0.44453125 0.89765625 0.08906250 0.04843750
1 0.58593750 0.95625000 0.09687500 0.03750000
1 0.65156250 0.71484375 0.09375000 0.03906250
1 0.86796875 0.71093750 0.09531250 0.04375000
1 0.29218750 0.71875000 0.08437500 0.03750000
1 0.19687500 0.95468750 0.08750000 0.03750000
