1 0.30859375 0.96562500 0.08281250 0.03750000
1 0.46015625 0.84140625 0.09218750 0.03593750
1 0.54609375 0.95937500 0.08281250 0.03437500
1 0.42578125 0.96093750 0.09531250 0.04375000
1 0.93593750 0.78125000 0.09687500 0.03750000
1 0.20625000 0.84062500 0.08750000 0.03437500
1 0.91484375 0.89921875 0.09843750 0.03906250
1 0.68593750 0.78515625 0.09375000 0.03906250
1 0.46328125 0.72265625 0.09531250 0.04218750
1 0.19843750 0.72968750 0.09375000 0.04062500
1 0.78906250 0.96484375 0.10000000 0.04531250
1 0.02656250 0.61484375 0.05312500 0.02968750
1 0.99531250 0.89687500 0.00937500 0.03125000
1 0.33750000 0.90000000 0.09062500 0.03750000
1 0.96093750 0.84296875 0.07812500 0.03593750
1 0.19453125 0.89921875 0.09531250 0.03593750
1 0.35156250 0.71953125 0.09375000 0.03593750
1 0.90625000 0.96640625 0.08125000 0.03906250
1 0.80234375 0.78203125 0.07968750 0.03906250
1 0.33437500 0.84375000 0.08750000 0.03437500
1 0.42656250 0.78125000 0.07812500 0.04062500
1 0.21015625 0.78203125 0.07968750 0.03593750
1 0.19765625 0.96718750 0.08906250 0.03750000
1 0.97968750 0.95781250 0.04062500 0.03437500
1 0.58750000 0.84296875 0.10937500 0.03593750
1 0.96406250 0.72656250 0.07187500 0.04062500
1 0.61562500 0.90234375 0.10625000 0.03906250
1 0.67500000 0.96875000 0.10000000 0.03750000
1 0.75390625 0.90703125 0.09843750 0.03593750
1 0.55000000 0.78125000 0.09375000 0.03750000
1 0.46718750 0.90078125 0.09375000 0.04218750
1 0.59609375 0.71875000 0.08593750 0.03750000
1 0.85781250 0.72890625 0.08750000 0.03281250
1 0.71718750 0.84218750 0.09375000 0.03750000
1 0.74765625 0.72421875 0.09531250 0.03906250
1 0.31718750 0.78437500 0.08437500 0.03750000
1 0.85625000 0.84218750 0.10312500 0.03750000
