1 0.31953125 0.96875000 0.08593750 0.04062500
1 0.42812500 0.96718750 0.09687500 0.03750000
1 0.61171875 0.79296875 0.09531250 0.03593750
1 0.16171875 0.72421875 0.09843750 0.03906250
1 0.96406250 0.61484375 0.07187500 0.03906250
1 0.12343750 0.59296875 0.04687500 0.02031250
1 0.78671875 0.90781250 0.09843750 0.03750000
1 0.98750000 0.79921875 0.02500000 0.03906250
1 0.88046875 0.97500000 0.10468750 0.04062500
1 0.93125000 0.85625000 0.08750000 0.03750000
1 0.32890625 0.84453125 0.08593750 0.03593750
1 0.70000000 0.85234375 0.07187500 0.03281250
1 0.41718750 0.90625000 0.09375000 0.03750000
1 0.51015625 0.72968750 0.08906250 0.03437500
1 0.80703125 0.85703125 0.08906250 0.04218750
1 0.18593750 0.89609375 0.09062500 0.03906250
1 0.28671875 0.73203125 0.08906250 0.03593750
1 0.30156250 0.90156250 0.09375000 0.03750000
1 0.54609375 0.90781250 0.08906250 0.03437500
1 0.54531250 0.97578125 0.09687500 0.03906250
1 0.66875000 0.90859375 0.09062500 0.03906250
1 0.21328125 0.96562500 0.09531250 0.04062500
1 0.45000000 0.84843750 0.09062500 0.03437500
1 0.21640625 0.84453125 0.09218750 0.03906250
1 0.20000000 0.78593750 0.09375000 0.03750000
1 0.87109375 0.74453125 0.08906250 0.03593750
1 0.97578125 0.97421875 0.04843750 0.03906250
1 0.73281250 0.79765625 0.08750000 0.03593750
1 0.40156250 0.73203125 0.08437500 0.03593750
1 0.97734375 0.73593750 0.04531250 0.03437500
1 0.90234375 0.91328125 0.09843750 0.03593750
1 0.65156250 0.97031250 0.09375000 0.03750000
1 0.48203125 0.78984375 0.09843750 0.04218750
1 0.58437500 0.85156250 0.10625000 0.04062500
1 0.84765625 0.79453125 0.09531250 0.03593750
1 0.32656250 0.78906250 0.08125000 0.04062500
1 0.99218750 0.91484375 0.01562500 0.03593750
1 0.76953125 0.97500000 0.08906250 0.04062500
2 0.07734375 0.56562500 0.01718750 0.01875000
2 0.03515625 0.60625000 0.02656250 0.02187500
2 0.27578125 0.63437500 0.02968750 0.01875000
2 0.21250000 0.63828125 0.02500000 0.02343750
2 0.31796875 0.53828125 0.02343750 0.04843750
