2 0.14296875 0.77265625 0.01718750 0.01718750
2 0.72500000 0.57656250 0.04687500 0.05000000
2 0.38671875 0.87578125 0.02343750 0.03281250
2 0.59765625 0.58750000 0.03281250 0.02500000
2 0.12656250 0.64140625 0.02500000 0.02031250
2 0.90859375 0.61953125 0.02343750 0.05781250
2 0.47578125 0.59843750 0.02656250 0.02187500
2 0.81171875 0.55468750 0.03906250 0.04062500
2 0.62500000 0.89843750 0.02500000 0.02812500
2 0.34296875 0.89296875 0.01718750 0.02031250
2 0.12187500 0.76640625 0.01250000 0.01093750
2 0.40468750 0.43281250 0.01250000 0.01875000
2 0.27500000 0.74609375 0.02500000 0.02656250
2 0.57109375 0.59687500 0.02031250 0.02187500
2 0.01328125 0.55937500 0.02656250 0.01875000
2 0.25000000 0.82812500 0.01875000 0.02187500
2 0.81015625 0.54218750 0.01406250 0.01250000
2 0.54843750 0.81562500 0.04375000 0.01875000
2 0.91640625 0.64218750 0.03593750 0.01562500
2 0.14375000 0.77734375 0.01875000 0.02968750
2 0.45468750 0.43906250 0.01562500 0.00937500
2 0.26406250 0.73906250 0.04687500 0.04375000
2 0.90703125 0.60000000 0.01718750 0.01875000
2 0.78593750 0.56796875 0.02187500 0.01718750
2 0.07578125 0.78359375 0.02031250 0.01718750
2 0.25390625 0.73437500 0.02656250 0.03437500
2 0.87968750 0.54921875 0.02187500 0.02656250
2 0.38125000 0.87656250 0.01250000 0.02500000
2 0.92812500 0.64218750 0.01250000 0.01250000
2 0.14296875 0.77265625 0.01718750 0.01718750
2 0.49687500 0.61875000 0.03750000 0.02187500
2 0.79218750 0.00625000 0.01562500 0.01250000
2 0.45703125 0.64531250 0.03281250 0.02187500
2 0.43203125 0.43437500 0.02031250 0.01250000
2 0.94218750 0.55625000 0.02812500 0.01875000
2 0.90625000 0.64296875 0.01562500 0.01093750
2 0.70625000 0.62421875 0.01562500 0.02343750
2 0.12109375 0.62265625 0.02343750 0.02343750
2 0.65625000 0.55625000 0.01250000 0.01562500
2 0.16406250 0.97265625 0.03125000 0.03593750
2 0.53906250 0.93359375 0.01562500 0.02343750
2 0.19843750 0.99453125 0.02812500 0.01093750
2 0.75703125 0.84140625 0.01718750 0.01406250
0 0.96171875 0.02890625 0.07656250 0.05468750
0 0.14296875 0.46484375 0.23906250 0.05781250
0 0.49531250 0.46640625 0.23437500 0.05781250
1 0.37031250 0.57968750 0.03437500 0.01875000
1 0.56171875 0.14375000 0.09531250 0.03750000
1 0.97656250 0.47109375 0.04687500 0.03906250
1 0.76015625 0.18906250 0.08906250 0.04375000
1 0.00546875 0.27343750 0.01093750 0.04062500
1 0.32031250 0.34062500 0.09062500 0.03750000
1 0.08750000 0.40625000 0.10000000 0.05937500
1 0.40937500 0.56015625 0.03750000 0.02343750
1 0.84453125 0.40859375 0.08906250 0.03906250
1 0.00625000 0.21718750 0.01250000 0.03750000
1 0.98359375 0.37421875 0.03281250 0.03281250
1 0.30078125 0.38828125 0.07343750 0.05781250
1 0.48828125 0.59765625 0.05156250 0.02343750
1 0.06875000 0.52656250 0.09062500 0.04062500
1 0.24375000 0.12500000 0.08750000 0.03437500
1 0.97968750 0.09765625 0.04062500 0.03593750
1 0.39140625 0.07421875 0.09843750 0.03906250
1 0.96171875 0.18828125 0.07656250 0.03906250
1 0.59062500 0.40625000 0.09687500 0.03750000
1 0.37500000 0.16250000 0.09375000 0.03750000
1 0.33984375 0.01640625 0.08281250 0.03281250
1 0.42890625 0.59218750 0.03593750 0.01875000
1 0.16250000 0.01406250 0.09062500 0.02812500
1 0.58750000 0.07656250 0.09062500 0.03750000
1 0.70000000 0.35703125 0.07500000 0.03281250
1 0.49296875 0.01640625 0.08593750 0.03281250
1 0.73906250 0.10781250 0.07812500 0.04375000
