1 0.96093750 0.18437500 0.07812500 0.06875000
1 0.81484375 0.80937500 0.04218750 0.09687500
1 0.87734375 0.95312500 0.04218750 0.08437500
1 0.86562500 0.71250000 0.04375000 0.09687500
1 0.19765625 0.32968750 0.09531250 0.03750000
1 0.34062500 0.91015625 0.04062500 0.09843750
1 0.68906250 0.55703125 0.06250000 0.10156250
1 0.38046875 0.17421875 0.10781250 0.06718750
1 0.87109375 0.83437500 0.03906250 0.09375000
1 0.34531250 0.99062500 0.04375000 0.01875000
1 0.82343750 0.96562500 0.04062500 0.06875000
1 0.58046875 0.06562500 0.08593750 0.08437500
1 0.18984375 0.26640625 0.10156250 0.04218750
1 0.07187500 0.26875000 0.09687500 0.04062500
1 0.05156250 0.33593750 0.08750000 0.03750000
1 0.75859375 0.78203125 0.03906250 0.09218750
1 0.05703125 0.21562500 0.10156250 0.04062500
1 0.76171875 0.92734375 0.04218750 0.10468750
1 0.81093750 0.68750000 0.03750000 0.09062500
