2 0.72421875 0.48359375 0.01093750 0.02656250
2 0.70156250 0.42031250 0.01250000 0.02500000
1 0.61875000 0.37187500 0.03437500 0.03437500
1 0.63437500 0.25234375 0.08125000 0.03593750
1 0.86171875 0.19375000 0.10156250 0.04062500
1 0.91796875 0.48671875 0.03593750 0.02343750
1 0.03046875 0.31328125 0.06093750 0.03593750
1 0.28125000 0.31640625 0.11250000 0.03906250
1 0.16718750 0.31484375 0.10937500 0.03906250
1 0.41875000 0.31171875 0.10312500 0.03906250
1 0.80156250 0.37187500 0.09687500 0.04062500
1 0.45625000 0.19765625 0.10000000 0.03906250
1 0.24453125 0.25937500 0.09843750 0.03750000
1 0.02578125 0.25859375 0.05156250 0.03906250
1 0.25937500 0.37890625 0.09687500 0.03906250
1 0.63437500 0.37500000 0.06250000 0.04375000
1 0.09062500 0.37500000 0.09375000 0.04062500
1 0.11875000 0.26171875 0.10312500 0.03906250
1 0.70312500 0.32031250 0.02187500 0.03750000
1 0.66718750 0.31953125 0.09375000 0.03593750
1 0.74687500 0.24921875 0.09375000 0.04218750
1 0.38046875 0.25390625 0.09843750 0.03906250
1 0.53671875 0.31171875 0.09531250 0.04218750
1 0.51406250 0.25468750 0.10625000 0.04062500
1 0.96953125 0.36953125 0.06093750 0.03593750
1 0.78281250 0.30468750 0.09062500 0.03750000
0 0.88593750 0.25000000 0.10312500 0.04375000
0 0.66640625 0.32031250 0.09531250 0.03750000
0 0.63593750 0.37500000 0.06562500 0.04687500
0 0.94843750 0.59375000 0.10312500 0.08437500
0 0.91640625 0.57812500 0.16718750 0.11875000
0 0.42656250 0.62890625 0.24375000 0.03906250
0 0.96875000 0.36718750 0.06250000 0.04375000
0 0.43046875 0.60390625 0.25156250 0.07343750
0 0.02500000 0.60625000 0.05000000 0.03750000
0 0.50000000 0.62656250 0.08125000 0.02187500
0 0.02500000 0.57578125 0.05000000 0.09843750
0 0.91796875 0.31875000 0.16406250 0.05625000
0 0.86406250 0.60625000 0.06562500 0.03750000
0 0.49843750 0.63359375 0.09062500 0.03593750
