2 0.78906250 0.36953125 0.01562500 0.01718750
2 0.17031250 0.44687500 0.01562500 0.02187500
2 0.12421875 0.29921875 0.02343750 0.02031250
2 0.01250000 0.30468750 0.02500000 0.02187500
2 0.16406250 0.52500000 0.02187500 0.02500000
2 0.05468750 0.14296875 0.02187500 0.03593750
2 0.13437500 0.46250000 0.02500000 0.02500000
2 0.23906250 0.31640625 0.01875000 0.02031250
2 0.23359375 0.30546875 0.02968750 0.03906250
2 0.02890625 0.33671875 0.02031250 0.02656250
2 0.47421875 0.56562500 0.02968750 0.01875000
2 0.70703125 0.38750000 0.01406250 0.02812500
2 0.22734375 0.29843750 0.01718750 0.02500000
1 0.98203125 0.65625000 0.03593750 0.03437500
1 0.66015625 0.78125000 0.09531250 0.04062500
1 0.85781250 0.96562500 0.08437500 0.03750000
1 0.00312500 0.71953125 0.00625000 0.02968750
1 0.31015625 0.71796875 0.07968750 0.03593750
1 0.92500000 0.84375000 0.09687500 0.03750000
1 0.65468750 0.89921875 0.09687500 0.03906250
1 0.60156250 0.96093750 0.10000000 0.03750000
1 0.04140625 0.83203125 0.08281250 0.03593750
1 0.08437500 0.53046875 0.08750000 0.06718750
1 0.32109375 0.83671875 0.08281250 0.03593750
1 0.18906250 0.77968750 0.08437500 0.03750000
1 0.87031250 0.78125000 0.09375000 0.04687500
1 0.12968750 0.72031250 0.05625000 0.03437500
1 0.96718750 0.96093750 0.06562500 0.03750000
1 0.77187500 0.64843750 0.09375000 0.03750000
1 0.45000000 0.64531250 0.08750000 0.04062500
1 0.98671875 0.72265625 0.02656250 0.04218750
1 0.88125000 0.89765625 0.08750000 0.03906250
1 0.69375000 0.83750000 0.09062500 0.04062500
1 0.73828125 0.96328125 0.09531250 0.03906250
1 0.54609375 0.72812500 0.08281250 0.03437500
1 0.80390625 0.72265625 0.08593750 0.03906250
1 0.30234375 0.89375000 0.07968750 0.03437500
