0 0.23906250 0.32500000 0.26875000 0.05937500
1 0.91875000 0.07265625 0.10625000 0.04843750
1 0.01796875 0.08125000 0.03593750 0.04062500
1 0.72031250 0.25625000 0.09687500 0.04062500
1 0.90234375 0.19453125 0.08906250 0.03593750
1 0.01406250 0.20546875 0.02812500 0.03906250
1 0.21953125 0.20390625 0.09531250 0.04218750
1 0.17500000 0.02421875 0.09062500 0.03593750
1 0.00703125 0.31718750 0.01406250 0.04062500
1 0.12578125 0.38203125 0.11093750 0.04843750
1 0.49062500 0.20078125 0.10312500 0.03906250
1 0.10937500 0.20468750 0.09687500 0.04062500
1 0.14765625 0.26406250 0.10468750 0.05000000
1 0.32734375 0.20859375 0.09843750 0.04218750
1 0.39531250 0.05859375 0.10000000 0.04218750
1 0.99140625 0.19296875 0.01718750 0.03593750
1 0.82031250 0.31093750 0.09062500 0.04375000
1 0.48750000 0.26484375 0.09687500 0.03906250
1 0.78125000 0.19453125 0.10625000 0.03906250
1 0.63437500 0.19921875 0.09375000 0.04218750
1 0.64843750 0.02265625 0.10000000 0.04218750
