1 0.79140625 0.27031250 0.10468750 0.04375000
1 0.68046875 0.21640625 0.07968750 0.03906250
1 0.07578125 0.25937500 0.09218750 0.05000000
1 0.54531250 0.38750000 0.06562500 0.04687500
1 0.29687500 0.37968750 0.08750000 0.04062500
1 0.42890625 0.38671875 0.08281250 0.03906250
1 0.80234375 0.39375000 0.08906250 0.03437500
1 0.51562500 0.32734375 0.09375000 0.03906250
1 0.03750000 0.37656250 0.07500000 0.03750000
1 0.68984375 0.58828125 0.07968750 0.07031250
1 0.11953125 0.49921875 0.09531250 0.03906250
1 0.34375000 0.20937500 0.09062500 0.04375000
1 0.24921875 0.32656250 0.09843750 0.04375000
1 0.38906250 0.03437500 0.08750000 0.06875000
1 0.16953125 0.37890625 0.08906250 0.04218750
1 0.66640625 0.39296875 0.08906250 0.03593750
1 0.37265625 0.32734375 0.09531250 0.03593750
1 0.10078125 0.32265625 0.09531250 0.03906250
1 0.77109375 0.45156250 0.08593750 0.03750000
1 0.48906250 0.50625000 0.09062500 0.03750000
1 0.45390625 0.44609375 0.09531250 0.03906250
1 0.06328125 0.20937500 0.09843750 0.04062500
1 0.66093750 0.44296875 0.09375000 0.03906250
1 0.18359375 0.43828125 0.09218750 0.03906250
1 0.65468750 0.32734375 0.09062500 0.03593750
1 0.76796875 0.33437500 0.08593750 0.03750000
2 0.97500000 0.57187500 0.02812500 0.02812500
2 0.47187500 0.55000000 0.03125000 0.01875000
2 0.13359375 0.54765625 0.03281250 0.02343750
2 0.97578125 0.58046875 0.02656250 0.04218750
2 0.90156250 0.58359375 0.02812500 0.02968750
2 0.40312500 0.53203125 0.03125000 0.02343750
