1 0.95390625 0.08828125 0.09218750 0.03906250
1 0.73828125 0.15156250 0.08593750 0.03437500
1 0.97890625 0.02500000 0.04218750 0.03750000
1 0.95156250 0.26796875 0.08437500 0.03906250
1 0.59921875 0.20703125 0.09531250 0.03593750
1 0.72031250 0.09218750 0.08437500 0.03750000
1 0.83125000 0.26875000 0.09062500 0.04375000
1 0.60078125 0.27421875 0.08593750 0.03593750
1 0.86875000 0.02968750 0.09062500 0.04062500
1 0.69921875 0.27343750 0.11093750 0.03750000
1 0.72656250 0.27265625 0.05625000 0.03281250
1 0.60468750 0.03593750 0.09062500 0.04062500
1 0.60937500 0.14687500 0.08750000 0.03437500
1 0.86406250 0.14921875 0.09375000 0.03593750
1 0.61328125 0.08984375 0.07968750 0.03593750
1 0.98281250 0.20937500 0.03437500 0.03750000
1 0.82968750 0.08828125 0.07812500 0.03593750
1 0.74062500 0.20859375 0.09062500 0.03593750
1 0.67109375 0.27343750 0.05468750 0.03750000
1 0.86875000 0.20781250 0.08750000 0.03750000
1 0.75546875 0.02656250 0.09218750 0.04062500
1 0.96875000 0.15078125 0.06250000 0.03593750
2 0.04453125 0.54531250 0.01718750 0.03437500
2 0.00781250 0.32578125 0.01562500 0.02968750
2 0.38437500 0.48203125 0.02187500 0.02031250
2 0.02109375 0.27500000 0.01718750 0.02812500
2 0.18671875 0.90234375 0.02343750 0.02968750
2 0.17734375 0.60781250 0.02031250 0.01875000
2 0.02421875 0.69609375 0.02343750 0.02343750
2 0.19687500 0.34843750 0.01875000 0.02812500
2 0.00703125 0.52187500 0.01406250 0.03125000
2 0.10000000 0.14296875 0.02500000 0.03593750
2 0.16640625 0.06562500 0.02031250 0.04687500
2 0.51484375 0.58125000 0.02656250 0.02812500
2 0.38671875 0.48593750 0.02968750 0.03125000
2 0.16875000 0.05078125 0.01562500 0.02031250
