1 0.39062500 0.77812500 0.10312500 0.04062500
1 0.59218750 0.38437500 0.09062500 0.04062500
1 0.96484375 0.15703125 0.04843750 0.05468750
1 0.70859375 0.76875000 0.11093750 0.04375000
1 0.85312500 0.35312500 0.04687500 0.09687500
1 0.93359375 0.69140625 0.10781250 0.04531250
1 0.37343750 0.94609375 0.10937500 0.03906250
1 0.80156250 0.35312500 0.05312500 0.10000000
1 0.05703125 0.42265625 0.11406250 0.03593750
1 0.94765625 0.75781250 0.09531250 0.04375000
1 0.06562500 0.37812500 0.10625000 0.05625000
1 0.24218750 0.87890625 0.10937500 0.04531250
1 0.59921875 0.88750000 0.09531250 0.05000000
1 0.19453125 0.39687500 0.10781250 0.04375000
1 0.25937500 0.78046875 0.10312500 0.04218750
1 0.85000000 0.92421875 0.12187500 0.04531250
1 0.37187500 0.65625000 0.10312500 0.04062500
1 0.12578125 0.78515625 0.10156250 0.04218750
1 0.09609375 0.94296875 0.10781250 0.04843750
1 0.91562500 0.35859375 0.04687500 0.10156250
1 0.33593750 0.27109375 0.09687500 0.04218750
1 0.56093750 0.76718750 0.10312500 0.04687500
1 0.10390625 0.22265625 0.07968750 0.08281250
1 0.46093750 0.39609375 0.11875000 0.05156250
1 0.83750000 0.76015625 0.09375000 0.03906250
1 0.61875000 0.27031250 0.05625000 0.03437500
