2 0.30625000 0.53281250 0.01562500 0.02500000
2 0.17890625 0.44765625 0.01406250 0.01718750
0 0.90390625 0.32500000 0.19218750 0.15000000
0 0.87343750 0.92343750 0.25312500 0.05937500
0 0.04062500 0.42890625 0.08125000 0.09218750
0 0.70625000 0.74687500 0.24687500 0.07187500
0 0.82031250 0.92265625 0.14687500 0.05781250
1 0.56093750 0.66718750 0.09375000 0.04062500
1 0.03515625 0.78281250 0.07031250 0.03437500
1 0.25000000 0.46562500 0.02812500 0.04687500
1 0.83281250 0.98046875 0.09687500 0.03906250
1 0.22812500 0.51171875 0.03750000 0.02656250
1 0.91171875 0.74921875 0.07656250 0.03593750
1 0.62187500 0.97734375 0.10000000 0.04531250
1 0.19218750 0.76562500 0.08750000 0.04062500
1 0.86171875 0.80000000 0.08906250 0.04687500
1 0.08359375 0.71953125 0.08906250 0.03906250
1 0.01250000 0.89296875 0.02500000 0.03593750
1 0.95000000 0.98359375 0.10000000 0.03281250
1 0.74375000 0.62421875 0.03750000 0.02031250
1 0.64687500 0.79765625 0.09062500 0.04531250
1 0.98828125 0.66875000 0.02343750 0.03750000
1 0.63046875 0.85468750 0.09843750 0.03750000
1 0.72421875 0.97968750 0.08906250 0.04062500
1 0.31718750 0.64296875 0.09062500 0.04843750
