2 0.25234375 0.76562500 0.01718750 0.01875000
2 0.94375000 0.83046875 0.01250000 0.01093750
2 0.06953125 0.61015625 0.02968750 0.01718750
2 0.00703125 0.60156250 0.01406250 0.01875000
2 0.25546875 0.70156250 0.02656250 0.02187500
2 0.92890625 0.94609375 0.01406250 0.02031250
2 0.82031250 0.97265625 0.01875000 0.03906250
2 0.96953125 0.79218750 0.02343750 0.02187500
2 0.01484375 0.61093750 0.01718750 0.02812500
2 0.23906250 0.76640625 0.04375000 0.03281250
2 0.16250000 0.62500000 0.02187500 0.01875000
2 0.84218750 0.92968750 0.01250000 0.01562500
2 0.91093750 0.90937500 0.01875000 0.03125000
2 0.18906250 0.66015625 0.02500000 0.02031250
2 0.01484375 0.61718750 0.01718750 0.01875000
2 0.33125000 0.88906250 0.01562500 0.02812500
2 0.19218750 0.66015625 0.02187500 0.02031250
2 0.01093750 0.59453125 0.02187500 0.02968750
2 0.24375000 0.78906250 0.01250000 0.01875000
2 0.91171875 0.90234375 0.01406250 0.02031250
2 0.95156250 0.87734375 0.01562500 0.02031250
2 0.01562500 0.60312500 0.01562500 0.01562500
2 0.19375000 0.62578125 0.01562500 0.02343750
2 0.13203125 0.66953125 0.02343750 0.02343750
2 0.01250000 0.60156250 0.02500000 0.04687500
2 0.22656250 0.76250000 0.01875000 0.02500000
2 0.93125000 0.82890625 0.03750000 0.02031250
2 0.12656250 0.64765625 0.01875000 0.02031250
2 0.12656250 0.65703125 0.01875000 0.03906250
2 0.01562500 0.58593750 0.01875000 0.01875000
2 0.20546875 0.65859375 0.02343750 0.02031250
2 0.16015625 0.60156250 0.02968750 0.02187500
2 0.24140625 0.77265625 0.02031250 0.02031250
2 0.01171875 0.59218750 0.02343750 0.02812500
2 0.96093750 0.75390625 0.03437500 0.02031250
2 0.92265625 0.82968750 0.02031250 0.01562500
2 0.16796875 0.14296875 0.01406250 0.02656250
2 0.85000000 0.93359375 0.02500000 0.02343750
2 0.84609375 0.97734375 0.01718750 0.02343750
2 0.85312500 0.93671875 0.01875000 0.01718750
2 0.13515625 0.13046875 0.02031250 0.02343750
2 0.57109375 0.10625000 0.01406250 0.01562500
2 0.14765625 0.68515625 0.01718750 0.01718750
2 0.86875000 0.86562500 0.01562500 0.03125000
2 0.33984375 0.98281250 0.01406250 0.01875000
2 0.19687500 0.65937500 0.04062500 0.02187500
2 0.90859375 0.91484375 0.01406250 0.02031250
1 0.02265625 0.30078125 0.04531250 0.04218750
1 0.46640625 0.98671875 0.03593750 0.02656250
1 0.00390625 0.41953125 0.00781250 0.03593750
1 0.82109375 0.79140625 0.06718750 0.08281250
1 0.01015625 0.47500000 0.02031250 0.03750000
1 0.01640625 0.24531250 0.03281250 0.03750000
1 0.95390625 0.67109375 0.08906250 0.07343750
1 0.50625000 0.76406250 0.03750000 0.08437500
1 0.51953125 0.27968750 0.03281250 0.09062500
1 0.45781250 0.53125000 0.03437500 0.08125000
1 0.34687500 0.68125000 0.06562500 0.08437500
1 0.73125000 0.98437500 0.03750000 0.03125000
1 0.60390625 0.29140625 0.03906250 0.08593750
1 0.45156250 0.21562500 0.03750000 0.08750000
1 0.67968750 0.03203125 0.03437500 0.06406250
1 0.51406250 0.49062500 0.03437500 0.09375000
1 0.67265625 0.88671875 0.03281250 0.08281250
1 0.60937500 0.15781250 0.03750000 0.09375000
1 0.67031250 0.71562500 0.03437500 0.08750000
1 0.61250000 0.03828125 0.03437500 0.07656250
1 0.67968750 0.34062500 0.03437500 0.09062500
1 0.39296875 0.80937500 0.04531250 0.08750000
