1 0.73671875 0.21875000 0.08593750 0.03750000
1 0.44062500 0.34921875 0.09687500 0.03593750
1 0.03984375 0.30234375 0.07968750 0.04218750
1 0.57812500 0.28515625 0.09375000 0.03906250
1 0.95546875 0.09609375 0.08906250 0.04218750
1 0.56875000 0.34609375 0.08750000 0.03906250
1 0.96484375 0.50078125 0.07031250 0.02656250
1 0.97187500 0.26640625 0.05625000 0.03906250
1 0.21328125 0.23750000 0.10781250 0.03750000
1 0.14062500 0.35781250 0.08437500 0.03437500
1 0.34062500 0.01250000 0.10000000 0.02500000
1 0.87265625 0.39218750 0.10468750 0.04062500
1 0.10390625 0.23906250 0.10468750 0.04062500
1 0.91718750 0.45781250 0.04375000 0.01875000
1 0.03359375 0.42656250 0.06718750 0.03750000
1 0.87656250 0.21093750 0.09687500 0.04062500
1 0.97265625 0.33125000 0.05468750 0.03125000
1 0.04375000 0.36093750 0.08750000 0.04062500
1 0.37500000 0.23359375 0.10000000 0.04218750
1 0.18828125 0.41640625 0.10156250 0.03906250
1 0.33046875 0.34843750 0.09218750 0.03750000
1 0.48828125 0.22890625 0.09531250 0.04531250
1 0.17109375 0.29843750 0.10468750 0.04062500
1 0.80625000 0.51406250 0.03750000 0.02187500
1 0.44921875 0.28750000 0.09843750 0.04062500
1 0.84609375 0.33671875 0.08593750 0.03593750
1 0.71640625 0.27656250 0.09531250 0.03750000
1 0.97500000 0.20781250 0.05000000 0.03750000
1 0.70937500 0.34375000 0.07187500 0.03750000
1 0.88281250 0.48515625 0.07812500 0.02656250
1 0.69765625 0.40000000 0.04843750 0.04062500
1 0.85156250 0.62656250 0.06562500 0.03750000
1 0.52265625 0.40390625 0.09218750 0.04218750
1 0.61718750 0.22343750 0.09062500 0.03750000
1 0.31171875 0.29531250 0.09531250 0.04062500
1 0.96953125 0.47578125 0.03593750 0.02031250
1 0.86640625 0.26953125 0.09843750 0.03906250
1 0.90312500 0.48359375 0.03750000 0.02031250
0 0.65546875 0.04921875 0.25156250 0.05781250
