1 0.86250000 0.02734375 0.11562500 0.05156250
1 0.01640625 0.68593750 0.03281250 0.09062500
1 0.44453125 0.04531250 0.10781250 0.04062500
1 0.01875000 0.80625000 0.03750000 0.09375000
1 0.06953125 0.71171875 0.04218750 0.09843750
1 0.07421875 0.83203125 0.03906250 0.09218750
1 0.67343750 0.09296875 0.10625000 0.04218750
1 0.10781250 0.24296875 0.08750000 0.07968750
1 0.02812500 0.96406250 0.04062500 0.07187500
1 0.99453125 0.08437500 0.01093750 0.04062500
1 0.42109375 0.10625000 0.10781250 0.04687500
1 0.57031250 0.03671875 0.10000000 0.03906250
1 0.70312500 0.03437500 0.10625000 0.04375000
1 0.08046875 0.95156250 0.03906250 0.08750000
