1 0.65468750 0.04765625 0.04062500 0.09531250
1 0.58906250 0.21406250 0.04375000 0.09687500
1 0.97343750 0.15312500 0.04375000 0.10312500
1 0.79218750 0.54296875 0.06250000 0.10156250
1 0.53125000 0.28906250 0.03750000 0.09375000
1 0.89609375 0.70234375 0.08593750 0.09531250
1 0.93125000 0.40937500 0.06250000 0.07812500
1 0.04609375 0.42265625 0.09218750 0.05156250
1 0.07109375 0.89375000 0.09531250 0.04062500
1 0.19687500 0.08515625 0.04375000 0.09843750
1 0.36015625 0.72812500 0.10156250 0.05312500
1 0.06328125 0.95390625 0.09843750 0.03906250
1 0.46406250 0.21953125 0.03750000 0.09218750
1 0.18281250 0.94843750 0.10312500 0.04375000
1 0.19609375 0.88828125 0.10156250 0.03906250
1 0.65234375 0.19062500 0.04218750 0.11250000
1 0.58906250 0.86640625 0.08750000 0.08906250
1 0.67656250 0.98984375 0.04375000 0.02031250
1 0.47890625 0.38281250 0.04218750 0.10312500
1 0.53359375 0.10000000 0.04218750 0.10000000
1 0.59687500 0.06718750 0.04062500 0.10000000
1 0.72109375 0.28984375 0.04218750 0.10468750
1 0.14687500 0.34687500 0.10000000 0.10312500
1 0.99062500 0.53359375 0.01875000 0.04218750
2 0.57109375 0.44687500 0.01718750 0.01562500
2 0.40234375 0.83906250 0.02031250 0.02812500
2 0.19062500 0.41328125 0.01875000 0.02031250
2 0.40937500 0.43281250 0.03750000 0.04062500
2 0.44218750 0.41406250 0.02812500 0.02500000
2 0.66250000 0.72343750 0.02187500 0.02500000
2 0.92187500 0.04296875 0.01250000 0.01718750
2 0.31953125 0.39140625 0.02968750 0.03281250
2 0.72031250 0.83437500 0.03437500 0.05000000
2 0.46953125 0.72421875 0.01406250 0.02343750
2 0.86250000 0.98515625 0.02812500 0.02968750
2 0.18671875 0.30546875 0.03593750 0.03906250
2 0.35078125 0.43125000 0.02968750 0.02187500
2 0.39375000 0.44375000 0.01562500 0.02187500
2 0.28437500 0.54921875 0.01562500 0.02343750
2 0.41015625 0.42578125 0.02031250 0.02656250
2 0.18984375 0.39843750 0.02031250 0.01875000
2 0.71953125 0.84140625 0.03281250 0.03593750
2 0.42812500 0.45156250 0.01562500 0.03750000
2 0.35312500 0.56015625 0.01875000 0.01718750
2 0.01171875 0.47968750 0.02343750 0.01250000
2 0.99531250 0.82500000 0.00937500 0.02812500
2 0.36328125 0.84921875 0.02343750 0.03593750
2 0.68750000 0.76953125 0.06875000 0.11406250
2 0.29765625 0.56093750 0.04218750 0.04687500
2 0.28984375 0.89375000 0.02031250 0.01562500
2 0.39375000 0.43828125 0.01562500 0.02656250
2 0.40703125 0.44140625 0.02031250 0.02343750
2 0.42187500 0.43359375 0.02187500 0.02968750
2 0.19218750 0.40546875 0.02500000 0.03281250
2 0.99140625 0.40312500 0.01718750 0.06875000
2 0.42500000 0.13593750 0.02500000 0.02500000
2 0.28750000 0.55312500 0.02187500 0.03125000
2 0.38203125 0.10390625 0.02656250 0.02656250
2 0.40234375 0.43906250 0.02968750 0.02812500
2 0.07968750 0.51796875 0.00937500 0.01093750
2 0.15703125 0.45937500 0.01406250 0.01562500
2 0.36250000 0.84218750 0.02187500 0.02187500
2 0.66953125 0.72812500 0.03281250 0.03437500
2 0.14453125 0.27578125 0.01406250 0.07343750
2 0.55781250 0.34531250 0.01250000 0.01562500
2 0.33281250 0.42968750 0.01875000 0.01875000
2 0.43671875 0.41484375 0.02343750 0.02343750
2 0.37968750 0.58125000 0.03750000 0.03437500
2 0.28359375 0.89375000 0.01093750 0.01250000
2 0.51171875 0.53203125 0.01718750 0.02031250
2 0.56640625 0.44843750 0.02656250 0.02187500
2 0.48046875 0.72421875 0.01718750 0.02343750
2 0.94609375 0.60546875 0.01718750 0.01406250
2 0.78281250 0.92578125 0.03125000 0.02656250
2 0.71562500 0.81875000 0.01562500 0.01875000
2 0.29453125 0.38984375 0.01718750 0.02031250
2 0.40312500 0.83828125 0.02187500 0.02968750
2 0.47578125 0.72421875 0.02656250 0.02343750
2 0.55937500 0.44687500 0.01250000 0.01875000
2 0.70781250 0.76875000 0.02500000 0.02812500
2 0.28671875 0.89375000 0.01406250 0.01250000
2 0.72500000 0.60625000 0.03125000 0.02812500
2 0.67890625 0.73437500 0.01718750 0.02187500
2 0.37343750 0.39765625 0.01875000 0.02031250
2 0.33593750 0.41406250 0.02500000 0.03750000
2 0.77734375 0.92265625 0.02031250 0.02031250
2 0.38281250 0.39140625 0.03750000 0.04218750
