1 0.38281250 0.36171875 0.08437500 0.04531250
1 0.89921875 0.42890625 0.08281250 0.04218750
1 0.83046875 0.13906250 0.08906250 0.04062500
1 0.29609375 0.42656250 0.08593750 0.04062500
1 0.77109375 0.08125000 0.08906250 0.04062500
1 0.03984375 0.30078125 0.07968750 0.05468750
1 0.33984375 0.06093750 0.07968750 0.03437500
1 0.82187500 0.02109375 0.09062500 0.03906250
1 0.01640625 0.36171875 0.03281250 0.03906250
1 0.77812500 0.48281250 0.09062500 0.03750000
1 0.04531250 0.07500000 0.06875000 0.03125000
1 0.27265625 0.48125000 0.09531250 0.03750000
1 0.95625000 0.20468750 0.08750000 0.03437500
1 0.53671875 0.47421875 0.08906250 0.03593750
1 0.04609375 0.47421875 0.09218750 0.03593750
1 0.99453125 0.08984375 0.01093750 0.03906250
1 0.05625000 0.14218750 0.09375000 0.03750000
1 0.29609375 0.17890625 0.09218750 0.04218750
1 0.75859375 0.20312500 0.09218750 0.03750000
1 0.26093750 0.12890625 0.08750000 0.03593750
1 0.03359375 0.24687500 0.06718750 0.03750000
1 0.97031250 0.14375000 0.05937500 0.03437500
1 0.08359375 0.01328125 0.08593750 0.02656250
1 0.51562500 0.18984375 0.09062500 0.04218750
1 0.81093750 0.36718750 0.10312500 0.04687500
1 0.61718750 0.14140625 0.09062500 0.03906250
1 0.02812500 0.41953125 0.05625000 0.03593750
0 0.92734375 0.27187500 0.14531250 0.05312500
0 0.21171875 0.55000000 0.24218750 0.05625000
0 0.57890625 0.02421875 0.22968750 0.04843750
2 0.30546875 0.75859375 0.01718750 0.02343750
2 0.37187500 0.89375000 0.01875000 0.01875000
2 0.09453125 0.82968750 0.03593750 0.03750000
2 0.77734375 0.59140625 0.04843750 0.05468750
2 0.99296875 0.00312500 0.01406250 0.00625000
2 0.87812500 0.94453125 0.02812500 0.03281250
2 0.96718750 0.70703125 0.05937500 0.03593750
2 0.23125000 0.76484375 0.01875000 0.03281250
2 0.21484375 0.99218750 0.02968750 0.01562500
2 0.29453125 0.75703125 0.03593750 0.03281250
2 0.38203125 0.87656250 0.02031250 0.02187500
2 0.06406250 0.85625000 0.01875000 0.02187500
2 0.17343750 0.66640625 0.02500000 0.02343750
2 0.03828125 0.65546875 0.02656250 0.03593750
2 0.98593750 0.71171875 0.02187500 0.02656250
2 0.20625000 0.81796875 0.01250000 0.01406250
2 0.33750000 0.77343750 0.02500000 0.02500000
2 0.19218750 0.79609375 0.01562500 0.01718750
2 0.37734375 0.88515625 0.02968750 0.03593750
2 0.02656250 0.96250000 0.03125000 0.03125000
2 0.28671875 0.75390625 0.02031250 0.02343750
2 0.18515625 0.79765625 0.03281250 0.02031250
2 0.24765625 0.70703125 0.01718750 0.02031250
2 0.17500000 0.79375000 0.01562500 0.01250000
2 0.73125000 0.69921875 0.01562500 0.02031250
2 0.23281250 0.68750000 0.01562500 0.02187500
2 0.12421875 0.81250000 0.02343750 0.02187500
2 0.13437500 0.71171875 0.01875000 0.01718750
2 0.33281250 0.77031250 0.01562500 0.01562500
2 0.94531250 0.70156250 0.01562500 0.02500000
2 0.04453125 0.98984375 0.02656250 0.02031250
2 0.11953125 0.94921875 0.02343750 0.02656250
2 0.74609375 0.62890625 0.02031250 0.01718750
2 0.11484375 0.95000000 0.03281250 0.03125000
2 0.39453125 0.92890625 0.01718750 0.04843750
2 0.23906250 0.70312500 0.03437500 0.05312500
2 0.13515625 0.98125000 0.03906250 0.03750000
