2 0.11406250 0.62109375 0.01875000 0.02031250
2 0.12187500 0.65000000 0.02187500 0.02812500
2 0.48125000 0.00390625 0.01562500 0.00781250
2 0.25234375 0.60078125 0.02656250 0.02031250
2 0.15078125 0.61406250 0.02968750 0.02187500
2 0.11640625 0.65312500 0.01093750 0.02187500
2 0.23750000 0.63515625 0.02500000 0.02656250
2 0.12343750 0.64140625 0.01875000 0.01406250
2 0.16015625 0.61796875 0.01406250 0.01718750
2 0.07031250 0.57890625 0.01562500 0.01406250
2 0.28046875 0.67500000 0.02968750 0.02187500
2 0.20781250 0.57421875 0.03125000 0.02343750
2 0.11796875 0.76796875 0.01406250 0.01406250
2 0.13828125 0.58203125 0.02656250 0.02031250
2 0.24296875 0.61015625 0.01406250 0.02343750
2 0.14218750 0.70859375 0.01562500 0.02031250
2 0.31250000 0.59921875 0.03125000 0.02656250
2 0.14453125 0.61093750 0.01718750 0.01562500
2 0.04062500 0.80156250 0.03125000 0.03750000
2 0.09296875 0.56875000 0.01718750 0.01562500
2 0.26328125 0.57656250 0.02031250 0.02500000
2 0.01171875 0.52109375 0.02343750 0.01406250
2 0.28437500 0.57812500 0.02187500 0.02187500
2 0.27421875 0.57734375 0.03906250 0.02656250
2 0.06796875 0.79687500 0.02343750 0.04375000
2 0.13984375 0.77890625 0.02031250 0.02656250
1 0.74921875 0.20937500 0.03593750 0.09062500
1 0.42421875 0.97656250 0.03906250 0.04687500
1 0.00781250 0.27968750 0.01562500 0.04062500
1 0.00546875 0.45625000 0.01093750 0.03437500
1 0.01406250 0.52343750 0.02812500 0.02187500
1 0.72968750 0.68437500 0.04062500 0.08750000
1 0.70078125 0.10781250 0.03906250 0.08750000
1 0.01718750 0.27812500 0.03437500 0.04687500
1 0.46562500 0.71328125 0.03750000 0.09531250
1 0.26015625 0.74140625 0.04218750 0.03593750
1 0.65156250 0.97187500 0.03750000 0.05625000
1 0.45078125 0.41484375 0.03906250 0.08906250
1 0.01718750 0.33828125 0.03437500 0.04843750
1 0.64218750 0.49921875 0.03750000 0.08906250
1 0.41562500 0.29531250 0.04375000 0.08750000
1 0.01875000 0.39765625 0.03750000 0.03593750
1 0.65312500 0.78125000 0.03750000 0.08750000
1 0.52343750 0.47187500 0.04062500 0.09687500
1 0.52265625 0.72500000 0.03593750 0.08750000
1 0.02109375 0.21640625 0.04218750 0.05156250
1 0.52421875 0.12031250 0.03593750 0.09062500
1 0.66953125 0.33984375 0.03593750 0.08906250
1 0.49687500 0.98671875 0.03437500 0.02656250
