1 0.51328125 0.87734375 0.09531250 0.04531250
1 0.54531250 0.01796875 0.03750000 0.03593750
1 0.55078125 0.25546875 0.03593750 0.09843750
1 0.20234375 0.01406250 0.04218750 0.02812500
1 0.94843750 0.54531250 0.09687500 0.07812500
1 0.41093750 0.35859375 0.05000000 0.06406250
1 0.66484375 0.12578125 0.03906250 0.09843750
1 0.06718750 0.44687500 0.10625000 0.05312500
1 0.73593750 0.83671875 0.10312500 0.05156250
1 0.48281250 0.42890625 0.04062500 0.09218750
1 0.87578125 0.83203125 0.09531250 0.05156250
1 0.61406250 0.21328125 0.03750000 0.09531250
1 0.54296875 0.11093750 0.03593750 0.10000000
1 0.01875000 0.92421875 0.03750000 0.04531250
1 0.30859375 0.21875000 0.04531250 0.11250000
1 0.23828125 0.90781250 0.10156250 0.04062500
1 0.49765625 0.94218750 0.10156250 0.04375000
1 0.21171875 0.10781250 0.04531250 0.10312500
1 0.13750000 0.80156250 0.09687500 0.04687500
1 0.79453125 0.98671875 0.09843750 0.02656250
1 0.72578125 0.19687500 0.04218750 0.10000000
1 0.19687500 0.24453125 0.05000000 0.07031250
1 0.26093750 0.71796875 0.09687500 0.03906250
1 0.48671875 0.28515625 0.04218750 0.10156250
1 0.66718750 0.01406250 0.04062500 0.02812500
1 0.71796875 0.05390625 0.04218750 0.10781250
1 0.90859375 0.11406250 0.03906250 0.09375000
1 0.97812500 0.89062500 0.04375000 0.04062500
1 0.98125000 0.15078125 0.03750000 0.10156250
1 0.63671875 0.84687500 0.09843750 0.06250000
1 0.10781250 0.91796875 0.08750000 0.03906250
1 0.43515625 0.55546875 0.07968750 0.09531250
1 0.44453125 0.77578125 0.10156250 0.04531250
1 0.60312500 0.08359375 0.04062500 0.10156250
1 0.69921875 0.75937500 0.09843750 0.04375000
1 0.67187500 0.24218750 0.04375000 0.09687500
1 0.17265625 0.36640625 0.10156250 0.10781250
1 0.15468750 0.97265625 0.10000000 0.04218750
1 0.98203125 0.68046875 0.03593750 0.04218750
2 0.85546875 0.22656250 0.01406250 0.01562500
2 0.31250000 0.56875000 0.02812500 0.02812500
2 0.35468750 0.47656250 0.01875000 0.02187500
2 0.40234375 0.49609375 0.02656250 0.01718750
2 0.30546875 0.56796875 0.04218750 0.02968750
2 0.08203125 0.55156250 0.01718750 0.02812500
2 0.29453125 0.56640625 0.02343750 0.02343750
2 0.44296875 0.15234375 0.01406250 0.02343750
2 0.18750000 0.55703125 0.02500000 0.01718750
2 0.59375000 0.43437500 0.03437500 0.03125000
2 0.11328125 0.54218750 0.02343750 0.01562500
2 0.29296875 0.56953125 0.02031250 0.01718750
