1 0.34375000 0.99062500 0.04062500 0.01875000
1 0.15859375 0.38828125 0.10468750 0.03593750
1 0.06953125 0.26953125 0.10468750 0.03906250
1 0.65078125 0.03750000 0.03906250 0.07500000
1 0.55468750 0.47656250 0.04062500 0.09062500
1 0.57187500 0.98906250 0.03750000 0.02187500
1 0.20234375 0.20546875 0.10156250 0.04218750
1 0.51484375 0.57656250 0.05781250 0.08437500
1 0.81171875 0.75156250 0.04218750 0.10000000
1 0.60625000 0.37968750 0.04375000 0.09687500
1 0.53125000 0.07578125 0.03750000 0.09531250
1 0.07812500 0.21250000 0.09687500 0.04062500
1 0.92812500 0.78828125 0.04375000 0.09531250
1 0.86953125 0.76171875 0.04531250 0.11093750
1 0.57187500 0.76093750 0.04062500 0.09687500
1 0.63125000 0.67890625 0.03750000 0.08281250
1 0.31796875 0.39218750 0.10156250 0.04687500
1 0.18828125 0.26562500 0.10156250 0.04375000
1 0.81718750 0.91718750 0.04062500 0.10000000
1 0.53984375 0.28046875 0.04218750 0.10468750
1 0.73750000 0.49843750 0.04687500 0.10312500
1 0.59375000 0.00703125 0.03750000 0.01406250
1 0.24140625 0.48203125 0.07968750 0.04531250
1 0.19375000 0.33046875 0.09687500 0.03906250
1 0.72500000 0.36718750 0.04687500 0.09687500
1 0.62265625 0.53828125 0.04531250 0.09531250
1 0.63046875 0.98203125 0.03593750 0.03593750
1 0.59140625 0.18281250 0.04531250 0.10312500
1 0.74531250 0.65312500 0.04062500 0.09375000
1 0.65859375 0.23125000 0.04218750 0.10625000
1 0.33906250 0.91015625 0.04062500 0.09531250
0 0.75859375 0.86640625 0.06093750 0.26093750
2 0.40468750 0.53437500 0.03125000 0.02187500
2 0.71875000 0.14531250 0.03437500 0.05937500
2 0.41640625 0.57343750 0.02031250 0.02187500
2 0.42109375 0.50859375 0.03593750 0.02343750
