1 0.52031250 0.31796875 0.03750000 0.08593750
1 0.01171875 0.35546875 0.02343750 0.03906250
1 0.87343750 0.71796875 0.09375000 0.10781250
1 0.02968750 0.46718750 0.05937500 0.04062500
1 0.12187500 0.57656250 0.04375000 0.02500000
1 0.12031250 0.00546875 0.05937500 0.01093750
1 0.35156250 0.64609375 0.06562500 0.08281250
1 0.76250000 0.87187500 0.05937500 0.08750000
1 0.01250000 0.29687500 0.02500000 0.03750000
1 0.66875000 0.03046875 0.03750000 0.06093750
1 0.52109375 0.70546875 0.03593750 0.08593750
1 0.45468750 0.95937500 0.04062500 0.08125000
1 0.02500000 0.53593750 0.05000000 0.05000000
1 0.66640625 0.39296875 0.03281250 0.08593750
1 0.53750000 0.07812500 0.04375000 0.09375000
1 0.02031250 0.41093750 0.04062500 0.04687500
1 0.19921875 0.59453125 0.05156250 0.02968750
1 0.98828125 0.97812500 0.02343750 0.04375000
1 0.45937500 0.17578125 0.03750000 0.08906250
1 0.67031250 0.90312500 0.04062500 0.08437500
1 0.47109375 0.48984375 0.03906250 0.09218750
1 0.20078125 0.52734375 0.08906250 0.03593750
2 0.82109375 0.04375000 0.01718750 0.03125000
2 0.15937500 0.58984375 0.01875000 0.02031250
2 0.16484375 0.60625000 0.02968750 0.01875000
2 0.78046875 0.08750000 0.01718750 0.02500000
2 0.02265625 0.41328125 0.01718750 0.03906250
2 0.10625000 0.54296875 0.01562500 0.01406250
2 0.12109375 0.53515625 0.02343750 0.02031250
2 0.15937500 0.64609375 0.02187500 0.01718750
2 0.35625000 0.45390625 0.01875000 0.03281250
2 0.17578125 0.22734375 0.02031250 0.01718750
2 0.20000000 0.22968750 0.02500000 0.01562500
2 0.27031250 0.58359375 0.02187500 0.01406250
2 0.14453125 0.23125000 0.01718750 0.01250000
2 0.96953125 0.76953125 0.03906250 0.03593750
2 0.26640625 0.74609375 0.02968750 0.03906250
2 0.34843750 0.54843750 0.01875000 0.02500000
2 0.37187500 0.85781250 0.01875000 0.01875000
2 0.15781250 0.79375000 0.01875000 0.03437500
2 0.34218750 0.44218750 0.01562500 0.02500000
2 0.31640625 0.45156250 0.01718750 0.02500000
2 0.24921875 0.60781250 0.02031250 0.02812500
2 0.81328125 0.12343750 0.02031250 0.02500000
2 0.23437500 0.57187500 0.01250000 0.02187500
2 0.33593750 0.87578125 0.02187500 0.02656250
2 0.20078125 0.31562500 0.02343750 0.01562500
2 0.14765625 0.65390625 0.04531250 0.03281250
2 0.98125000 0.77421875 0.01562500 0.02656250
2 0.35703125 0.91328125 0.01093750 0.03281250
2 0.13203125 0.78203125 0.01406250 0.01406250
2 0.29453125 0.29296875 0.01406250 0.01718750
2 0.99375000 0.37421875 0.01250000 0.02343750
2 0.96093750 0.76250000 0.02187500 0.02187500
2 0.19687500 0.22578125 0.03125000 0.02343750
2 0.37968750 0.94921875 0.01250000 0.02968750
