1 0.68515625 0.01718750 0.09531250 0.03437500
1 0.04765625 0.04140625 0.09531250 0.04218750
1 0.95000000 0.01093750 0.10000000 0.02187500
1 0.54531250 0.07968750 0.09062500 0.03750000
1 0.95234375 0.06484375 0.09531250 0.03906250
1 0.10312500 0.10156250 0.10000000 0.04375000
1 0.16406250 0.03281250 0.10000000 0.03750000
1 0.68906250 0.56171875 0.09375000 0.04843750
1 0.49375000 0.27343750 0.10937500 0.05000000
1 0.29921875 0.03203125 0.10468750 0.04218750
1 0.24921875 0.32734375 0.10156250 0.05781250
1 0.22734375 0.22343750 0.09843750 0.04062500
1 0.63906250 0.16796875 0.11562500 0.04531250
1 0.82656250 0.01640625 0.09687500 0.03281250
1 0.42343750 0.02265625 0.10312500 0.04531250
1 0.41796875 0.08906250 0.10781250 0.04687500
1 0.56406250 0.02187500 0.10000000 0.04375000
1 0.68906250 0.07578125 0.10312500 0.03906250
1 0.22968750 0.09453125 0.11250000 0.04843750
1 0.99296875 0.26171875 0.01406250 0.04218750
1 0.81484375 0.07500000 0.10156250 0.04062500
