1 0.76015625 0.27031250 0.08593750 0.03437500
1 0.06796875 0.31875000 0.08593750 0.04062500
1 0.50000000 0.27109375 0.09375000 0.03593750
1 0.62578125 0.33046875 0.10468750 0.03906250
1 0.76328125 0.21406250 0.08593750 0.03750000
1 0.37890625 0.38984375 0.10156250 0.03906250
1 0.76796875 0.44921875 0.09218750 0.04218750
1 0.01328125 0.37343750 0.02656250 0.03750000
1 0.51640625 0.38359375 0.08906250 0.03906250
1 0.09765625 0.37812500 0.09843750 0.04062500
1 0.35546875 0.32500000 0.09531250 0.03750000
1 0.51484375 0.07968750 0.10156250 0.04687500
1 0.23828125 0.37812500 0.09531250 0.04062500
1 0.48828125 0.33125000 0.09218750 0.03750000
1 0.21406250 0.20390625 0.09062500 0.04531250
1 0.19765625 0.32812500 0.09531250 0.03750000
1 0.74765625 0.33046875 0.08593750 0.03593750
1 0.64531250 0.27500000 0.09062500 0.03750000
1 0.75546875 0.51250000 0.09531250 0.03750000
1 0.61015625 0.44609375 0.10468750 0.03906250
1 0.45937500 0.50390625 0.09375000 0.03906250
1 0.64140625 0.38593750 0.08906250 0.04062500
1 0.30156250 0.55546875 0.10312500 0.03593750
1 0.77578125 0.39218750 0.09218750 0.03437500
0 0.15859375 0.95625000 0.12656250 0.08750000
0 0.37109375 0.45078125 0.25468750 0.05468750
0 0.11640625 0.44765625 0.23281250 0.05781250
