2 0.35859375 0.55000000 0.02031250 0.02187500
2 0.81328125 0.60156250 0.02343750 0.03437500
2 0.16796875 0.44687500 0.01406250 0.02187500
2 0.78515625 0.36015625 0.01406250 0.02656250
2 0.04921875 0.14531250 0.02343750 0.04062500
2 0.10468750 0.48750000 0.01250000 0.01562500
2 0.77187500 0.43906250 0.01875000 0.03125000
1 0.59921875 0.96640625 0.08906250 0.03593750
1 0.86093750 0.84062500 0.09375000 0.03750000
1 0.94765625 0.95859375 0.08281250 0.03281250
1 0.95156250 0.78046875 0.09375000 0.03906250
1 0.61015625 0.78203125 0.07968750 0.03593750
1 0.60625000 0.84062500 0.08750000 0.03437500
1 0.71796875 0.78359375 0.08281250 0.03593750
1 0.11093750 0.98750000 0.07812500 0.02500000
1 0.42578125 0.61171875 0.05468750 0.02656250
1 0.82578125 0.96015625 0.09843750 0.04218750
1 0.59921875 0.72890625 0.09218750 0.03906250
1 0.82812500 0.78203125 0.07812500 0.03906250
1 0.98125000 0.90078125 0.03750000 0.03906250
1 0.22812500 0.55625000 0.04062500 0.02500000
1 0.10546875 0.61406250 0.09218750 0.06562500
1 0.03046875 0.04140625 0.01718750 0.02968750
1 0.73515625 0.84296875 0.08906250 0.03593750
1 0.97656250 0.71875000 0.04687500 0.03750000
1 0.86875000 0.90078125 0.09375000 0.03906250
1 0.73750000 0.90078125 0.09062500 0.03593750
1 0.59609375 0.89921875 0.09531250 0.03593750
1 0.75156250 0.71875000 0.09062500 0.03750000
1 0.86328125 0.72265625 0.09531250 0.03906250
1 0.70703125 0.96328125 0.08593750 0.03281250
1 0.96718750 0.84218750 0.06562500 0.03750000
