1 0.38046875 0.98750000 0.08906250 0.02500000
1 0.02421875 0.45312500 0.04843750 0.09687500
1 0.75312500 0.98671875 0.08750000 0.02656250
1 0.20000000 0.74687500 0.09687500 0.04062500
1 0.01875000 0.93984375 0.03750000 0.03906250
1 0.23593750 0.93593750 0.10312500 0.03750000
1 0.39062500 0.93359375 0.09375000 0.03281250
1 0.42265625 0.78593750 0.09218750 0.03750000
1 0.01171875 0.25625000 0.02343750 0.06562500
1 0.88984375 0.85937500 0.08593750 0.05937500
1 0.26250000 0.98906250 0.08750000 0.02187500
1 0.78515625 0.92734375 0.08281250 0.04218750
1 0.11328125 0.94218750 0.09531250 0.03437500
1 0.09687500 0.22109375 0.04375000 0.08906250
1 0.30859375 0.46484375 0.04218750 0.09218750
1 0.66015625 0.93203125 0.08593750 0.03593750
1 0.11250000 0.47421875 0.04687500 0.07031250
1 0.08125000 0.83750000 0.09687500 0.03750000
1 0.02343750 0.98984375 0.04687500 0.02031250
1 0.52578125 0.93515625 0.07656250 0.03593750
1 0.63203125 0.98671875 0.08906250 0.02656250
1 0.51171875 0.98593750 0.08906250 0.02812500
1 0.12500000 0.99140625 0.10000000 0.01718750
1 0.54375000 0.40703125 0.04062500 0.09218750
1 0.21250000 0.20468750 0.05000000 0.08437500
