2 0.28515625 0.60234375 0.01718750 0.02031250
2 0.16406250 0.40625000 0.02187500 0.02812500
2 0.95859375 0.47968750 0.02656250 0.02812500
2 0.26953125 0.53515625 0.02343750 0.03281250
2 0.29453125 0.60312500 0.03593750 0.02187500
2 0.92343750 0.48984375 0.01562500 0.02343750
2 0.27187500 0.54609375 0.03125000 0.05468750
2 0.75390625 0.93359375 0.05156250 0.02968750
2 0.96250000 0.48671875 0.01875000 0.01406250
2 0.16562500 0.40000000 0.02500000 0.04062500
2 0.99609375 0.40078125 0.00781250 0.01718750
2 0.75703125 0.98984375 0.04218750 0.02031250
2 0.68984375 0.48203125 0.02031250 0.01406250
2 0.30390625 0.60312500 0.01718750 0.01875000
2 0.59765625 0.46484375 0.02656250 0.01718750
2 0.64765625 0.41328125 0.02031250 0.01718750
1 0.01875000 0.26015625 0.03750000 0.06718750
1 0.00546875 0.47031250 0.01093750 0.08437500
1 0.12656250 0.47656250 0.04375000 0.06875000
1 0.03671875 0.45937500 0.05468750 0.10000000
1 0.94609375 0.97500000 0.08906250 0.04375000
1 0.11171875 0.22656250 0.04531250 0.09062500
1 0.95000000 0.89921875 0.07812500 0.04531250
1 0.52343750 0.98671875 0.09375000 0.02656250
1 0.04531250 0.67343750 0.09062500 0.04062500
1 0.22421875 0.93046875 0.09531250 0.03593750
1 0.55468750 0.41093750 0.04062500 0.09062500
1 0.22656250 0.21015625 0.05000000 0.08281250
1 0.98593750 0.66484375 0.02812500 0.04218750
1 0.59375000 0.92812500 0.08750000 0.04375000
1 0.32187500 0.46718750 0.04375000 0.09062500
1 0.32734375 0.98750000 0.08281250 0.02500000
1 0.08437500 0.73281250 0.09062500 0.03437500
