2 0.84453125 0.53750000 0.03593750 0.02187500
2 0.20078125 0.56875000 0.02343750 0.01562500
2 0.74140625 0.55937500 0.03593750 0.01875000
2 0.96796875 0.55781250 0.02656250 0.02812500
2 0.92734375 0.64062500 0.02343750 0.02187500
2 0.94609375 0.77890625 0.02031250 0.02968750
2 0.96015625 0.59765625 0.02968750 0.02656250
2 0.50312500 0.63125000 0.00937500 0.01250000
2 0.55625000 0.63203125 0.01250000 0.01406250
2 0.92109375 0.76796875 0.01406250 0.01406250
2 0.94375000 0.77187500 0.01562500 0.01562500
2 0.81640625 0.81796875 0.01406250 0.01718750
2 0.40546875 0.64218750 0.02031250 0.02812500
2 0.92187500 0.62109375 0.02187500 0.02031250
2 0.82187500 0.55468750 0.01250000 0.00937500
2 0.85156250 0.53750000 0.02187500 0.01875000
0 0.60156250 0.45468750 0.24687500 0.05625000
0 0.16406250 0.95703125 0.12500000 0.08593750
0 0.28671875 0.45078125 0.25468750 0.05468750
1 0.60078125 0.32890625 0.10156250 0.04843750
1 0.65625000 0.21484375 0.08125000 0.03281250
1 0.68125000 0.21484375 0.03125000 0.03281250
1 0.77109375 0.27500000 0.07968750 0.04062500
1 0.30156250 0.37968750 0.09687500 0.04062500
1 0.30312500 0.05859375 0.09375000 0.03906250
1 0.91015625 0.45703125 0.10156250 0.03906250
1 0.66250000 0.27890625 0.09375000 0.03593750
1 0.54218750 0.20625000 0.08437500 0.03750000
1 0.77031250 0.21718750 0.08750000 0.03750000
1 0.01875000 0.37656250 0.03750000 0.04062500
1 0.12421875 0.37890625 0.09531250 0.04218750
1 0.73515625 0.98593750 0.09531250 0.02812500
1 0.09140625 0.32031250 0.08593750 0.04687500
1 0.66015625 0.39218750 0.09843750 0.03750000
1 0.84843750 0.33359375 0.09062500 0.03281250
1 0.72265625 0.50859375 0.08593750 0.03593750
1 0.50703125 0.27421875 0.09531250 0.03593750
1 0.54218750 0.56328125 0.10937500 0.03906250
1 0.58437500 0.51250000 0.09687500 0.03750000
1 0.03203125 0.06796875 0.06406250 0.04218750
1 0.27265625 0.33046875 0.09531250 0.03593750
1 0.99375000 0.39687500 0.01250000 0.03125000
1 0.83671875 0.39218750 0.08906250 0.03750000
