1 0.65546875 0.04843750 0.03906250 0.09687500
1 0.90156250 0.03593750 0.04687500 0.07187500
1 0.80156250 0.52578125 0.06250000 0.09218750
1 0.85937500 0.68203125 0.07812500 0.09218750
1 0.07343750 0.89609375 0.09687500 0.03906250
1 0.58828125 0.21718750 0.04218750 0.09687500
1 0.53750000 0.04921875 0.04062500 0.09843750
1 0.19843750 0.08828125 0.04062500 0.10156250
1 0.52890625 0.40000000 0.03906250 0.09687500
1 0.91718750 0.38593750 0.05625000 0.09375000
1 0.42734375 0.78906250 0.09218750 0.06250000
1 0.06406250 0.95546875 0.10000000 0.03906250
1 0.53515625 0.22265625 0.04218750 0.10468750
1 0.17734375 0.20390625 0.05781250 0.11093750
1 0.22343750 0.75703125 0.10312500 0.04218750
1 0.47500000 0.39687500 0.04062500 0.09062500
1 0.19687500 0.89140625 0.10000000 0.04218750
1 0.14453125 0.35390625 0.09531250 0.09218750
1 0.04687500 0.42421875 0.09375000 0.04843750
1 0.47265625 0.15390625 0.03906250 0.09218750
1 0.97187500 0.15625000 0.04062500 0.10312500
1 0.42187500 0.54453125 0.07812500 0.08906250
1 0.59609375 0.07031250 0.03906250 0.10000000
1 0.85859375 0.17187500 0.05156250 0.10000000
1 0.65234375 0.19296875 0.04218750 0.11093750
1 0.18828125 0.95078125 0.10156250 0.04843750
2 0.59609375 0.75468750 0.01718750 0.01562500
2 0.46796875 0.46015625 0.01406250 0.02656250
2 0.70781250 0.84218750 0.05937500 0.03437500
2 0.96562500 0.05078125 0.01250000 0.01718750
2 0.32812500 0.38984375 0.02187500 0.02656250
2 0.99296875 0.43593750 0.01406250 0.02187500
2 0.42031250 0.45625000 0.02500000 0.02187500
2 0.33437500 0.42109375 0.02187500 0.02968750
2 0.02031250 0.54296875 0.03437500 0.02031250
2 0.29140625 0.54140625 0.02968750 0.02343750
2 0.29140625 0.39140625 0.02656250 0.02656250
2 0.29453125 0.56328125 0.03906250 0.03906250
2 0.10859375 0.48359375 0.05156250 0.02031250
2 0.28437500 0.55781250 0.01875000 0.01875000
2 0.45312500 0.64296875 0.01562500 0.01406250
2 0.86875000 0.89140625 0.02500000 0.02031250
2 0.39062500 0.39531250 0.04375000 0.02812500
2 0.01250000 0.48203125 0.02500000 0.01406250
2 0.86250000 0.88984375 0.03750000 0.02656250
2 0.88437500 0.90312500 0.08125000 0.05312500
2 0.42265625 0.44765625 0.02656250 0.03906250
2 0.08046875 0.51953125 0.01093750 0.01093750
2 0.29375000 0.55468750 0.03750000 0.05000000
2 0.18906250 0.40546875 0.01875000 0.02656250
2 0.19453125 0.40781250 0.02968750 0.03125000
2 0.28906250 0.56093750 0.02812500 0.02500000
2 0.72500000 0.92500000 0.02500000 0.02812500
2 0.41406250 0.45625000 0.01875000 0.01875000
2 0.40312500 0.43906250 0.03437500 0.04687500
2 0.90000000 0.91796875 0.01875000 0.01718750
2 0.40781250 0.78671875 0.02500000 0.02968750
2 0.99140625 0.38515625 0.01406250 0.02031250
2 0.91562500 0.92109375 0.01875000 0.01718750
2 0.42500000 0.99218750 0.02500000 0.01562500
2 0.33671875 0.21171875 0.01406250 0.01718750
2 0.92031250 0.04375000 0.01250000 0.01562500
2 0.40000000 0.42890625 0.02812500 0.02656250
2 0.94375000 0.59375000 0.01250000 0.01562500
2 0.72187500 0.84140625 0.03437500 0.03281250
2 0.56328125 0.80312500 0.02656250 0.02187500
2 0.72187500 0.91953125 0.01875000 0.01718750
2 0.87109375 0.03906250 0.01406250 0.01875000
2 0.68906250 0.83984375 0.02187500 0.02343750
2 0.60312500 0.44453125 0.02500000 0.01406250
2 0.61250000 0.76562500 0.01562500 0.01562500
2 0.31171875 0.83046875 0.02031250 0.01406250
2 0.60468750 0.76093750 0.03437500 0.02812500
2 0.35546875 0.20937500 0.01718750 0.03125000
2 0.42500000 0.14218750 0.01250000 0.01562500
2 0.38437500 0.99062500 0.02187500 0.01875000
2 0.32656250 0.85000000 0.05000000 0.05625000
2 0.35156250 0.27656250 0.02187500 0.04375000
