1 0.86406250 0.15390625 0.10312500 0.03593750
1 0.66484375 0.08671875 0.09218750 0.03906250
1 0.27265625 0.52968750 0.09531250 0.03750000
1 0.06171875 0.14687500 0.09531250 0.03750000
1 0.72343750 0.34921875 0.10000000 0.04531250
1 0.49218750 0.23437500 0.09375000 0.03750000
1 0.78046875 0.53437500 0.08593750 0.03750000
1 0.14921875 0.00625000 0.09531250 0.01250000
1 0.66875000 0.23359375 0.08750000 0.03593750
1 0.01250000 0.23515625 0.02500000 0.03906250
1 0.23828125 0.23359375 0.08906250 0.03593750
1 0.46875000 0.08203125 0.09062500 0.03906250
1 0.85078125 0.03125000 0.08906250 0.04375000
1 0.03046875 0.03906250 0.06093750 0.04062500
1 0.83984375 0.23828125 0.09218750 0.04218750
1 0.02421875 0.40937500 0.04843750 0.03750000
1 0.35625000 0.22734375 0.08750000 0.03906250
1 0.38984375 0.28906250 0.09218750 0.03437500
1 0.26953125 0.29218750 0.09218750 0.03437500
1 0.00625000 0.35546875 0.01250000 0.03593750
1 0.20312500 0.34765625 0.10312500 0.04843750
1 0.96406250 0.42500000 0.07187500 0.05937500
1 0.25390625 0.11796875 0.10156250 0.04218750
1 0.10078125 0.22421875 0.09531250 0.03593750
1 0.63359375 0.28828125 0.08906250 0.04218750
1 0.90625000 0.09609375 0.09062500 0.04218750
1 0.71406250 0.41015625 0.09062500 0.03593750
1 0.45078125 0.35234375 0.09218750 0.03906250
1 0.50937500 0.28984375 0.08437500 0.03906250
1 0.56015625 0.14687500 0.10468750 0.03750000
1 0.11484375 0.46640625 0.09218750 0.04218750
1 0.77812500 0.29453125 0.09687500 0.03593750
0 0.42578125 0.45781250 0.26093750 0.08125000
0 0.89765625 0.47812500 0.20468750 0.05937500
0 0.17187500 0.97109375 0.13125000 0.05781250
0 0.41953125 0.47500000 0.24531250 0.04687500
0 0.50000000 0.01562500 0.24062500 0.03125000
2 0.91250000 0.59453125 0.02500000 0.02968750
2 0.82890625 0.60000000 0.03593750 0.01875000
2 0.49375000 0.57578125 0.01875000 0.02031250
2 0.14218750 0.57500000 0.01875000 0.01562500
2 0.21015625 0.57656250 0.02968750 0.01875000
2 0.50390625 0.65625000 0.01093750 0.00937500
2 0.94609375 0.79453125 0.03906250 0.03593750
2 0.95312500 0.79375000 0.02500000 0.03125000
2 0.93750000 0.65703125 0.02812500 0.02656250
2 0.66250000 0.97734375 0.03750000 0.04531250
2 0.48984375 0.59218750 0.02656250 0.01562500
2 0.90937500 0.62109375 0.03437500 0.02656250
2 0.91015625 0.60703125 0.03281250 0.05468750
2 0.90390625 0.62031250 0.02343750 0.02187500
2 0.13203125 0.57500000 0.03906250 0.01562500
2 0.97578125 0.98671875 0.03906250 0.02656250
2 0.49218750 0.58281250 0.02812500 0.03437500
2 0.62968750 0.99218750 0.03750000 0.01562500
