1 0.40937500 0.77343750 0.10312500 0.04375000
1 0.03515625 0.40156250 0.07031250 0.08750000
1 0.89765625 0.15468750 0.05156250 0.05312500
1 0.99296875 0.33125000 0.01406250 0.09687500
1 0.47031250 0.64921875 0.10000000 0.03906250
1 0.04375000 0.66718750 0.08750000 0.04062500
1 0.31796875 0.65000000 0.08906250 0.04687500
1 0.27734375 0.27421875 0.09531250 0.04531250
1 0.80937500 0.75703125 0.10312500 0.03906250
1 0.43046875 0.26562500 0.03593750 0.02500000
1 0.04687500 0.55937500 0.09375000 0.18125000
1 0.94609375 0.68359375 0.10781250 0.03906250
1 0.74375000 0.35078125 0.04687500 0.09843750
1 0.53984375 0.76328125 0.09218750 0.03906250
1 0.68359375 0.75937500 0.10468750 0.04062500
1 0.04453125 0.72578125 0.08906250 0.04218750
1 0.22500000 0.77812500 0.11250000 0.05000000
1 0.29531250 0.71640625 0.10625000 0.04218750
1 0.55781250 0.26796875 0.05625000 0.02968750
1 0.13671875 0.40312500 0.10156250 0.04687500
1 0.18437500 0.66015625 0.10312500 0.04218750
1 0.91562500 0.63515625 0.10625000 0.04218750
1 0.67890625 0.69765625 0.09843750 0.04218750
1 0.40234375 0.39843750 0.11406250 0.04687500
1 0.95000000 0.74765625 0.10000000 0.03906250
1 0.57109375 0.64140625 0.05781250 0.05468750
1 0.42890625 0.70156250 0.08906250 0.05312500
1 0.95625000 0.35546875 0.04375000 0.07656250
1 0.16171875 0.71796875 0.09843750 0.03906250
1 0.04843750 0.23125000 0.07812500 0.08125000
1 0.56171875 0.70468750 0.09843750 0.04062500
1 0.69765625 0.90312500 0.10781250 0.04375000
1 0.53125000 0.38359375 0.08750000 0.03906250
1 0.09921875 0.78515625 0.09843750 0.04218750
1 0.85234375 0.35390625 0.04843750 0.09531250
1 0.79062500 0.35078125 0.04687500 0.09531250
1 0.95000000 0.34296875 0.05625000 0.10156250
1 0.82265625 0.69609375 0.09531250 0.03906250
