1 0.94453125 0.65546875 0.08593750 0.03593750
1 0.45781250 0.96562500 0.08437500 0.03750000
1 0.62421875 0.72265625 0.10156250 0.04531250
1 0.05000000 0.64531250 0.08750000 0.04062500
1 0.92265625 0.96093750 0.09531250 0.03750000
1 0.90781250 0.78437500 0.09687500 0.04062500
1 0.48125000 0.89843750 0.08750000 0.03750000
1 0.20156250 0.96093750 0.10000000 0.03750000
1 0.96406250 0.89765625 0.07187500 0.03593750
1 0.33828125 0.96328125 0.09531250 0.03906250
1 0.25312500 0.89843750 0.09687500 0.03750000
1 0.40390625 0.72265625 0.08593750 0.03906250
1 0.29218750 0.83671875 0.09062500 0.03906250
1 0.70703125 0.78359375 0.10781250 0.04531250
1 0.14609375 0.72890625 0.08281250 0.03593750
1 0.90156250 0.72109375 0.09375000 0.03906250
1 0.37187500 0.64843750 0.09375000 0.03750000
1 0.82187500 0.96328125 0.10000000 0.04218750
1 0.47109375 0.78203125 0.09218750 0.04843750
1 0.52421875 0.84375000 0.09843750 0.03750000
1 0.61328125 0.65546875 0.09843750 0.03593750
1 0.70937500 0.96093750 0.09375000 0.03750000
1 0.77109375 0.83750000 0.09531250 0.03437500
1 0.58203125 0.96093750 0.09531250 0.03750000
1 0.26015625 0.78203125 0.09531250 0.03906250
1 0.97265625 0.84062500 0.05468750 0.03750000
