2 0.08281250 0.93984375 0.02187500 0.02656250
2 0.99296875 0.10859375 0.01406250 0.04218750
2 0.27031250 0.75390625 0.03125000 0.04218750
2 0.33750000 0.87500000 0.02500000 0.02812500
2 0.04765625 0.55468750 0.02031250 0.01562500
2 0.99375000 0.09765625 0.01250000 0.02031250
2 0.88437500 0.88203125 0.02812500 0.05468750
2 0.17968750 0.26718750 0.02187500 0.02500000
2 0.16250000 0.64765625 0.02500000 0.02031250
2 0.04375000 0.55468750 0.01562500 0.01562500
2 0.18281250 0.30156250 0.02500000 0.02500000
2 0.10234375 0.61015625 0.01718750 0.01718750
2 0.94921875 0.78125000 0.04531250 0.05937500
2 0.20781250 0.31640625 0.01875000 0.02031250
2 0.05156250 0.67265625 0.02500000 0.02343750
2 0.16875000 0.60468750 0.02812500 0.02187500
2 0.07734375 0.52968750 0.02031250 0.01875000
2 0.15703125 0.79062500 0.01718750 0.01875000
2 0.19140625 0.62656250 0.02343750 0.02187500
2 0.08515625 0.60781250 0.02031250 0.01875000
2 0.05156250 0.66875000 0.02500000 0.01562500
2 0.13593750 0.66093750 0.02187500 0.02187500
2 0.18671875 0.49843750 0.02031250 0.02812500
2 0.09296875 0.60781250 0.03593750 0.02187500
2 0.88593750 0.86718750 0.02187500 0.02500000
2 0.35859375 0.91796875 0.02031250 0.04218750
2 0.94609375 0.76406250 0.02031250 0.02187500
2 0.15859375 0.79609375 0.02343750 0.02968750
2 0.13515625 0.78437500 0.01406250 0.01250000
0 0.73359375 0.64062500 0.05468750 0.24375000
1 0.68906250 0.25937500 0.03750000 0.09062500
1 0.41250000 0.85859375 0.03750000 0.08593750
1 0.60312500 0.01328125 0.03437500 0.02656250
1 0.02265625 0.41328125 0.04531250 0.04218750
1 0.72578125 0.91796875 0.04531250 0.08281250
1 0.01250000 0.35625000 0.02500000 0.03750000
1 0.94921875 0.78203125 0.04531250 0.05781250
1 0.47500000 0.68671875 0.03437500 0.08281250
1 0.46093750 0.33125000 0.03750000 0.08750000
1 0.19921875 0.59218750 0.05468750 0.02812500
1 0.15078125 0.57656250 0.04531250 0.02812500
1 0.98828125 0.97812500 0.02343750 0.04375000
1 0.48046875 0.98515625 0.03593750 0.02968750
1 0.46484375 0.14531250 0.03593750 0.08437500
1 0.53515625 0.63359375 0.04218750 0.09843750
1 0.66875000 0.97031250 0.04062500 0.05937500
1 0.47109375 0.50234375 0.03593750 0.07656250
1 0.01406250 0.29843750 0.02812500 0.03750000
1 0.53203125 0.89453125 0.03593750 0.09843750
1 0.52500000 0.26484375 0.05000000 0.09218750
1 0.22343750 0.65000000 0.04687500 0.02500000
1 0.60468750 0.12734375 0.04062500 0.08906250
1 0.24375000 0.55625000 0.08437500 0.04687500
1 0.65781250 0.60312500 0.03437500 0.09062500
1 0.45546875 0.01171875 0.03281250 0.02343750
