1 0.30625000 0.72812500 0.10625000 0.04375000
1 0.54531250 0.39843750 0.08437500 0.04062500
1 0.91328125 0.17343750 0.05156250 0.05000000
1 0.04140625 0.41093750 0.08281250 0.09687500
1 0.04921875 0.67890625 0.09843750 0.04218750
1 0.32890625 0.66484375 0.08593750 0.04218750
1 0.73046875 0.65781250 0.10468750 0.04062500
1 0.05078125 0.73750000 0.10156250 0.04062500
1 0.29062500 0.28671875 0.09687500 0.04531250
1 0.27265625 0.41796875 0.10781250 0.05156250
1 0.44453125 0.28125000 0.03593750 0.02500000
1 0.19609375 0.67265625 0.10468750 0.04218750
1 0.80312500 0.36718750 0.04687500 0.09687500
1 0.57187500 0.28515625 0.05625000 0.03281250
1 0.45078125 0.58593750 0.10468750 0.07500000
1 0.96328125 0.36171875 0.06406250 0.10468750
1 0.46640625 0.72187500 0.11718750 0.05000000
1 0.41406250 0.41250000 0.11562500 0.05000000
1 0.06171875 0.24296875 0.07656250 0.08281250
1 0.17421875 0.73203125 0.09843750 0.04218750
1 0.75234375 0.36875000 0.04843750 0.10312500
1 0.15156250 0.41484375 0.10312500 0.04531250
1 0.86562500 0.37187500 0.04687500 0.10000000
