1 0.83750000 0.09375000 0.09375000 0.03750000
1 0.97656250 0.00937500 0.04687500 0.01875000
1 0.53671875 0.21406250 0.08906250 0.03437500
1 0.87031250 0.40625000 0.08750000 0.04062500
1 0.76640625 0.22343750 0.08593750 0.03750000
1 0.65078125 0.22187500 0.07968750 0.03437500
1 0.04687500 0.20937500 0.09375000 0.05312500
1 0.40312500 0.32890625 0.10312500 0.05156250
1 0.83828125 0.34609375 0.08281250 0.03593750
1 0.54843750 0.14296875 0.09375000 0.03906250
1 0.02421875 0.07265625 0.04843750 0.03593750
1 0.33203125 0.50859375 0.09218750 0.04218750
1 0.83437500 0.03984375 0.10000000 0.03906250
1 0.56250000 0.39375000 0.09375000 0.03750000
1 0.13828125 0.44531250 0.09843750 0.03750000
1 0.30234375 0.07968750 0.08906250 0.03437500
1 0.38828125 0.26015625 0.07656250 0.06093750
1 0.11171875 0.01796875 0.09843750 0.03593750
1 0.14375000 0.13125000 0.10000000 0.04687500
1 0.24375000 0.26640625 0.09062500 0.03593750
1 0.30078125 0.20781250 0.10156250 0.04375000
1 0.55859375 0.02265625 0.09531250 0.03906250
1 0.17500000 0.21875000 0.08437500 0.03750000
1 0.14531250 0.33203125 0.09062500 0.03593750
1 0.08437500 0.50625000 0.10625000 0.04062500
1 0.34296875 0.01640625 0.09218750 0.03281250
1 0.92734375 0.15703125 0.08906250 0.03906250
1 0.65781250 0.28593750 0.09062500 0.03750000
1 0.50234375 0.28046875 0.09531250 0.03593750
1 0.76640625 0.28125000 0.08281250 0.04062500
1 0.57187500 0.08125000 0.08750000 0.03750000
0 0.94140625 0.47421875 0.11718750 0.05156250
0 0.15781250 0.96093750 0.13125000 0.07812500
0 0.56953125 0.46250000 0.25156250 0.05000000
