1 0.43750000 0.98750000 0.07812500 0.02500000
1 0.03437500 0.26093750 0.04062500 0.06875000
1 0.81250000 0.94218750 0.09375000 0.03750000
1 0.01250000 0.47734375 0.02500000 0.08906250
1 0.13046875 0.22734375 0.03906250 0.09218750
1 0.00703125 0.26484375 0.01406250 0.08281250
1 0.31640625 0.98828125 0.09531250 0.02343750
1 0.18125000 0.99062500 0.09687500 0.01875000
1 0.05546875 0.45937500 0.05468750 0.09375000
1 0.14765625 0.47890625 0.04531250 0.07031250
1 0.65937500 0.80078125 0.09062500 0.03906250
1 0.81718750 0.98593750 0.11250000 0.02812500
1 0.24687500 0.21093750 0.05000000 0.08437500
1 0.69218750 0.98828125 0.09062500 0.02343750
1 0.34218750 0.47031250 0.04375000 0.09062500
1 0.54296875 0.93671875 0.08593750 0.04531250
1 0.57656250 0.41171875 0.04062500 0.09218750
1 0.67812500 0.93359375 0.09062500 0.03281250
2 0.96718750 0.86015625 0.01562500 0.02343750
2 0.18828125 0.46406250 0.02343750 0.02812500
