2 0.36875000 0.55156250 0.01250000 0.02812500
2 0.10937500 0.55546875 0.02187500 0.01718750
2 0.03281250 0.62421875 0.02812500 0.02656250
2 0.96093750 0.60312500 0.02500000 0.02187500
2 0.24531250 0.58750000 0.03750000 0.02500000
1 0.90156250 0.10078125 0.09687500 0.04218750
1 0.80390625 0.04296875 0.08281250 0.03593750
1 0.54453125 0.47656250 0.08593750 0.03750000
1 0.11875000 0.27812500 0.08750000 0.05312500
1 0.91328125 0.03984375 0.08906250 0.03593750
1 0.73359375 0.15703125 0.08593750 0.03593750
1 0.13593750 0.40234375 0.07812500 0.03593750
1 0.54843750 0.27968750 0.08750000 0.03750000
1 0.88515625 0.35625000 0.09218750 0.03750000
1 0.70703125 0.21328125 0.09218750 0.03906250
1 0.60390625 0.09921875 0.09531250 0.03593750
1 0.94609375 0.27734375 0.08281250 0.03281250
1 0.67343750 0.41328125 0.08750000 0.03906250
1 0.26875000 0.47734375 0.08750000 0.05156250
1 0.62343750 0.15703125 0.09687500 0.03906250
1 0.98750000 0.03828125 0.02500000 0.05156250
1 0.80234375 0.48203125 0.09531250 0.03593750
1 0.82656250 0.21718750 0.09687500 0.03750000
1 0.90703125 0.42265625 0.08906250 0.03281250
1 0.37031250 0.27968750 0.09062500 0.03750000
1 0.69218750 0.27968750 0.08437500 0.03750000
1 0.56484375 0.03828125 0.09843750 0.03906250
1 0.95078125 0.21796875 0.08906250 0.03281250
1 0.59140625 0.20937500 0.09218750 0.03750000
1 0.62734375 0.35390625 0.08906250 0.03906250
1 0.73828125 0.10078125 0.09218750 0.03906250
1 0.82500000 0.27578125 0.09687500 0.04531250
1 0.69062500 0.04609375 0.09062500 0.03593750
1 0.86484375 0.15859375 0.08906250 0.03593750
