2 0.10234375 0.56171875 0.02656250 0.02031250
2 0.93125000 0.63046875 0.01562500 0.02031250
2 0.92656250 0.62890625 0.02500000 0.03906250
2 0.94609375 0.77187500 0.02343750 0.02812500
2 0.93906250 0.55781250 0.01875000 0.02187500
2 0.89296875 0.56484375 0.03593750 0.02343750
2 0.26875000 0.25546875 0.01562500 0.01718750
2 0.50312500 0.62890625 0.01562500 0.01093750
2 0.84453125 0.56093750 0.03906250 0.05312500
2 0.99296875 0.58984375 0.01406250 0.02343750
2 0.45234375 0.56953125 0.03281250 0.02031250
2 0.56562500 0.30000000 0.02500000 0.02500000
2 0.92343750 0.76093750 0.01562500 0.01250000
2 0.45625000 0.56796875 0.02500000 0.01718750
2 0.88203125 0.56718750 0.01406250 0.01875000
2 0.93359375 0.54765625 0.02968750 0.04218750
2 0.97968750 0.54843750 0.01250000 0.02812500
2 0.97578125 0.57890625 0.02656250 0.02031250
2 0.83593750 0.58046875 0.01562500 0.01406250
2 0.95156250 0.65859375 0.02187500 0.02031250
2 0.92187500 0.64140625 0.01562500 0.01406250
2 0.51718750 0.62656250 0.04375000 0.01562500
2 0.52421875 0.62656250 0.02968750 0.01562500
2 0.83515625 0.54218750 0.02343750 0.01562500
2 0.85625000 0.57031250 0.01562500 0.02500000
2 0.92265625 0.62109375 0.02656250 0.02656250
2 0.41015625 0.54375000 0.01718750 0.01562500
2 0.95703125 0.60859375 0.02656250 0.02031250
1 0.78046875 0.27109375 0.07968750 0.03906250
1 0.68203125 0.20546875 0.09218750 0.03593750
1 0.65312500 0.32343750 0.09062500 0.03437500
1 0.96328125 0.09453125 0.07343750 0.05781250
1 0.54531250 0.38203125 0.06562500 0.04843750
1 0.80078125 0.39140625 0.08593750 0.03593750
1 0.01406250 0.31718750 0.02812500 0.03750000
1 0.16953125 0.37734375 0.08906250 0.04218750
1 0.37734375 0.10937500 0.06093750 0.08750000
1 0.48671875 0.01250000 0.09843750 0.02500000
1 0.77109375 0.44843750 0.08281250 0.03750000
1 0.71093750 0.50312500 0.09062500 0.03750000
1 0.92500000 0.49687500 0.07812500 0.03750000
1 0.80000000 0.20625000 0.09687500 0.04062500
1 0.65703125 0.44062500 0.08906250 0.03750000
1 0.04062500 0.37187500 0.08125000 0.03750000
1 0.35234375 0.43828125 0.09218750 0.03906250
1 0.42968750 0.38281250 0.08125000 0.04062500
1 0.24843750 0.32343750 0.09687500 0.04375000
1 0.29453125 0.37734375 0.08593750 0.04218750
1 0.69062500 0.60546875 0.05937500 0.02968750
1 0.66484375 0.39062500 0.08906250 0.03437500
1 0.43750000 0.25546875 0.08437500 0.04531250
1 0.11875000 0.32109375 0.08750000 0.03593750
1 0.67578125 0.26640625 0.08593750 0.03906250
1 0.51015625 0.32343750 0.08906250 0.04375000
1 0.38437500 0.20390625 0.11250000 0.03906250
1 0.47812500 0.44375000 0.09687500 0.03750000
1 0.03750000 0.19843750 0.07500000 0.03750000
1 0.55312500 0.27343750 0.09375000 0.05000000
1 0.38203125 0.32343750 0.09218750 0.03750000
1 0.35859375 0.50078125 0.07968750 0.03906250
1 0.76640625 0.33125000 0.08593750 0.03750000
1 0.68359375 0.56953125 0.08593750 0.04218750
0 0.22109375 0.94765625 0.23906250 0.10468750
0 0.12968750 0.43828125 0.25937500 0.05156250
0 0.13046875 0.42812500 0.26093750 0.07500000
0 0.16796875 0.95390625 0.13281250 0.09218750
