2 0.31875000 0.39531250 0.01562500 0.01562500
2 0.19765625 0.36562500 0.02968750 0.03437500
2 0.79375000 0.26328125 0.01562500 0.01718750
2 0.20234375 0.50234375 0.02968750 0.02968750
2 0.28359375 0.34921875 0.02343750 0.02968750
2 0.23281250 0.38359375 0.01875000 0.03281250
2 0.29296875 0.53359375 0.02031250 0.02656250
2 0.30625000 0.45078125 0.03750000 0.02968750
2 0.31328125 0.44921875 0.02343750 0.02656250
2 0.39296875 0.56484375 0.02343750 0.02968750
1 0.05312500 0.22187500 0.04375000 0.09375000
1 0.97187500 0.27265625 0.05625000 0.03281250
1 0.75000000 0.77968750 0.10000000 0.04062500
1 0.65468750 0.40625000 0.10625000 0.05937500
1 0.36953125 0.61875000 0.10468750 0.04062500
1 0.40234375 0.73359375 0.10156250 0.04218750
1 0.55156250 0.40390625 0.10312500 0.04531250
1 0.00468750 0.98281250 0.00937500 0.03437500
1 0.91406250 0.76875000 0.11250000 0.04375000
1 0.34140625 0.88515625 0.10156250 0.04218750
1 0.49921875 0.94140625 0.10468750 0.04531250
1 0.62031250 0.78281250 0.10312500 0.04062500
1 0.18906250 0.96406250 0.10312500 0.04062500
1 0.28984375 0.21718750 0.04218750 0.09062500
1 0.42578125 0.38750000 0.10156250 0.05625000
1 0.41328125 0.43593750 0.12343750 0.04687500
1 0.81484375 0.40078125 0.11406250 0.05156250
1 0.31015625 0.68281250 0.09531250 0.04062500
1 0.62968750 0.59687500 0.10625000 0.05312500
1 0.18046875 0.16328125 0.04218750 0.10156250
1 0.01484375 0.73515625 0.02968750 0.03906250
1 0.46015625 0.23203125 0.07968750 0.08281250
1 0.94921875 0.38828125 0.09531250 0.03906250
1 0.48750000 0.78984375 0.10000000 0.04218750
1 0.68984375 0.27656250 0.09531250 0.04375000
1 0.98671875 0.58515625 0.02656250 0.04218750
