2 0.19296875 0.01015625 0.01406250 0.02031250
2 0.25625000 0.01718750 0.01562500 0.03437500
1 0.86562500 0.02968750 0.11562500 0.05312500
1 0.70546875 0.03828125 0.10781250 0.04531250
1 0.01484375 0.68984375 0.02968750 0.09218750
1 0.88671875 0.58593750 0.04843750 0.01562500
1 0.13046875 0.69921875 0.05781250 0.02343750
1 0.44453125 0.00546875 0.08906250 0.01093750
1 0.01718750 0.81015625 0.03437500 0.09531250
1 0.06718750 0.71406250 0.04062500 0.10000000
1 0.07265625 0.83593750 0.03906250 0.09375000
1 0.44609375 0.04765625 0.10781250 0.04218750
1 0.95781250 0.58359375 0.04687500 0.01406250
1 0.57265625 0.03828125 0.09843750 0.03906250
1 0.81718750 0.59062500 0.04687500 0.01562500
1 0.02265625 0.94687500 0.03906250 0.10312500
1 0.07812500 0.95625000 0.04062500 0.08750000
