0 0.70312500 0.04218750 0.25312500 0.05625000
1 0.42734375 0.27968750 0.09531250 0.03750000
1 0.50937500 0.04140625 0.08750000 0.03593750
1 0.97656250 0.04921875 0.04687500 0.03593750
1 0.78593750 0.22109375 0.09687500 0.03593750
1 0.87968750 0.28828125 0.10312500 0.03906250
1 0.84687500 0.10781250 0.09375000 0.03437500
1 0.93281250 0.16953125 0.08750000 0.03906250
1 0.41406250 0.38203125 0.09062500 0.03906250
1 0.70000000 0.16484375 0.07187500 0.03281250
1 0.32968750 0.15781250 0.08750000 0.03750000
1 0.44921875 0.16093750 0.09218750 0.03750000
1 0.58437500 0.16328125 0.10625000 0.04218750
1 0.01250000 0.35156250 0.02500000 0.03750000
1 0.32578125 0.10078125 0.08281250 0.03906250
1 0.19921875 0.09687500 0.09531250 0.03750000
1 0.31796875 0.28046875 0.08593750 0.03906250
1 0.87187500 0.05625000 0.08750000 0.03437500
1 0.90156250 0.22656250 0.09687500 0.03437500
1 0.65000000 0.28281250 0.09375000 0.03750000
1 0.21406250 0.27812500 0.09687500 0.04062500
1 0.41718750 0.21875000 0.09375000 0.03750000
1 0.30078125 0.21328125 0.09218750 0.03906250
1 0.97578125 0.28671875 0.04843750 0.03906250
1 0.28593750 0.04531250 0.09062500 0.03750000
1 0.21718750 0.15625000 0.09062500 0.04062500
1 0.18593750 0.20781250 0.09062500 0.03750000
1 0.66718750 0.22031250 0.09375000 0.03750000
1 0.40078125 0.04375000 0.08281250 0.03437500
1 0.98593750 0.11171875 0.02812500 0.03906250
1 0.54375000 0.28671875 0.09687500 0.03593750
1 0.16171875 0.03671875 0.09843750 0.03906250
1 0.54453125 0.22031250 0.08906250 0.03437500
1 0.61093750 0.10546875 0.09687500 0.03593750
1 0.48125000 0.10312500 0.10000000 0.04375000
1 0.80703125 0.16875000 0.08906250 0.03750000
1 0.73125000 0.11093750 0.08750000 0.03750000
1 0.99140625 0.22812500 0.01718750 0.03437500
1 0.76875000 0.28593750 0.08750000 0.03750000
