2 0.86171875 0.44140625 0.02343750 0.03281250
2 0.58046875 0.61250000 0.02031250 0.02187500
2 0.51328125 0.61250000 0.02031250 0.02187500
2 0.74453125 0.60781250 0.01406250 0.02187500
2 0.62578125 0.59687500 0.02656250 0.01875000
2 0.74296875 0.56484375 0.01406250 0.02343750
2 0.10156250 0.48828125 0.02187500 0.01718750
2 0.16796875 0.44765625 0.01406250 0.02031250
2 0.56484375 0.61250000 0.01718750 0.01562500
2 0.43359375 0.61328125 0.02656250 0.02968750
2 0.78515625 0.35625000 0.01718750 0.01562500
2 0.61171875 0.62734375 0.02656250 0.01718750
2 0.56953125 0.58125000 0.02656250 0.01562500
2 0.08046875 0.37578125 0.01718750 0.02343750
2 0.45703125 0.57812500 0.01718750 0.02812500
2 0.69375000 0.59765625 0.01562500 0.01406250
2 0.65078125 0.58828125 0.02656250 0.01718750
2 0.03203125 0.04296875 0.02031250 0.03593750
2 0.61875000 0.60937500 0.01250000 0.01875000
2 0.75859375 0.61796875 0.01093750 0.01406250
2 0.67968750 0.64062500 0.02500000 0.01562500
2 0.05000000 0.14531250 0.02500000 0.04062500
2 0.33593750 0.54375000 0.01875000 0.01562500
1 0.86015625 0.84140625 0.09218750 0.03593750
1 0.94687500 0.95781250 0.08125000 0.03437500
1 0.70703125 0.96250000 0.08281250 0.03125000
1 0.95000000 0.77968750 0.09375000 0.03750000
1 0.59765625 0.96562500 0.08906250 0.03750000
1 0.13671875 0.52187500 0.02968750 0.01875000
1 0.60625000 0.83984375 0.08750000 0.03593750
1 0.71796875 0.78281250 0.08593750 0.03750000
1 0.86640625 0.90000000 0.09218750 0.04062500
1 0.28125000 0.55703125 0.03437500 0.02343750
1 0.15078125 0.46640625 0.02656250 0.02968750
1 0.96640625 0.84140625 0.06718750 0.03593750
1 0.12421875 0.92578125 0.08906250 0.06406250
1 0.97734375 0.71796875 0.04531250 0.03593750
1 0.18671875 0.52500000 0.03593750 0.02812500
1 0.27187500 0.59921875 0.03437500 0.02031250
1 0.82656250 0.95859375 0.09687500 0.04218750
1 0.59843750 0.72812500 0.09375000 0.04062500
1 0.49062500 0.59531250 0.03750000 0.03125000
1 0.22812500 0.55625000 0.04062500 0.02500000
1 0.86015625 0.72187500 0.09218750 0.04062500
1 0.98125000 0.90078125 0.03750000 0.03906250
1 0.73437500 0.84218750 0.08750000 0.03437500
1 0.73750000 0.90000000 0.09062500 0.03750000
1 0.61015625 0.78203125 0.07968750 0.03593750
1 0.22890625 0.38046875 0.04218750 0.01718750
1 0.59375000 0.89843750 0.09375000 0.03750000
1 0.75078125 0.71875000 0.09218750 0.03750000
1 0.82656250 0.78046875 0.07812500 0.03906250
