1 0.13203125 0.99062500 0.09531250 0.01875000
1 0.64687500 0.21093750 0.03750000 0.09687500
1 0.09375000 0.41093750 0.10625000 0.04687500
1 0.58359375 0.24921875 0.03593750 0.09843750
1 0.91718750 0.74375000 0.10625000 0.03750000
1 0.23515625 0.21328125 0.06093750 0.07343750
1 0.44921875 0.98984375 0.09843750 0.02031250
1 0.00546875 0.72187500 0.01093750 0.03750000
1 0.18437500 0.64140625 0.10937500 0.04531250
1 0.10625000 0.88203125 0.08750000 0.03593750
1 0.25546875 0.08203125 0.03906250 0.10468750
1 0.87031250 0.84062500 0.09687500 0.04687500
1 0.01875000 0.88281250 0.03750000 0.03750000
1 0.29921875 0.94296875 0.08906250 0.03906250
1 0.76328125 0.05703125 0.04218750 0.10781250
1 0.49921875 0.76953125 0.08906250 0.03593750
1 0.63671875 0.84218750 0.09843750 0.05937500
1 0.07421875 0.94140625 0.07656250 0.03593750
1 0.34453125 0.20781250 0.04218750 0.09687500
1 0.41250000 0.71250000 0.10625000 0.04375000
1 0.23750000 0.88046875 0.10000000 0.03906250
1 0.75937500 0.98281250 0.10000000 0.03437500
1 0.43593750 0.27578125 0.07500000 0.07656250
1 0.70468750 0.23906250 0.04062500 0.09687500
1 0.90546875 0.92031250 0.08593750 0.03750000
1 0.41093750 0.20468750 0.05625000 0.06562500
1 0.19531250 0.34531250 0.09062500 0.08750000
1 0.04531250 0.80546875 0.09062500 0.04531250
1 0.70546875 0.12500000 0.03906250 0.09687500
1 0.91093750 0.27578125 0.04687500 0.08593750
1 0.71250000 0.01406250 0.04062500 0.02812500
1 0.51250000 0.86562500 0.09687500 0.04375000
1 0.58281250 0.10468750 0.03750000 0.10000000
1 0.64609375 0.08437500 0.03906250 0.10000000
1 0.68437500 0.71328125 0.10625000 0.04531250
1 0.59609375 0.01562500 0.04218750 0.03125000
1 0.98593750 0.81953125 0.02812500 0.03906250
1 0.76171875 0.19843750 0.03906250 0.10000000
2 0.33671875 0.55000000 0.03281250 0.03125000
2 0.44218750 0.42343750 0.02500000 0.02500000
2 0.00937500 0.38828125 0.01875000 0.02343750
2 0.15468750 0.52578125 0.04062500 0.02343750
2 0.32968750 0.54843750 0.04687500 0.03437500
2 0.84531250 0.53906250 0.03750000 0.02187500
2 0.00859375 0.58906250 0.01718750 0.01562500
2 0.21718750 0.46015625 0.02812500 0.02968750
2 0.92421875 0.04921875 0.02031250 0.01718750
2 0.31640625 0.54609375 0.02031250 0.02968750
2 0.17265625 0.42656250 0.02031250 0.01875000
2 0.32734375 0.54140625 0.02343750 0.02031250
2 0.72968750 0.86796875 0.03125000 0.01406250
2 0.34609375 0.47031250 0.03281250 0.02812500
2 0.12968750 0.50625000 0.01250000 0.01250000
2 0.48125000 0.13750000 0.01562500 0.02500000
2 0.38046875 0.46328125 0.02031250 0.02343750
2 0.01718750 0.37500000 0.01562500 0.03125000
2 0.44140625 0.42890625 0.02031250 0.01718750
2 0.43515625 0.48984375 0.03593750 0.03281250
2 0.97656250 0.05937500 0.02187500 0.01875000
2 0.43437500 0.49375000 0.04062500 0.04062500
2 0.38359375 0.46718750 0.02656250 0.03125000
2 0.83828125 0.53906250 0.02031250 0.01875000
