2 0.86015625 0.57109375 0.02343750 0.02031250
2 0.62578125 0.98281250 0.03281250 0.03437500
2 0.93203125 0.64375000 0.01406250 0.01250000
2 0.88828125 0.57343750 0.02656250 0.02187500
2 0.92656250 0.64765625 0.02500000 0.02343750
2 0.94609375 0.78281250 0.02343750 0.03125000
2 0.81875000 0.82656250 0.01875000 0.01562500
2 0.96718750 0.61953125 0.03437500 0.03906250
2 0.93828125 0.78281250 0.03906250 0.03125000
2 0.91250000 0.18125000 0.01875000 0.01875000
2 0.89453125 0.59843750 0.01718750 0.01875000
2 0.97265625 0.62968750 0.02656250 0.02187500
2 0.96171875 0.61250000 0.02343750 0.02500000
2 0.46093750 0.55703125 0.04062500 0.01718750
2 0.75859375 0.56484375 0.01718750 0.02343750
2 0.26875000 0.26484375 0.01562500 0.01093750
2 0.65937500 0.65234375 0.01562500 0.02031250
2 0.41875000 0.58046875 0.03750000 0.01718750
2 0.92500000 0.77187500 0.01562500 0.01250000
2 0.93984375 0.56093750 0.01406250 0.02187500
2 0.91015625 0.59453125 0.01406250 0.01406250
2 0.82500000 0.59062500 0.01875000 0.01875000
2 0.94375000 0.77734375 0.01875000 0.02031250
2 0.96796875 0.97812500 0.03906250 0.04375000
2 0.84296875 0.59140625 0.01718750 0.01718750
2 0.65546875 0.96093750 0.03593750 0.05000000
2 0.91953125 0.62421875 0.02031250 0.02031250
2 0.97656250 0.63203125 0.01875000 0.01406250
1 0.07187500 0.32812500 0.09062500 0.04062500
1 0.78046875 0.39921875 0.08906250 0.03593750
1 0.01718750 0.38203125 0.03437500 0.03906250
1 0.22109375 0.03593750 0.08906250 0.04687500
1 0.38203125 0.39687500 0.10468750 0.04062500
1 0.52109375 0.39140625 0.09218750 0.03906250
1 0.63046875 0.33828125 0.10468750 0.03906250
1 0.74218750 0.51796875 0.10000000 0.03906250
1 0.93593750 0.51718750 0.09375000 0.04375000
1 0.76718750 0.22109375 0.08437500 0.03593750
1 0.10468750 0.38671875 0.09062500 0.03906250
1 0.36250000 0.33125000 0.09687500 0.04062500
1 0.24453125 0.38671875 0.09218750 0.04531250
1 0.49296875 0.33906250 0.09218750 0.03750000
1 0.76562500 0.27734375 0.08750000 0.03906250
1 0.64531250 0.39296875 0.09062500 0.03906250
1 0.77421875 0.45625000 0.09843750 0.04062500
1 0.61640625 0.45234375 0.10781250 0.03906250
1 0.63828125 0.28125000 0.09218750 0.03750000
1 0.65312500 0.21953125 0.07812500 0.03281250
1 0.75312500 0.33671875 0.08750000 0.03593750
1 0.20156250 0.33750000 0.09687500 0.03750000
0 0.04843750 0.45546875 0.09687500 0.05468750
0 0.16484375 0.96093750 0.12968750 0.07812500
0 0.11796875 0.45468750 0.23593750 0.05625000
0 0.16250000 0.45625000 0.13437500 0.05000000
0 0.25312500 0.45625000 0.50625000 0.05937500
0 0.68671875 0.63203125 0.06718750 0.06093750
0 0.37734375 0.45781250 0.25781250 0.05625000
0 0.19609375 0.95546875 0.18906250 0.08906250
