1 0.91250000 0.02734375 0.08750000 0.03593750
1 0.11640625 0.10937500 0.10156250 0.04062500
1 0.01250000 0.34687500 0.02500000 0.04375000
1 0.54375000 0.09609375 0.10937500 0.04218750
1 0.46875000 0.03281250 0.09375000 0.04062500
1 0.17421875 0.04062500 0.09843750 0.03750000
1 0.71250000 0.57890625 0.09687500 0.04531250
1 0.04453125 0.05000000 0.08906250 0.03750000
1 0.57812500 0.59375000 0.04687500 0.01250000
1 0.50859375 0.59375000 0.05156250 0.01250000
1 0.03828125 0.58203125 0.07031250 0.03593750
1 0.30625000 0.04609375 0.10312500 0.03906250
1 0.43984375 0.59453125 0.04843750 0.01406250
1 0.98906250 0.02968750 0.02187500 0.03750000
1 0.15078125 0.23203125 0.09843750 0.04843750
1 0.71484375 0.25703125 0.10468750 0.04218750
1 0.87500000 0.51015625 0.02812500 0.02343750
1 0.97968750 0.08750000 0.04062500 0.04375000
1 0.38281250 0.10312500 0.10625000 0.04062500
1 0.59843750 0.03593750 0.10312500 0.04062500
1 0.69296875 0.09687500 0.10781250 0.04375000
1 0.74687500 0.03281250 0.09687500 0.03750000
1 0.24687500 0.10468750 0.10312500 0.04062500
1 0.82656250 0.09140625 0.10312500 0.03906250
1 0.64687500 0.59140625 0.04375000 0.01406250
