1 0.03750000 0.33671875 0.07500000 0.08906250
1 0.86328125 0.02578125 0.11718750 0.05156250
1 0.01640625 0.68671875 0.03281250 0.09218750
1 0.55000000 0.09765625 0.11875000 0.04218750
1 0.44531250 0.04453125 0.10937500 0.03906250
1 0.01875000 0.80546875 0.03750000 0.09218750
1 0.06953125 0.71171875 0.04218750 0.09843750
1 0.81562500 0.08750000 0.10625000 0.04375000
1 0.07421875 0.83359375 0.03906250 0.09218750
1 0.20312500 0.17656250 0.09375000 0.06875000
1 0.02812500 0.96484375 0.04062500 0.07031250
1 0.57187500 0.03593750 0.09687500 0.03750000
1 0.70390625 0.03593750 0.10781250 0.04375000
1 0.08046875 0.95078125 0.03906250 0.08281250
1 0.43593750 0.00468750 0.07187500 0.00937500
