0 0.26250000 0.72656250 0.24687500 0.05312500
1 0.33125000 0.96953125 0.08437500 0.03906250
1 0.45234375 0.97187500 0.09531250 0.03750000
1 0.68515625 0.73671875 0.09843750 0.03906250
1 0.09140625 0.66406250 0.08906250 0.03750000
1 0.34453125 0.84609375 0.07656250 0.03593750
1 0.19140625 0.89765625 0.08593750 0.03906250
1 0.42031250 0.91171875 0.08437500 0.03906250
1 0.50000000 0.84531250 0.09687500 0.04062500
1 0.91328125 0.91796875 0.09843750 0.03906250
1 0.60546875 0.79531250 0.08906250 0.04062500
1 0.54843750 0.73828125 0.09687500 0.03906250
1 0.78906250 0.97890625 0.09687500 0.03593750
1 0.99375000 0.92031250 0.01250000 0.03125000
1 0.97031250 0.86250000 0.05937500 0.03750000
1 0.96093750 0.80234375 0.07812500 0.04843750
1 0.21328125 0.96171875 0.09531250 0.03906250
1 0.42578125 0.73593750 0.07656250 0.03750000
1 0.34453125 0.78828125 0.08593750 0.04531250
1 0.22656250 0.84296875 0.09687500 0.03593750
1 0.74296875 0.85781250 0.07656250 0.04062500
1 0.30703125 0.90312500 0.08593750 0.03750000
1 0.75078125 0.79453125 0.10156250 0.03593750
1 0.46406250 0.78984375 0.09375000 0.03593750
1 0.90468750 0.98203125 0.08437500 0.03593750
1 0.22187500 0.78750000 0.08750000 0.04375000
1 0.96171875 0.80078125 0.07656250 0.05156250
1 0.98750000 0.98125000 0.02500000 0.03750000
1 0.86953125 0.79843750 0.08593750 0.04062500
1 0.95390625 0.73671875 0.09218750 0.03906250
1 0.64531250 0.91171875 0.08437500 0.04218750
1 0.67578125 0.97578125 0.09218750 0.03593750
1 0.51171875 0.91093750 0.12343750 0.03437500
1 0.62578125 0.85390625 0.10156250 0.03906250
1 0.78125000 0.91250000 0.08750000 0.04062500
1 0.82656250 0.73671875 0.09375000 0.03593750
1 0.56484375 0.97265625 0.09218750 0.03906250
1 0.79765625 0.67343750 0.10468750 0.04062500
1 0.86093750 0.85781250 0.08125000 0.04062500
