1 0.07031250 0.71015625 0.05625000 0.13593750
1 0.68828125 0.29062500 0.09843750 0.04375000
1 0.44531250 0.73906250 0.10937500 0.04062500
1 0.97187500 0.28828125 0.05625000 0.03281250
1 0.95937500 0.72265625 0.08125000 0.04218750
1 0.07109375 0.02656250 0.05781250 0.05312500
1 0.67500000 0.41796875 0.10000000 0.04843750
1 0.01250000 0.65078125 0.02500000 0.10156250
1 0.87968750 0.66484375 0.10000000 0.03906250
1 0.06562500 0.23671875 0.04062500 0.09843750
1 0.84140625 0.72187500 0.09218750 0.04375000
1 0.41718750 0.44765625 0.11562500 0.04843750
1 0.00937500 0.28203125 0.01875000 0.09843750
1 0.57343750 0.73046875 0.10000000 0.03906250
1 0.37656250 0.62421875 0.10000000 0.04218750
1 0.28906250 0.22968750 0.04375000 0.09062500
1 0.42500000 0.39843750 0.10625000 0.05625000
1 0.45000000 0.68125000 0.09687500 0.03750000
1 0.62734375 0.61718750 0.09218750 0.04062500
1 0.18046875 0.17656250 0.04218750 0.10312500
1 0.01171875 0.88125000 0.02343750 0.09375000
1 0.81328125 0.41250000 0.11718750 0.04687500
1 0.59375000 0.67421875 0.10312500 0.04218750
1 0.46015625 0.24453125 0.07968750 0.08281250
1 0.94453125 0.40078125 0.08906250 0.04218750
1 0.49843750 0.61875000 0.09375000 0.04062500
1 0.50781250 0.79843750 0.10000000 0.04062500
1 0.54921875 0.41562500 0.10156250 0.04375000
1 0.63359375 0.79218750 0.11406250 0.04687500
1 0.70546875 0.73046875 0.10781250 0.04218750
1 0.06953125 0.83281250 0.05468750 0.11875000
1 0.97812500 0.65937500 0.03125000 0.05312500
1 0.72812500 0.66640625 0.08750000 0.03906250
2 0.84921875 0.37187500 0.02343750 0.03437500
2 0.27343750 0.59453125 0.02187500 0.03593750
2 0.30390625 0.51562500 0.03593750 0.02500000
2 0.79375000 0.27500000 0.01562500 0.01875000
2 0.24453125 0.62265625 0.01718750 0.02343750
2 0.22265625 0.39296875 0.02968750 0.03281250
2 0.14375000 0.59453125 0.02187500 0.03906250
2 0.29296875 0.35234375 0.02031250 0.02656250
2 0.36796875 0.53046875 0.03593750 0.03281250
2 0.31562500 0.38437500 0.02187500 0.01875000
2 0.22187500 0.45078125 0.03750000 0.02968750
2 0.21171875 0.68828125 0.01718750 0.02656250
