1 0.86015625 0.41875000 0.11718750 0.05000000
1 0.59453125 0.41406250 0.10468750 0.04375000
1 0.71171875 0.73828125 0.10156250 0.03906250
1 0.87812500 0.72656250 0.09062500 0.04062500
1 0.09765625 0.06328125 0.04843750 0.09843750
1 0.97734375 0.73125000 0.04531250 0.03750000
1 0.58046875 0.73125000 0.09843750 0.03750000
1 0.52812500 0.79843750 0.10312500 0.04062500
1 0.11093750 0.92265625 0.09062500 0.08281250
1 0.33671875 0.22031250 0.04218750 0.09062500
1 0.47265625 0.62031250 0.10468750 0.04687500
1 0.25468750 0.58437500 0.08750000 0.05625000
1 0.72656250 0.61328125 0.10000000 0.04218750
1 0.47031250 0.39453125 0.10625000 0.05781250
1 0.22890625 0.16171875 0.04218750 0.10156250
1 0.97421875 0.40781250 0.05156250 0.03750000
1 0.68750000 0.79531250 0.10312500 0.04062500
1 0.33984375 0.03828125 0.04218750 0.07031250
1 0.44687500 0.73828125 0.09375000 0.03906250
1 0.51015625 0.23984375 0.07968750 0.08281250
1 0.76484375 0.66953125 0.07031250 0.04218750
1 0.73906250 0.28984375 0.09687500 0.04218750
0 0.90312500 0.67656250 0.09375000 0.04062500
0 0.56250000 0.67343750 0.26562500 0.05937500
2 0.90234375 0.28437500 0.01718750 0.01875000
2 0.33671875 0.52343750 0.02656250 0.01875000
2 0.82187500 0.29375000 0.01875000 0.01562500
2 0.23437500 0.51250000 0.01562500 0.03437500
2 0.28984375 0.90859375 0.02031250 0.02343750
2 0.29218750 0.49609375 0.01562500 0.02031250
2 0.31953125 0.50390625 0.01406250 0.02656250
2 0.35000000 0.46562500 0.01562500 0.02187500
2 0.84375000 0.27968750 0.01562500 0.01562500
2 0.43750000 0.53437500 0.02187500 0.02187500
2 0.49375000 0.48671875 0.01562500 0.02343750
