1 0.79843750 0.37421875 0.04687500 0.04531250
1 0.88984375 0.56250000 0.13281250 0.05312500
1 0.58203125 0.63828125 0.05468750 0.05781250
1 0.95781250 0.30703125 0.05625000 0.03906250
1 0.85859375 0.32578125 0.04531250 0.04843750
1 0.75859375 0.75468750 0.10468750 0.04062500
1 0.47500000 0.64687500 0.10000000 0.04062500
1 0.94921875 0.87656250 0.10156250 0.04375000
1 0.92343750 0.63046875 0.10937500 0.04531250
1 0.04531250 0.66406250 0.09062500 0.04375000
1 0.32265625 0.64687500 0.08906250 0.04687500
1 0.18828125 0.65781250 0.10156250 0.04062500
1 0.75156250 0.36718750 0.05000000 0.06562500
1 0.60703125 0.57968750 0.09843750 0.04375000
1 0.79921875 0.32734375 0.04531250 0.05468750
1 0.40703125 0.58359375 0.06093750 0.03906250
1 0.14140625 0.39687500 0.10468750 0.04375000
1 0.04921875 0.51953125 0.09843750 0.04531250
1 0.95078125 0.68203125 0.09843750 0.03906250
1 0.75156250 0.34921875 0.05312500 0.10156250
1 0.56718750 0.76093750 0.09375000 0.03750000
1 0.22890625 0.77500000 0.11406250 0.05000000
1 0.30000000 0.71406250 0.10625000 0.04375000
1 0.56640625 0.26953125 0.06093750 0.03906250
1 0.36093750 0.89296875 0.10312500 0.06093750
1 0.45468750 0.50781250 0.05000000 0.04062500
1 0.04687500 0.72265625 0.09375000 0.04218750
1 0.04921875 0.91562500 0.09843750 0.05000000
1 0.79921875 0.34843750 0.04531250 0.09687500
1 0.86093750 0.35000000 0.04687500 0.09687500
1 0.90859375 0.15000000 0.05156250 0.05312500
1 0.43593750 0.70078125 0.08750000 0.05156250
1 0.40703125 0.39375000 0.11406250 0.05312500
1 0.96484375 0.35390625 0.05156250 0.07656250
1 0.56484375 0.70468750 0.10156250 0.04062500
1 0.67734375 0.97031250 0.10156250 0.04062500
1 0.16406250 0.71562500 0.10000000 0.03750000
1 0.42265625 0.58125000 0.09218750 0.04375000
1 0.28281250 0.26875000 0.09687500 0.04062500
1 0.41640625 0.77187500 0.10781250 0.04375000
1 0.05234375 0.22421875 0.07968750 0.08281250
1 0.68671875 0.69609375 0.09843750 0.04218750
1 0.53828125 0.37890625 0.08906250 0.03906250
1 0.10234375 0.78281250 0.10156250 0.04062500
1 0.21093750 0.59375000 0.09687500 0.04687500
1 0.82968750 0.69453125 0.09375000 0.03906250
