1 0.95546875 0.36171875 0.08906250 0.09531250
1 0.71250000 0.96718750 0.09062500 0.03750000
1 0.88750000 0.90468750 0.09062500 0.03437500
1 0.45859375 0.97656250 0.09843750 0.04062500
1 0.97265625 0.95859375 0.05468750 0.03906250
1 0.58828125 0.97421875 0.09843750 0.03906250
1 0.07656250 0.95625000 0.09062500 0.05937500
1 0.32031250 0.98203125 0.09062500 0.03593750
1 0.16640625 0.75390625 0.09531250 0.04218750
1 0.14218750 0.69609375 0.10312500 0.04218750
1 0.85625000 0.43437500 0.10312500 0.04687500
1 0.87734375 0.96015625 0.09843750 0.03906250
1 0.18046875 0.98203125 0.09843750 0.03593750
1 0.65312500 0.91093750 0.10000000 0.04062500
