2 0.30781250 0.78125000 0.01562500 0.03750000
2 0.12890625 0.74843750 0.01406250 0.03750000
2 0.78125000 0.30078125 0.01250000 0.02968750
2 0.26328125 0.94375000 0.02343750 0.03750000
2 0.88203125 0.47500000 0.01718750 0.02500000
2 0.63203125 0.05234375 0.01093750 0.02031250
2 0.87187500 0.02812500 0.02812500 0.02187500
2 0.80625000 0.07734375 0.01562500 0.02968750
2 0.97656250 0.77812500 0.02187500 0.03750000
2 0.20859375 0.39218750 0.01093750 0.01562500
2 0.86562500 0.41484375 0.02187500 0.02968750
2 0.92656250 0.57968750 0.03437500 0.02812500
2 0.81406250 0.34609375 0.01875000 0.02343750
2 0.11328125 0.71406250 0.01718750 0.03125000
2 0.16875000 0.68515625 0.01562500 0.02968750
2 0.12890625 0.73984375 0.01406250 0.02031250
2 0.34765625 0.15859375 0.02031250 0.03281250
2 0.91562500 0.73359375 0.01250000 0.01718750
2 0.18515625 0.48359375 0.02343750 0.01718750
2 0.97890625 0.77343750 0.01718750 0.02500000
2 0.16562500 0.79765625 0.01562500 0.02343750
2 0.11875000 0.74375000 0.01250000 0.01562500
2 0.97812500 0.44609375 0.01250000 0.01406250
2 0.12500000 0.74843750 0.02187500 0.03750000
2 0.87812500 0.47343750 0.02500000 0.02187500
2 0.86015625 0.57734375 0.01718750 0.02656250
2 0.18125000 0.48359375 0.01562500 0.01718750
2 0.15078125 0.96250000 0.02031250 0.03750000
2 0.88125000 0.47265625 0.01562500 0.02031250
2 0.91562500 0.53906250 0.03125000 0.02187500
2 0.96875000 0.44843750 0.03125000 0.01875000
2 0.22031250 0.40937500 0.01562500 0.01875000
2 0.75625000 0.25625000 0.01562500 0.03437500
2 0.57187500 0.90625000 0.01562500 0.01562500
2 0.79531250 0.53046875 0.02500000 0.02343750
2 0.36875000 0.97031250 0.01250000 0.03125000
2 0.22421875 0.44140625 0.02031250 0.01718750
2 0.23125000 0.39453125 0.01875000 0.01718750
2 0.91171875 0.74296875 0.02031250 0.03593750
1 0.47343750 0.73984375 0.03750000 0.08593750
1 0.94765625 0.46250000 0.02656250 0.02812500
1 0.54375000 0.26171875 0.03750000 0.07656250
1 0.69140625 0.11640625 0.03593750 0.09843750
1 0.00546875 0.64609375 0.01093750 0.03281250
1 0.42734375 0.34921875 0.04218750 0.08593750
1 0.60078125 0.21250000 0.03593750 0.09062500
1 0.54921875 0.00937500 0.02968750 0.01875000
1 0.00859375 0.91406250 0.01718750 0.03750000
1 0.94765625 0.66406250 0.08906250 0.05000000
1 0.53281250 0.72500000 0.04062500 0.09687500
1 0.29140625 0.41562500 0.03593750 0.02187500
1 0.67656250 0.96406250 0.03750000 0.07187500
1 0.75937500 0.40468750 0.05625000 0.08750000
1 0.60625000 0.01171875 0.03437500 0.02343750
1 0.37343750 0.51953125 0.06250000 0.08281250
1 0.17421875 0.54765625 0.03906250 0.02656250
1 0.00781250 0.97031250 0.01562500 0.03750000
1 0.49296875 0.11796875 0.03593750 0.09531250
1 0.97031250 0.49375000 0.03750000 0.02500000
1 0.66562500 0.65625000 0.03750000 0.09375000
1 0.48750000 0.44687500 0.04375000 0.09375000
1 0.59453125 0.09531250 0.03281250 0.06562500
1 0.66484375 0.34921875 0.03593750 0.07656250
