1 0.57500000 0.14609375 0.09062500 0.03593750
1 0.86328125 0.02421875 0.08906250 0.03906250
1 0.74296875 0.40390625 0.09218750 0.05156250
1 0.46015625 0.27265625 0.08593750 0.03906250
1 0.33359375 0.20468750 0.09218750 0.03750000
1 0.02421875 0.34687500 0.04843750 0.03750000
1 0.25937500 0.02890625 0.09062500 0.03906250
1 0.34062500 0.27031250 0.09687500 0.03750000
1 0.19453125 0.26875000 0.08593750 0.03750000
1 0.58515625 0.26796875 0.09531250 0.03906250
1 0.45000000 0.03203125 0.09687500 0.03906250
1 0.26718750 0.47265625 0.08750000 0.03906250
1 0.96875000 0.56171875 0.06250000 0.04531250
1 0.62968750 0.34609375 0.08750000 0.03281250
1 0.21875000 0.41015625 0.09375000 0.03906250
1 0.99687500 0.02187500 0.00625000 0.03437500
1 0.12734375 0.09218750 0.08906250 0.03750000
1 0.87031250 0.57109375 0.03750000 0.04531250
1 0.82500000 0.26718750 0.10000000 0.04062500
1 0.62656250 0.02500000 0.10000000 0.04062500
1 0.07265625 0.15546875 0.07968750 0.03593750
1 0.02500000 0.46093750 0.05000000 0.04375000
1 0.79140625 0.07968750 0.10156250 0.03750000
1 0.98593750 0.56171875 0.02812500 0.04531250
1 0.86406250 0.20625000 0.09062500 0.04375000
1 0.45312500 0.09140625 0.08125000 0.03906250
1 0.92578125 0.26718750 0.09531250 0.03750000
1 0.84531250 0.45625000 0.09062500 0.03437500
1 0.42421875 0.35234375 0.09531250 0.04531250
1 0.10156250 0.03125000 0.09062500 0.03750000
1 0.71250000 0.26796875 0.09687500 0.03906250
