2 0.05703125 0.73906250 0.01406250 0.02812500
2 0.32968750 0.65468750 0.01875000 0.01875000
2 0.01875000 0.97500000 0.01562500 0.02500000
2 0.27031250 0.89531250 0.02500000 0.04062500
2 0.07421875 0.93515625 0.02031250 0.03593750
2 0.14375000 0.46171875 0.01562500 0.02656250
2 0.03671875 0.78750000 0.02031250 0.02187500
2 0.37500000 0.13906250 0.01875000 0.02187500
2 0.38593750 0.67578125 0.02500000 0.02343750
2 0.36796875 0.53359375 0.01406250 0.02031250
2 0.02734375 0.24921875 0.02031250 0.02656250
2 0.43828125 0.14375000 0.01406250 0.01562500
1 0.62265625 0.08281250 0.08906250 0.03750000
1 0.97968750 0.02031250 0.04062500 0.03437500
1 0.83046875 0.02343750 0.07343750 0.03437500
1 0.76015625 0.14609375 0.08281250 0.03593750
1 0.57421875 0.03046875 0.09531250 0.03906250
1 0.60234375 0.26484375 0.09843750 0.03906250
1 0.88437500 0.26875000 0.08437500 0.03750000
1 0.97578125 0.26250000 0.04843750 0.04062500
1 0.60312500 0.20390625 0.08125000 0.03593750
1 0.10937500 0.62656250 0.07187500 0.06875000
1 0.59921875 0.14531250 0.09531250 0.03750000
1 0.90625000 0.14218750 0.10312500 0.04062500
1 0.76171875 0.08125000 0.08593750 0.03750000
1 0.71718750 0.20156250 0.08750000 0.04062500
1 0.98750000 0.07968750 0.02500000 0.03437500
1 0.73984375 0.26640625 0.09531250 0.03593750
1 0.69921875 0.02656250 0.08593750 0.03750000
1 0.88593750 0.07812500 0.09062500 0.03750000
1 0.83906250 0.20156250 0.08750000 0.03750000
