1 0.74062500 0.04296875 0.09375000 0.03906250
1 0.03671875 0.14609375 0.07343750 0.03906250
1 0.38593750 0.14765625 0.08750000 0.03593750
1 0.93750000 0.03984375 0.10000000 0.03593750
1 0.75625000 0.28125000 0.08750000 0.03750000
1 0.93437500 0.42578125 0.07812500 0.04531250
1 0.76875000 0.10000000 0.09375000 0.03750000
1 0.95000000 0.15390625 0.09062500 0.04218750
1 0.26875000 0.03203125 0.09062500 0.03906250
1 0.56953125 0.21015625 0.08906250 0.03593750
1 0.88906250 0.28125000 0.08125000 0.04062500
1 0.02890625 0.46875000 0.05781250 0.03750000
1 0.20781250 0.08750000 0.08437500 0.04375000
1 0.98750000 0.28046875 0.02500000 0.03593750
1 0.26093750 0.48125000 0.09375000 0.03750000
1 0.13281250 0.41953125 0.09062500 0.03906250
1 0.34062500 0.20703125 0.08750000 0.03593750
1 0.11015625 0.20546875 0.09218750 0.03593750
1 0.65312500 0.27734375 0.10625000 0.04531250
1 0.98281250 0.10156250 0.03437500 0.03437500
1 0.45781250 0.41640625 0.09375000 0.03593750
1 0.40156250 0.36015625 0.10000000 0.04531250
1 0.47890625 0.09453125 0.07968750 0.03593750
1 0.66953125 0.15468750 0.08593750 0.03750000
1 0.21093750 0.14375000 0.08750000 0.03750000
0 0.17265625 0.27187500 0.23593750 0.05312500
0 0.06875000 0.02578125 0.13750000 0.05156250
2 0.10000000 0.61796875 0.02500000 0.01406250
2 0.57109375 0.57343750 0.03281250 0.02187500
2 0.20781250 0.91328125 0.01875000 0.02343750
2 0.30625000 0.59765625 0.01875000 0.02031250
2 0.77187500 0.59765625 0.01875000 0.02031250
2 0.14375000 0.71093750 0.01562500 0.01875000
2 0.09531250 0.69921875 0.01562500 0.02656250
2 0.86875000 0.59218750 0.01562500 0.01875000
2 0.42343750 0.68828125 0.02500000 0.02343750
2 0.62343750 0.60390625 0.02187500 0.01406250
2 0.22109375 0.60859375 0.03281250 0.02031250
2 0.24375000 0.95000000 0.02187500 0.02500000
