2 0.55234375 0.84765625 0.07656250 0.06718750
2 0.64140625 0.95859375 0.02656250 0.02656250
2 0.29531250 0.90000000 0.03125000 0.04062500
2 0.90468750 0.61015625 0.01562500 0.02343750
2 0.84531250 0.78437500 0.04687500 0.03437500
2 0.20078125 0.60625000 0.02968750 0.03437500
2 0.61953125 0.61640625 0.04218750 0.02656250
2 0.92656250 0.78203125 0.03125000 0.01718750
2 0.94062500 0.79062500 0.02500000 0.03125000
2 0.61718750 0.98593750 0.03750000 0.02812500
2 0.03359375 0.74140625 0.02031250 0.02656250
2 0.35937500 0.63828125 0.02500000 0.04218750
2 0.23203125 0.73593750 0.02031250 0.02812500
2 0.28046875 0.16796875 0.01406250 0.01406250
2 0.81406250 0.83046875 0.03125000 0.01718750
2 0.93281250 0.79062500 0.04062500 0.03125000
2 0.91640625 0.61250000 0.03906250 0.02812500
2 0.95468750 0.72421875 0.01875000 0.02031250
2 0.09453125 0.52109375 0.03906250 0.19843750
2 0.96093750 0.76093750 0.05937500 0.09062500
2 0.46640625 0.92578125 0.03906250 0.05468750
2 0.90703125 0.60937500 0.02031250 0.02187500
2 0.93828125 0.78359375 0.02031250 0.01718750
2 0.64765625 0.97187500 0.03593750 0.05000000
2 0.44140625 0.84140625 0.02343750 0.02656250
2 0.50468750 0.81250000 0.08125000 0.05625000
2 0.63984375 0.58203125 0.04843750 0.01718750
2 0.44375000 0.88203125 0.07812500 0.06093750
2 0.87890625 0.96718750 0.04843750 0.06562500
2 0.91953125 0.78046875 0.01718750 0.01406250
2 0.49375000 0.64296875 0.01250000 0.01093750
2 0.93046875 0.64921875 0.03906250 0.02656250
2 0.31406250 0.60937500 0.03437500 0.03437500
2 0.39453125 0.64687500 0.01718750 0.03437500
2 0.92343750 0.65234375 0.02500000 0.02031250
2 0.79062500 0.58515625 0.02812500 0.01718750
2 0.11875000 0.94453125 0.02187500 0.01406250
2 0.96093750 0.98515625 0.04687500 0.02968750
2 0.91640625 0.62812500 0.03906250 0.05937500
2 0.99296875 0.34921875 0.01406250 0.02968750
2 0.84140625 0.81406250 0.03281250 0.04375000
2 0.74531250 0.89531250 0.14375000 0.13750000
2 0.94296875 0.64765625 0.01406250 0.02343750
2 0.71484375 0.95390625 0.02968750 0.04843750
2 0.87578125 0.81015625 0.03906250 0.04843750
2 0.91328125 0.63203125 0.02656250 0.02343750
2 0.90546875 0.61015625 0.01718750 0.02343750
2 0.37343750 0.97265625 0.05000000 0.05468750
2 0.97421875 0.73671875 0.03593750 0.04531250
2 0.88437500 0.81562500 0.02812500 0.04062500
1 0.64765625 0.22421875 0.07968750 0.03281250
1 0.96250000 0.03203125 0.07500000 0.03593750
1 0.53359375 0.21718750 0.08906250 0.03750000
1 0.39375000 0.27265625 0.06562500 0.04218750
1 0.04453125 0.21484375 0.08906250 0.04843750
1 0.34687500 0.33125000 0.10000000 0.05312500
1 0.76562500 0.28125000 0.07812500 0.04062500
1 0.78515625 0.03125000 0.09531250 0.03750000
1 0.01562500 0.33046875 0.03125000 0.03593750
1 0.70625000 0.40312500 0.08750000 0.03750000
1 0.04218750 0.07578125 0.08437500 0.04531250
1 0.08281250 0.39140625 0.08750000 0.04531250
1 0.29921875 0.21015625 0.10156250 0.04218750
1 0.53281250 0.01875000 0.09687500 0.03750000
1 0.12109375 0.12890625 0.10468750 0.04843750
1 0.24140625 0.26953125 0.08906250 0.03593750
1 0.82265625 0.15312500 0.09531250 0.04375000
1 0.65546875 0.28750000 0.09218750 0.03750000
1 0.17187500 0.22109375 0.08750000 0.03906250
1 0.63750000 0.34453125 0.09062500 0.03593750
1 0.95000000 0.09531250 0.09687500 0.03750000
1 0.50000000 0.28203125 0.09375000 0.03593750
1 0.24921875 0.05234375 0.09843750 0.03906250
1 0.39921875 0.39140625 0.09843750 0.04531250
1 0.57812500 0.46796875 0.09375000 0.03593750
1 0.50625000 0.13828125 0.09375000 0.03906250
1 0.55078125 0.08046875 0.08906250 0.03906250
1 0.74375000 0.09062500 0.09062500 0.03437500
1 0.56640625 0.52187500 0.09843750 0.04062500
1 0.76406250 0.22656250 0.08750000 0.03750000
0 0.17187500 0.22031250 0.08750000 0.04062500
0 0.15546875 0.96328125 0.12968750 0.07343750
0 0.24218750 0.44296875 0.25937500 0.08593750
0 0.22968750 0.46015625 0.23437500 0.05156250
0 0.68515625 0.62656250 0.06406250 0.02500000
0 0.18671875 0.95859375 0.19218750 0.08281250
