0 0.25781250 0.72656250 0.24062500 0.05312500
1 0.32500000 0.96953125 0.08750000 0.03906250
1 0.95000000 0.73593750 0.10000000 0.04062500
1 0.44765625 0.97265625 0.09531250 0.03906250
1 0.92812500 0.66796875 0.09687500 0.03593750
1 0.67031250 0.97656250 0.09062500 0.03750000
1 0.07421875 0.68046875 0.08906250 0.03906250
1 0.33906250 0.84609375 0.07500000 0.03593750
1 0.18984375 0.89687500 0.08593750 0.03750000
1 0.41250000 0.91250000 0.07812500 0.04375000
1 0.49375000 0.84453125 0.09375000 0.03906250
1 0.90546875 0.91796875 0.09843750 0.03906250
1 0.60156250 0.79609375 0.09375000 0.04218750
1 0.11015625 0.59453125 0.03281250 0.01718750
1 0.78203125 0.97812500 0.09843750 0.03750000
1 0.96562500 0.86015625 0.06875000 0.04218750
1 0.01015625 0.60937500 0.02031250 0.02187500
1 0.55625000 0.97187500 0.08750000 0.03750000
1 0.20703125 0.96250000 0.08906250 0.04062500
1 0.33906250 0.78828125 0.08437500 0.04531250
1 0.42109375 0.73671875 0.07343750 0.03906250
1 0.54062500 0.73906250 0.09375000 0.04062500
1 0.22265625 0.84296875 0.09531250 0.03593750
1 0.86406250 0.80156250 0.08125000 0.04375000
1 0.74453125 0.85703125 0.08906250 0.03906250
1 0.29218750 0.90156250 0.06562500 0.03750000
1 0.74296875 0.79531250 0.10156250 0.03750000
1 0.45859375 0.79062500 0.09218750 0.03750000
1 0.89609375 0.98125000 0.08281250 0.03750000
1 0.21953125 0.78593750 0.08593750 0.04062500
1 0.98359375 0.98046875 0.03281250 0.03906250
1 0.62031250 0.85312500 0.10625000 0.03750000
1 0.37031250 0.62500000 0.03125000 0.01875000
1 0.95546875 0.80078125 0.08906250 0.05156250
1 0.77578125 0.91171875 0.08906250 0.03906250
1 0.63984375 0.91250000 0.07968750 0.04062500
1 0.31328125 0.63125000 0.02656250 0.01562500
1 0.52656250 0.91015625 0.08125000 0.03281250
1 0.04140625 0.61171875 0.04843750 0.02031250
1 0.67812500 0.73671875 0.09687500 0.03906250
1 0.81875000 0.73750000 0.09375000 0.03750000
1 0.99062500 0.91953125 0.01875000 0.03593750
1 0.85546875 0.85781250 0.08593750 0.04062500
