2 0.28906250 0.54453125 0.02187500 0.01718750
2 0.79140625 0.44375000 0.03281250 0.04375000
2 0.42031250 0.47500000 0.02187500 0.02187500
2 0.85078125 0.59843750 0.02031250 0.04687500
2 0.79218750 0.43125000 0.02812500 0.01562500
2 0.34453125 0.47734375 0.01718750 0.02031250
2 0.12812500 0.50390625 0.00937500 0.01093750
2 0.33906250 0.47421875 0.02812500 0.02343750
2 0.28437500 0.54140625 0.01250000 0.01093750
2 0.32031250 0.54062500 0.04062500 0.02187500
2 0.40937500 0.31875000 0.01562500 0.01562500
2 0.43437500 0.48984375 0.03125000 0.03593750
2 0.29062500 0.55000000 0.02500000 0.02812500
2 0.48125000 0.12968750 0.01875000 0.03437500
2 0.83359375 0.45234375 0.03593750 0.02656250
2 0.37578125 0.45546875 0.02343750 0.01718750
2 0.85078125 0.60781250 0.01718750 0.02812500
2 0.33203125 0.47187500 0.01406250 0.01875000
2 0.84296875 0.44765625 0.01406250 0.01718750
1 0.92734375 0.92500000 0.09531250 0.04062500
1 0.42578125 0.27968750 0.05156250 0.05312500
1 0.01640625 0.88046875 0.03281250 0.03906250
1 0.25625000 0.07656250 0.03750000 0.10000000
1 0.83984375 0.85468750 0.09531250 0.05937500
1 0.59531250 0.01250000 0.03750000 0.02500000
1 0.34453125 0.20156250 0.04218750 0.09687500
1 0.23906250 0.94218750 0.10000000 0.04687500
1 0.63593750 0.84062500 0.10000000 0.05937500
1 0.01562500 0.93906250 0.03125000 0.04375000
1 0.41328125 0.20000000 0.02968750 0.04687500
1 0.27343750 0.87812500 0.10000000 0.04062500
1 0.42109375 0.33984375 0.06093750 0.04218750
1 0.19296875 0.34375000 0.08906250 0.08437500
1 0.53125000 0.19921875 0.03750000 0.09531250
1 0.70703125 0.23750000 0.04218750 0.09687500
1 0.23515625 0.20703125 0.06093750 0.07656250
1 0.09062500 0.40703125 0.10312500 0.04843750
1 0.70781250 0.12187500 0.04062500 0.10000000
1 0.01093750 0.98750000 0.02187500 0.02500000
1 0.64921875 0.20781250 0.03906250 0.10000000
1 0.88359375 0.26718750 0.04218750 0.09687500
1 0.51171875 0.86562500 0.09531250 0.04375000
1 0.51875000 0.40312500 0.04375000 0.10000000
1 0.58515625 0.24296875 0.03593750 0.09843750
1 0.58515625 0.10000000 0.03906250 0.10000000
1 0.64765625 0.07968750 0.03906250 0.10312500
1 0.71640625 0.01171875 0.03906250 0.02343750
1 0.76640625 0.05390625 0.04218750 0.10781250
1 0.98359375 0.82109375 0.03281250 0.04218750
1 0.76406250 0.19609375 0.04062500 0.09843750
