1 0.76093750 0.21484375 0.09687500 0.03906250
1 0.03984375 0.29687500 0.07968750 0.04062500
1 0.95000000 0.20859375 0.09687500 0.03906250
1 0.14765625 0.35234375 0.08593750 0.03593750
1 0.36796875 0.34765625 0.09843750 0.03593750
1 0.86328125 0.39687500 0.10468750 0.04062500
1 0.85468750 0.33515625 0.08750000 0.03593750
1 0.02421875 0.23828125 0.04843750 0.04218750
1 0.97578125 0.33281250 0.04843750 0.03437500
1 0.25781250 0.34531250 0.09687500 0.03750000
1 0.04765625 0.35546875 0.09531250 0.03593750
1 0.31015625 0.23125000 0.08906250 0.03750000
1 0.18125000 0.29218750 0.10000000 0.04062500
1 0.87656250 0.27031250 0.10000000 0.04062500
1 0.72421875 0.27500000 0.09531250 0.03750000
1 0.70625000 0.34296875 0.05312500 0.03906250
1 0.97187500 0.26562500 0.05625000 0.04375000
1 0.51796875 0.34609375 0.08906250 0.03906250
1 0.45703125 0.28437500 0.09843750 0.04062500
1 0.58750000 0.28281250 0.09687500 0.03750000
1 0.31718750 0.29140625 0.09375000 0.04218750
