1 0.74218750 0.21796875 0.08437500 0.03906250
1 0.40156250 0.40625000 0.09687500 0.04687500
1 0.03750000 0.29921875 0.07500000 0.04218750
1 0.97734375 0.20859375 0.04531250 0.03593750
1 0.78125000 0.39218750 0.08437500 0.03750000
1 0.97031250 0.39453125 0.05937500 0.03593750
1 0.25468750 0.34687500 0.09687500 0.03750000
1 0.42421875 0.34609375 0.09843750 0.03593750
1 0.58203125 0.28281250 0.09218750 0.03750000
1 0.49140625 0.22812500 0.09531250 0.04375000
1 0.88281250 0.21171875 0.09687500 0.03906250
1 0.85078125 0.33671875 0.08593750 0.03593750
1 0.22031250 0.23281250 0.10625000 0.03750000
1 0.25156250 0.40781250 0.10000000 0.03750000
1 0.54921875 0.34609375 0.08906250 0.03906250
1 0.13281250 0.41640625 0.09687500 0.04218750
1 0.38125000 0.22968750 0.10312500 0.04062500
1 0.17968750 0.29375000 0.10312500 0.04062500
1 0.87421875 0.26875000 0.09843750 0.04062500
1 0.72187500 0.27656250 0.09375000 0.03750000
1 0.31484375 0.29296875 0.09218750 0.03906250
1 0.14375000 0.35468750 0.08437500 0.03437500
1 0.04531250 0.35625000 0.09062500 0.03750000
1 0.01171875 0.41718750 0.02343750 0.03750000
1 0.97031250 0.26718750 0.05937500 0.04062500
1 0.45390625 0.28515625 0.09843750 0.03906250
1 0.11015625 0.23515625 0.10468750 0.03906250
1 0.70390625 0.34453125 0.05468750 0.03906250
1 0.62031250 0.22265625 0.09062500 0.03906250
1 0.97500000 0.33359375 0.05000000 0.03281250
