1 0.62421875 0.17031250 0.10468750 0.03750000
1 0.95156250 0.05078125 0.09687500 0.03906250
1 0.78750000 0.29453125 0.09687500 0.03593750
1 0.53125000 0.22578125 0.08437500 0.02968750
1 0.90234375 0.29687500 0.08593750 0.03750000
1 0.42265625 0.50234375 0.10468750 0.03906250
1 0.19296875 0.21406250 0.08593750 0.03750000
1 0.45156250 0.28828125 0.09687500 0.03593750
1 0.54531250 0.05312500 0.09062500 0.04062500
1 0.22187500 0.10546875 0.08750000 0.04218750
1 0.98359375 0.23437500 0.03281250 0.04062500
1 0.82421875 0.05156250 0.09218750 0.03437500
1 0.56250000 0.28828125 0.09375000 0.03593750
1 0.67578125 0.29218750 0.09218750 0.03750000
1 0.21250000 0.28046875 0.09687500 0.03593750
1 0.34296875 0.10468750 0.08593750 0.04375000
1 0.42500000 0.22656250 0.09687500 0.03750000
1 0.22578125 0.16015625 0.09531250 0.03593750
1 0.49843750 0.16171875 0.09687500 0.03906250
1 0.86328125 0.17265625 0.08906250 0.03906250
1 0.34218750 0.16328125 0.07812500 0.03593750
1 0.30546875 0.21953125 0.08593750 0.03593750
1 0.65000000 0.22890625 0.08437500 0.03906250
1 0.98750000 0.29687500 0.02500000 0.04062500
1 0.86875000 0.11562500 0.08750000 0.04375000
1 0.74843750 0.11093750 0.10000000 0.03750000
1 0.46250000 0.10625000 0.09375000 0.03750000
1 0.96484375 0.11562500 0.07031250 0.05312500
1 0.42421875 0.05156250 0.07343750 0.03750000
1 0.60390625 0.11250000 0.09218750 0.04062500
1 0.68203125 0.05234375 0.09843750 0.03906250
1 0.74921875 0.17343750 0.08906250 0.04062500
1 0.97109375 0.17656250 0.05781250 0.03750000
1 0.81328125 0.22812500 0.08906250 0.04062500
1 0.33046875 0.28437500 0.08593750 0.04062500
0 0.26015625 0.04218750 0.24843750 0.05625000
