1 0.56796875 0.37812500 0.03906250 0.09062500
1 0.01171875 0.42656250 0.02343750 0.08437500
1 0.23984375 0.60625000 0.09218750 0.03437500
1 0.28671875 0.69296875 0.10156250 0.04531250
1 0.93750000 0.87890625 0.07812500 0.05156250
1 0.13203125 0.18046875 0.04218750 0.08906250
1 0.32734375 0.95000000 0.09843750 0.04375000
1 0.01250000 0.87968750 0.02500000 0.04062500
1 0.03593750 0.21328125 0.04375000 0.07031250
1 0.49609375 0.52968750 0.07656250 0.09062500
1 0.13984375 0.42812500 0.04531250 0.07187500
1 0.04843750 0.40781250 0.05937500 0.09375000
1 0.99296875 0.91171875 0.01406250 0.03906250
1 0.30312500 0.26328125 0.06250000 0.09843750
1 0.56640625 0.89921875 0.09218750 0.04218750
1 0.20156250 0.89765625 0.10000000 0.03593750
