2 0.44218750 0.28046875 0.01250000 0.01718750
1 0.96640625 0.38359375 0.06718750 0.09843750
1 0.80156250 0.38359375 0.05312500 0.10781250
1 0.45703125 0.42109375 0.11406250 0.05156250
1 0.96484375 0.19140625 0.05156250 0.05468750
1 0.73984375 0.79140625 0.10156250 0.03906250
1 0.87343750 0.91718750 0.10625000 0.04062500
1 0.85156250 0.38593750 0.05000000 0.09687500
1 0.32109375 0.67343750 0.02968750 0.05625000
1 0.05781250 0.61953125 0.10312500 0.04531250
1 0.04687500 0.74140625 0.09375000 0.03906250
1 0.19218750 0.41640625 0.10625000 0.04218750
1 0.06640625 0.39609375 0.10781250 0.05468750
1 0.88906250 0.78750000 0.11562500 0.04375000
1 0.45625000 0.80000000 0.09687500 0.04062500
1 0.91562500 0.72890625 0.10937500 0.04218750
1 0.64843750 0.86093750 0.10312500 0.05312500
1 0.31093750 0.73984375 0.10312500 0.03906250
1 0.10703125 0.24296875 0.07968750 0.08281250
1 0.32109375 0.79687500 0.10468750 0.04062500
1 0.17968750 0.73359375 0.10000000 0.03906250
1 0.61875000 0.29531250 0.05625000 0.03125000
1 0.05859375 0.44296875 0.11718750 0.04843750
1 0.18750000 0.80546875 0.10312500 0.03906250
1 0.27500000 0.97343750 0.10000000 0.04687500
1 0.88437500 0.97656250 0.10625000 0.04687500
1 0.03828125 0.98281250 0.07031250 0.03437500
1 0.91171875 0.38906250 0.04531250 0.09687500
1 0.58671875 0.72734375 0.10468750 0.03906250
1 0.33593750 0.29296875 0.09687500 0.03906250
1 0.58593750 0.79687500 0.10312500 0.03750000
1 0.58906250 0.41015625 0.09062500 0.03906250
1 0.70937500 0.66718750 0.08125000 0.04062500
1 0.25703125 0.89921875 0.10781250 0.04218750
