1 0.26171875 0.67890625 0.02968750 0.01718750
1 0.92968750 0.07343750 0.10000000 0.04062500
1 0.74062500 0.02031250 0.06250000 0.03437500
1 0.61953125 0.08125000 0.08281250 0.03750000
1 0.96328125 0.02031250 0.07343750 0.03437500
1 0.75703125 0.08125000 0.08906250 0.03750000
1 0.36718750 0.14765625 0.08437500 0.03593750
1 0.20703125 0.20468750 0.08281250 0.03437500
1 0.03750000 0.27265625 0.07500000 0.03906250
1 0.77031250 0.26484375 0.10000000 0.03906250
1 0.30468750 0.02656250 0.08437500 0.03750000
1 0.92656250 0.14218750 0.08750000 0.04062500
1 0.31796875 0.20234375 0.08906250 0.04531250
1 0.22109375 0.26640625 0.08593750 0.03906250
1 0.22656250 0.08281250 0.09062500 0.03750000
1 0.49218750 0.07812500 0.09062500 0.03750000
1 0.36718750 0.08125000 0.08437500 0.03750000
1 0.94453125 0.19687500 0.08906250 0.03437500
1 0.20234375 0.14609375 0.09531250 0.03906250
1 0.84687500 0.02265625 0.08437500 0.03593750
1 0.64765625 0.13906250 0.08281250 0.03750000
1 0.51171875 0.14218750 0.10468750 0.04062500
1 0.44375000 0.20312500 0.08750000 0.03750000
1 0.17812500 0.02890625 0.09375000 0.03906250
1 0.58046875 0.26171875 0.09531250 0.04218750
1 0.61171875 0.02109375 0.09218750 0.03593750
1 0.77812500 0.14453125 0.09375000 0.03906250
1 0.43750000 0.02343750 0.07500000 0.03437500
