1 0.05703125 0.98750000 0.03593750 0.02500000
1 0.87500000 0.07109375 0.10000000 0.04531250
1 0.67031250 0.13046875 0.09375000 0.03906250
1 0.01250000 0.71640625 0.02500000 0.08281250
1 0.16875000 0.01250000 0.10000000 0.02500000
1 0.39453125 0.01171875 0.09218750 0.02343750
1 0.01250000 0.97109375 0.02500000 0.05781250
1 0.01875000 0.30937500 0.03750000 0.04062500
1 0.91796875 0.13671875 0.09218750 0.03906250
1 0.85234375 0.02187500 0.10468750 0.04375000
1 0.01250000 0.85859375 0.02500000 0.09531250
1 0.33750000 0.06875000 0.09687500 0.04062500
1 0.06171875 0.89765625 0.04218750 0.09843750
1 0.07812500 0.23046875 0.09687500 0.03593750
1 0.06484375 0.76718750 0.03906250 0.10000000
1 0.79843750 0.13750000 0.10000000 0.04687500
1 0.98906250 0.13984375 0.02187500 0.04218750
1 0.70156250 0.35937500 0.10000000 0.05000000
1 0.49609375 0.13203125 0.09843750 0.03906250
1 0.64218750 0.06796875 0.10625000 0.03906250
0 0.96796875 0.42890625 0.06406250 0.04218750
0 0.31796875 0.31875000 0.25468750 0.05937500
