1 0.33437500 0.45000000 0.04375000 0.09375000
1 0.31328125 0.97109375 0.08906250 0.03593750
1 0.14062500 0.45703125 0.04375000 0.07031250
1 0.00859375 0.72968750 0.01718750 0.04062500
1 0.31250000 0.75781250 0.10000000 0.03750000
1 0.78906250 0.97734375 0.09062500 0.03593750
1 0.00703125 0.24296875 0.01406250 0.08281250
1 0.98203125 0.88125000 0.03593750 0.04062500
1 0.25468750 0.91250000 0.09375000 0.03750000
1 0.53984375 0.97421875 0.10156250 0.04218750
1 0.13593750 0.90546875 0.08750000 0.03906250
1 0.03437500 0.24062500 0.04062500 0.06875000
1 0.05000000 0.43593750 0.05625000 0.09375000
1 0.82890625 0.66406250 0.08906250 0.03750000
1 0.01171875 0.45468750 0.02343750 0.08750000
1 0.98828125 0.96718750 0.02343750 0.03437500
1 0.00625000 0.90859375 0.01250000 0.03593750
1 0.12968750 0.20703125 0.03750000 0.08906250
1 0.38593750 0.84531250 0.07500000 0.07812500
1 0.56640625 0.39687500 0.03906250 0.09062500
2 0.96093750 0.46406250 0.02812500 0.02500000
2 0.25312500 0.54765625 0.01875000 0.02656250
2 0.18281250 0.42578125 0.02187500 0.02343750
2 0.22656250 0.51328125 0.02187500 0.02343750
2 0.15781250 0.60156250 0.02500000 0.01562500
2 0.98281250 0.52968750 0.02187500 0.02812500
2 0.20703125 0.30234375 0.02968750 0.02031250
2 0.18359375 0.43593750 0.02343750 0.04375000
2 0.20859375 0.61718750 0.02343750 0.02500000
2 0.19062500 0.31328125 0.02187500 0.01718750
2 0.21093750 0.62656250 0.03437500 0.04375000
2 0.86796875 0.40703125 0.01093750 0.01093750
2 0.92031250 0.50625000 0.02500000 0.04062500
2 0.12890625 0.50703125 0.02656250 0.01406250
2 0.04921875 0.14140625 0.02031250 0.03593750
2 0.29140625 0.53984375 0.02031250 0.03281250
2 0.91406250 0.51718750 0.01250000 0.01875000
2 0.20078125 0.30625000 0.04218750 0.02812500
2 0.99687500 0.49609375 0.00625000 0.01093750
2 0.92500000 0.51796875 0.01562500 0.01718750
2 0.99453125 0.32968750 0.01093750 0.01562500
2 0.07734375 0.18359375 0.03593750 0.05468750
2 0.92031250 0.51718750 0.02500000 0.01875000
2 0.91718750 0.49687500 0.01562500 0.02187500
2 0.96718750 0.46875000 0.01562500 0.01562500
2 0.20937500 0.63984375 0.03125000 0.01718750
