2 0.16562500 0.96328125 0.03125000 0.03281250
2 0.13750000 0.77109375 0.04375000 0.03593750
2 0.73046875 0.57109375 0.05781250 0.05781250
2 0.17578125 0.57656250 0.02656250 0.02500000
2 0.12343750 0.62578125 0.02812500 0.03906250
2 0.05703125 0.55781250 0.03281250 0.02187500
2 0.04921875 0.56015625 0.02031250 0.02343750
2 0.32187500 0.60000000 0.03125000 0.02500000
2 0.02421875 0.29531250 0.04218750 0.02500000
2 0.23750000 0.61328125 0.02812500 0.02031250
2 0.19609375 0.70859375 0.01718750 0.02968750
2 0.05546875 0.56796875 0.03281250 0.03906250
2 0.10859375 0.61250000 0.04218750 0.03125000
2 0.19375000 0.36562500 0.02187500 0.02187500
2 0.31328125 0.60468750 0.01406250 0.01562500
2 0.00781250 0.44531250 0.01562500 0.03437500
2 0.04453125 0.56484375 0.01718750 0.02031250
2 0.41015625 0.58828125 0.03281250 0.02343750
2 0.29218750 0.52109375 0.03437500 0.02343750
2 0.28203125 0.54453125 0.03593750 0.02343750
2 0.61953125 0.85468750 0.01718750 0.01875000
2 0.06406250 0.53984375 0.01875000 0.02343750
2 0.68281250 0.86718750 0.03437500 0.01562500
2 0.26015625 0.72500000 0.02343750 0.02812500
2 0.20781250 0.58828125 0.02812500 0.02343750
2 0.33515625 0.67500000 0.02968750 0.02187500
2 0.12421875 0.75937500 0.01718750 0.01250000
2 0.18281250 0.54453125 0.01875000 0.02968750
2 0.22968750 0.54921875 0.02812500 0.02968750
2 0.16484375 0.75156250 0.05468750 0.07187500
2 0.11562500 0.59140625 0.03437500 0.02968750
2 0.16562500 0.50234375 0.03125000 0.02656250
2 0.20156250 0.58906250 0.01562500 0.02500000
2 0.66171875 0.91562500 0.02656250 0.01875000
2 0.20000000 0.98984375 0.03125000 0.02031250
2 0.09765625 0.61484375 0.01718750 0.02031250
2 0.13593750 0.53515625 0.01875000 0.02968750
2 0.40703125 0.58828125 0.03593750 0.02343750
2 0.24843750 0.51796875 0.01562500 0.01718750
2 0.28828125 0.54296875 0.02656250 0.02343750
2 0.10468750 0.56250000 0.03437500 0.02500000
2 0.06015625 0.57578125 0.02343750 0.02656250
2 0.04687500 0.79218750 0.03750000 0.04062500
2 0.32265625 0.85703125 0.01093750 0.01718750
2 0.01718750 0.81796875 0.01250000 0.01718750
2 0.84140625 0.94218750 0.01406250 0.01562500
2 0.07890625 0.77500000 0.02656250 0.02500000
2 0.15937500 0.50468750 0.02187500 0.01875000
2 0.63359375 0.80468750 0.02031250 0.02187500
2 0.29375000 0.57109375 0.02500000 0.02031250
2 0.18984375 0.36562500 0.01718750 0.02187500
2 0.32890625 0.55000000 0.03281250 0.02500000
2 0.12578125 0.63359375 0.02343750 0.02343750
2 0.14765625 0.77265625 0.02031250 0.02968750
2 0.63906250 0.74140625 0.02500000 0.02031250
2 0.59609375 0.89375000 0.02343750 0.01875000
1 0.28593750 0.63984375 0.03125000 0.02031250
1 0.45156250 0.43125000 0.05312500 0.08125000
1 0.02500000 0.20468750 0.05000000 0.03750000
1 0.04531250 0.07812500 0.09062500 0.05937500
1 0.01093750 0.44531250 0.02187500 0.03750000
1 0.01171875 0.27031250 0.02343750 0.03750000
1 0.02187500 0.27812500 0.04375000 0.05625000
1 0.15234375 0.17265625 0.07656250 0.06406250
1 0.07500000 0.49218750 0.09375000 0.04062500
1 0.02265625 0.29531250 0.04531250 0.02500000
1 0.23984375 0.51250000 0.03593750 0.03125000
1 0.26406250 0.72734375 0.03437500 0.03281250
1 0.02109375 0.33046875 0.04218750 0.04218750
1 0.02421875 0.38750000 0.04843750 0.04375000
1 0.70000000 0.05625000 0.07187500 0.08437500
1 0.32968750 0.54921875 0.03437500 0.02656250
1 0.50390625 0.64609375 0.04843750 0.07968750
1 0.32031250 0.30078125 0.07187500 0.08281250
1 0.63906250 0.74140625 0.02500000 0.02031250
