1 0.75468750 0.78906250 0.09062500 0.04062500
1 0.05312500 0.51875000 0.07187500 0.08437500
1 0.78984375 0.90703125 0.09218750 0.03593750
1 0.97656250 0.96718750 0.04687500 0.03750000
1 0.62734375 0.96718750 0.08906250 0.04062500
1 0.63515625 0.84375000 0.09218750 0.03437500
1 0.91250000 0.90390625 0.09062500 0.03281250
1 0.98750000 0.84609375 0.02500000 0.03593750
1 0.73281250 0.96796875 0.09062500 0.03906250
1 0.17890625 0.63906250 0.09218750 0.05312500
1 0.86093750 0.96953125 0.08750000 0.04218750
1 0.88203125 0.78984375 0.09843750 0.03593750
1 0.99218750 0.90312500 0.01562500 0.03437500
1 0.76562500 0.84843750 0.08437500 0.03437500
1 0.97968750 0.78750000 0.04062500 0.03437500
1 0.62968750 0.78515625 0.09062500 0.03593750
1 0.64062500 0.90781250 0.09375000 0.04062500
1 0.87187500 0.84296875 0.09687500 0.03906250
0 0.91015625 0.30546875 0.17968750 0.15156250
0 0.91796875 0.72265625 0.16406250 0.05156250
0 0.70390625 0.72500000 0.25156250 0.05000000
2 0.81328125 0.37109375 0.02031250 0.02031250
2 0.52500000 0.58281250 0.01562500 0.02187500
2 0.28125000 0.57187500 0.05000000 0.03437500
2 0.36093750 0.50703125 0.02187500 0.01718750
2 0.47187500 0.60156250 0.02187500 0.01875000
2 0.27109375 0.57578125 0.02343750 0.02656250
2 0.29609375 0.56562500 0.02031250 0.02187500
2 0.35937500 0.52500000 0.02500000 0.05312500
2 0.57265625 0.58984375 0.02031250 0.02031250
2 0.07109375 0.36328125 0.01718750 0.02656250
2 0.93125000 0.54062500 0.01562500 0.01875000
2 0.58359375 0.62968750 0.03593750 0.01250000
2 0.02421875 0.31328125 0.01718750 0.02031250
2 0.49687500 0.57812500 0.04062500 0.02812500
2 0.60156250 0.60546875 0.03437500 0.01718750
2 0.14843750 0.53671875 0.02500000 0.02343750
2 0.19531250 0.45234375 0.01875000 0.02968750
