2 0.79921875 0.59296875 0.01718750 0.01718750
2 0.00703125 0.69296875 0.01406250 0.01406250
2 0.92265625 0.56953125 0.02343750 0.01718750
1 0.50546875 0.82656250 0.10468750 0.04062500
1 0.43828125 0.88671875 0.08906250 0.03593750
1 0.08515625 0.65781250 0.08593750 0.03750000
1 0.94921875 0.64062500 0.10156250 0.03750000
1 0.77421875 0.82812500 0.09843750 0.03750000
1 0.61171875 0.76328125 0.07968750 0.03593750
1 0.85234375 0.94296875 0.09843750 0.03906250
1 0.92031250 0.75625000 0.10000000 0.03750000
1 0.19140625 0.62265625 0.03281250 0.01718750
1 0.22109375 0.76875000 0.08906250 0.03750000
1 0.60390625 0.70546875 0.09218750 0.03593750
1 0.29687500 0.71093750 0.08750000 0.03750000
1 0.31406250 0.88671875 0.09062500 0.03906250
1 0.67500000 0.88203125 0.08750000 0.04531250
1 0.36093750 0.76640625 0.08437500 0.03906250
1 0.35937500 0.83281250 0.08437500 0.03750000
1 0.48515625 0.76250000 0.08906250 0.03750000
1 0.74921875 0.76406250 0.08906250 0.03750000
1 0.33906250 0.95156250 0.09375000 0.03750000
1 0.91953125 0.88046875 0.08906250 0.04218750
1 0.17265625 0.71484375 0.09531250 0.03906250
1 0.19843750 0.83125000 0.09687500 0.03750000
1 0.64140625 0.82265625 0.08593750 0.03906250
1 0.43046875 0.70937500 0.07656250 0.03750000
1 0.96015625 0.70625000 0.07968750 0.03750000
1 0.78828125 0.88437500 0.09218750 0.03750000
1 0.63203125 0.94921875 0.08593750 0.03906250
1 0.20156250 0.88984375 0.08437500 0.03593750
1 0.84062500 0.70703125 0.08750000 0.03593750
1 0.73203125 0.70546875 0.06093750 0.03593750
1 0.71250000 0.64218750 0.09687500 0.03750000
1 0.20312500 0.95000000 0.10000000 0.03750000
1 0.91875000 0.82578125 0.08750000 0.03906250
