1 0.81484375 0.05000000 0.08281250 0.08750000
1 0.69296875 0.03125000 0.03906250 0.06250000
1 0.07031250 0.20156250 0.09687500 0.04062500
1 0.58281250 0.21406250 0.04062500 0.09062500
1 0.01875000 0.31250000 0.03750000 0.04062500
1 0.05703125 0.02968750 0.03906250 0.05312500
1 0.63359375 0.36406250 0.03906250 0.09062500
1 0.33203125 0.57500000 0.02968750 0.04687500
1 0.03828125 0.03203125 0.07656250 0.05781250
1 0.27734375 0.38593750 0.07968750 0.04062500
1 0.01640625 0.38046875 0.03281250 0.03906250
1 0.83593750 0.80703125 0.04062500 0.09531250
1 0.88828125 0.72187500 0.04218750 0.09375000
1 0.83203125 0.68593750 0.03593750 0.09062500
1 0.63828125 0.89609375 0.04218750 0.09531250
1 0.65859375 0.72578125 0.03906250 0.10156250
1 0.25625000 0.25625000 0.10625000 0.04062500
1 0.37031250 0.78203125 0.07500000 0.09218750
1 0.39921875 0.39843750 0.09218750 0.05312500
1 0.56171875 0.67187500 0.04843750 0.09375000
1 0.58203125 0.04687500 0.03906250 0.09375000
1 0.78359375 0.94296875 0.03906250 0.09218750
1 0.76953125 0.46875000 0.04218750 0.10312500
1 0.77265625 0.58828125 0.04218750 0.09843750
1 0.20156250 0.19843750 0.10312500 0.04062500
1 0.09218750 0.25859375 0.10625000 0.04531250
1 0.12109375 0.38828125 0.10468750 0.03906250
1 0.89453125 0.91875000 0.03593750 0.09062500
1 0.69687500 0.25234375 0.03750000 0.09531250
1 0.78203125 0.83828125 0.03906250 0.09218750
1 0.57031250 0.88437500 0.04375000 0.10000000
1 0.62812500 0.52968750 0.04687500 0.10625000
1 0.77500000 0.70390625 0.03750000 0.08906250
1 0.64218750 0.12031250 0.04062500 0.09062500
1 0.75625000 0.32265625 0.04062500 0.07968750
1 0.70078125 0.49453125 0.03906250 0.09843750
1 0.35781250 0.98671875 0.04687500 0.02656250
1 0.26250000 0.46328125 0.05312500 0.02343750
0 0.16875000 0.32187500 0.25625000 0.06250000
