2 0.01328125 0.80859375 0.02656250 0.03906250
2 0.00703125 0.81328125 0.01406250 0.02656250
2 0.04921875 0.89921875 0.01718750 0.02031250
2 0.35546875 0.18125000 0.01406250 0.01250000
2 0.36562500 0.21015625 0.01250000 0.02031250
2 0.18281250 0.93671875 0.01562500 0.02343750
2 0.03437500 0.93593750 0.01562500 0.02187500
2 0.08593750 0.03125000 0.03125000 0.03125000
2 0.18359375 0.93203125 0.01406250 0.01406250
2 0.35937500 0.19687500 0.02187500 0.04375000
2 0.04531250 0.98125000 0.01875000 0.01562500
2 0.95937500 0.25468750 0.00937500 0.01562500
2 0.45000000 0.71015625 0.01875000 0.02031250
2 0.07578125 0.93437500 0.01718750 0.02500000
2 0.30546875 0.97421875 0.02031250 0.05156250
2 0.39062500 0.20078125 0.01562500 0.01718750
2 0.24140625 0.33671875 0.01718750 0.02656250
2 0.10625000 0.98203125 0.01250000 0.01406250
1 0.62187500 0.26250000 0.09375000 0.03750000
1 0.98203125 0.01875000 0.03593750 0.03437500
1 0.91093750 0.14062500 0.10312500 0.04375000
1 0.83750000 0.02109375 0.07500000 0.03593750
1 0.60625000 0.20312500 0.08437500 0.03437500
1 0.62578125 0.08203125 0.08906250 0.03593750
1 0.76796875 0.14531250 0.08593750 0.03750000
1 0.76640625 0.07812500 0.08281250 0.03750000
1 0.08671875 0.18046875 0.02656250 0.04531250
1 0.71875000 0.20156250 0.08750000 0.04375000
1 0.57734375 0.02734375 0.09531250 0.03906250
1 0.98906250 0.07734375 0.02187500 0.03281250
1 0.84375000 0.20078125 0.08750000 0.03906250
1 0.60312500 0.14453125 0.09687500 0.03906250
1 0.74453125 0.26640625 0.09531250 0.03906250
1 0.70390625 0.02343750 0.08593750 0.03750000
1 0.89140625 0.07656250 0.09218750 0.03750000
