1 0.94687500 0.09375000 0.10000000 0.04062500
1 0.03125000 0.68671875 0.03750000 0.09218750
1 0.44140625 0.04765625 0.09218750 0.03906250
1 0.91171875 0.59453125 0.04531250 0.01406250
1 0.03359375 0.80781250 0.03906250 0.09687500
1 0.09062500 0.03671875 0.09375000 0.07343750
1 0.08671875 0.71015625 0.04218750 0.09843750
1 0.78437500 0.10156250 0.10000000 0.04062500
1 0.08906250 0.83437500 0.03750000 0.09375000
1 0.31640625 0.19296875 0.10156250 0.05781250
1 0.97968750 0.59296875 0.04062500 0.01406250
1 0.04218750 0.99609375 0.03437500 0.00781250
1 0.97421875 0.03359375 0.05156250 0.04218750
1 0.51640625 0.10781250 0.10156250 0.04062500
1 0.84296875 0.59609375 0.04218750 0.01406250
1 0.57421875 0.03906250 0.09843750 0.03750000
1 0.86875000 0.02890625 0.09687500 0.04218750
1 0.64687500 0.10312500 0.10312500 0.04062500
1 0.70625000 0.04375000 0.10312500 0.03750000
1 0.09453125 0.97031250 0.03906250 0.05937500
