2 0.09296875 0.95078125 0.02031250 0.02343750
2 0.35000000 0.87968750 0.02187500 0.03437500
2 0.13828125 0.63046875 0.02968750 0.01718750
2 0.76406250 0.02421875 0.02187500 0.02656250
2 0.27031250 0.75312500 0.03750000 0.03125000
2 0.04609375 0.60390625 0.03906250 0.02031250
2 0.47265625 0.37343750 0.01718750 0.02500000
2 0.90546875 0.97421875 0.01406250 0.02656250
2 0.80078125 0.22265625 0.02656250 0.02343750
2 0.06406250 0.66796875 0.02187500 0.02031250
2 0.20546875 0.60859375 0.01406250 0.02031250
2 0.06328125 0.67812500 0.02656250 0.03750000
2 0.26328125 0.75156250 0.02343750 0.02812500
2 0.16875000 0.63828125 0.01562500 0.02343750
2 0.43281250 0.60000000 0.01562500 0.02500000
2 0.93593750 0.71484375 0.02500000 0.02343750
2 0.06171875 0.68828125 0.02656250 0.02031250
2 0.18671875 0.59765625 0.02031250 0.02031250
2 0.10156250 0.58203125 0.03125000 0.02343750
2 0.93593750 0.71796875 0.02187500 0.01718750
2 0.16953125 0.80781250 0.01718750 0.02812500
2 0.15859375 0.79765625 0.01406250 0.01406250
2 0.34687500 0.49296875 0.01875000 0.01718750
2 0.14218750 0.67109375 0.02187500 0.02343750
2 0.80625000 0.99375000 0.01250000 0.01250000
2 0.93203125 0.49218750 0.06406250 0.05625000
2 0.05000000 0.60859375 0.05000000 0.02968750
2 0.14296875 0.79453125 0.01406250 0.01406250
2 0.36796875 0.92109375 0.01406250 0.04218750
2 0.43750000 0.59218750 0.02500000 0.04062500
2 0.95390625 0.47656250 0.02343750 0.02500000
2 0.09609375 0.81250000 0.02656250 0.01875000
2 0.03750000 0.60468750 0.02500000 0.01562500
2 0.45000000 0.99609375 0.02812500 0.00781250
2 0.48281250 0.36796875 0.03437500 0.03281250
2 0.34921875 0.48281250 0.02343750 0.04062500
2 0.91796875 0.47500000 0.02031250 0.02187500
2 0.16953125 0.63750000 0.01718750 0.02500000
2 0.16484375 0.80703125 0.02656250 0.02968750
2 0.95234375 0.48203125 0.02968750 0.03593750
2 0.91328125 0.49296875 0.02656250 0.05468750
1 0.01171875 0.42187500 0.02343750 0.03750000
1 0.30312500 0.61640625 0.08125000 0.07968750
1 0.00625000 0.35859375 0.01250000 0.03281250
1 0.01640625 0.47890625 0.03281250 0.03593750
1 0.30546875 0.23593750 0.08281250 0.05000000
1 0.82734375 0.39921875 0.08281250 0.06718750
1 0.07890625 0.53671875 0.08593750 0.04218750
1 0.13828125 0.19843750 0.08906250 0.04687500
1 0.55703125 0.84531250 0.05156250 0.08437500
1 0.44453125 0.16796875 0.08281250 0.06406250
1 0.67343750 0.59140625 0.06875000 0.08281250
1 0.43281250 0.06796875 0.07500000 0.06406250
1 0.60703125 0.01796875 0.05156250 0.03593750
