0 0.11171875 0.90703125 0.22343750 0.08281250
0 0.08984375 0.70078125 0.17968750 0.05468750
0 0.61718750 0.27109375 0.38750000 0.16406250
1 0.65078125 0.69453125 0.09218750 0.04531250
1 0.96875000 0.68593750 0.06250000 0.04062500
1 0.88671875 0.80937500 0.09843750 0.04062500
1 0.13750000 0.82265625 0.07500000 0.03593750
1 0.45781250 0.88046875 0.09687500 0.03906250
1 0.35312500 0.94453125 0.09375000 0.03906250
1 0.91171875 0.75078125 0.09218750 0.04218750
1 0.24218750 0.94375000 0.08750000 0.04062500
1 0.19296875 0.63281250 0.08906250 0.04375000
1 0.22031250 0.76718750 0.09062500 0.03750000
1 0.86796875 0.92890625 0.09843750 0.03906250
1 0.44140625 0.81796875 0.08593750 0.03593750
1 0.75390625 0.75078125 0.08593750 0.03593750
1 0.96406250 0.92968750 0.07187500 0.03750000
1 0.66250000 0.80937500 0.09687500 0.03750000
1 0.73984375 0.93125000 0.09218750 0.03750000
1 0.52578125 0.75781250 0.10156250 0.04375000
1 0.48437500 0.94296875 0.08125000 0.04218750
1 0.61875000 0.93828125 0.09687500 0.03906250
1 0.58281250 0.62500000 0.08750000 0.03750000
1 0.69921875 0.86171875 0.07656250 0.02968750
1 0.98125000 0.86562500 0.03750000 0.03750000
