2 0.04140625 0.57265625 0.02656250 0.02031250
2 0.00703125 0.59062500 0.01406250 0.02500000
2 0.16015625 0.58281250 0.02656250 0.01875000
2 0.25000000 0.65937500 0.03125000 0.02187500
2 0.28593750 0.90390625 0.01250000 0.02343750
2 0.01328125 0.59609375 0.02656250 0.03593750
2 0.23906250 0.63906250 0.02812500 0.02500000
2 0.19531250 0.00859375 0.01875000 0.01718750
2 0.30390625 0.67890625 0.03281250 0.02031250
2 0.34765625 0.65468750 0.02968750 0.03750000
2 0.36250000 0.60546875 0.02187500 0.02031250
2 0.00625000 0.59921875 0.01250000 0.02968750
2 0.16171875 0.58671875 0.02968750 0.02343750
2 0.24375000 0.60468750 0.02500000 0.01875000
2 0.25312500 0.65546875 0.02812500 0.01718750
2 0.93125000 0.92031250 0.01562500 0.01875000
2 0.26718750 0.75468750 0.03437500 0.03125000
2 0.95546875 0.88593750 0.01718750 0.01562500
2 0.36875000 0.70625000 0.03750000 0.02500000
2 0.15000000 0.80859375 0.04375000 0.03281250
2 0.20546875 0.59921875 0.03906250 0.03281250
2 0.18828125 0.57968750 0.02656250 0.02500000
2 0.36796875 0.48046875 0.02031250 0.03281250
2 0.19687500 0.59843750 0.03125000 0.03125000
2 0.20703125 0.62734375 0.02656250 0.02343750
2 0.82890625 0.96796875 0.01718750 0.02031250
2 0.13671875 0.80078125 0.01718750 0.01718750
2 0.32656250 0.62656250 0.02812500 0.02500000
2 0.70156250 0.62656250 0.02812500 0.02500000
2 0.02031250 0.59687500 0.01562500 0.03125000
2 0.00625000 0.59765625 0.01250000 0.03281250
2 0.16328125 0.58828125 0.02968750 0.02031250
2 0.38359375 0.59843750 0.03593750 0.02500000
2 0.28984375 0.58203125 0.03281250 0.02343750
2 0.29531250 0.57812500 0.02187500 0.01875000
2 0.24296875 0.66484375 0.02031250 0.01718750
2 0.34921875 0.66328125 0.02968750 0.02343750
2 0.12968750 0.63046875 0.03125000 0.02343750
2 0.34609375 0.64531250 0.02343750 0.01875000
2 0.58671875 0.54765625 0.02343750 0.02656250
2 0.08828125 0.81796875 0.02031250 0.01718750
2 0.40390625 0.61328125 0.03281250 0.02656250
2 0.99453125 0.74453125 0.01093750 0.01406250
2 0.83593750 0.88046875 0.02500000 0.01718750
2 0.86406250 0.98828125 0.01250000 0.01718750
2 0.32187500 0.62968750 0.01875000 0.01875000
2 0.35546875 0.60546875 0.03593750 0.02031250
2 0.39687500 0.61640625 0.01875000 0.02031250
2 0.40000000 0.58046875 0.02812500 0.02031250
2 0.13750000 0.66953125 0.02500000 0.02656250
2 0.34765625 0.60703125 0.02031250 0.01718750
2 0.35781250 0.70859375 0.01562500 0.02343750
2 0.21718750 0.60000000 0.01562500 0.02500000
2 0.15937500 0.81093750 0.02500000 0.02812500
2 0.23046875 0.67890625 0.02343750 0.02031250
1 0.93046875 0.15078125 0.09531250 0.03906250
1 0.00468750 0.42500000 0.00937500 0.03750000
1 0.03750000 0.12968750 0.07500000 0.05625000
1 0.01640625 0.24296875 0.03281250 0.05156250
1 0.04921875 0.53984375 0.08593750 0.03906250
1 0.11328125 0.48203125 0.08593750 0.03593750
1 0.46796875 0.71640625 0.06093750 0.09218750
1 0.21562500 0.41953125 0.09062500 0.03906250
1 0.09765625 0.36171875 0.09218750 0.03906250
