1 0.91640625 0.02343750 0.08906250 0.03750000
1 0.65000000 0.59062500 0.04375000 0.01562500
1 0.54765625 0.09453125 0.10156250 0.03906250
1 0.46875000 0.03046875 0.09687500 0.03906250
1 0.17421875 0.03828125 0.09843750 0.03906250
1 0.71562500 0.57734375 0.09375000 0.04531250
1 0.04375000 0.04687500 0.08750000 0.03750000
1 0.98125000 0.08359375 0.03750000 0.04218750
1 0.44140625 0.59453125 0.04843750 0.01406250
1 0.58281250 0.59296875 0.04687500 0.01406250
1 0.51250000 0.59453125 0.04687500 0.01406250
1 0.07265625 0.21875000 0.10156250 0.04687500
1 0.30625000 0.04375000 0.10312500 0.03750000
1 0.82890625 0.08750000 0.10156250 0.04062500
1 0.11484375 0.10703125 0.10156250 0.04218750
1 0.98984375 0.02578125 0.02031250 0.03906250
1 0.38437500 0.10078125 0.10312500 0.03906250
1 0.59843750 0.03281250 0.10312500 0.04062500
1 0.69453125 0.09375000 0.10781250 0.04062500
1 0.74609375 0.02968750 0.09218750 0.03750000
1 0.24765625 0.10312500 0.10468750 0.04062500
