1 0.84609375 0.01562500 0.03593750 0.03125000
1 0.71015625 0.23281250 0.04218750 0.09687500
1 0.88046875 0.19843750 0.05156250 0.09375000
1 0.60078125 0.00937500 0.04218750 0.01875000
1 0.01796875 0.98359375 0.03593750 0.03281250
1 0.96562500 0.87500000 0.06875000 0.06875000
1 0.09375000 0.93203125 0.10625000 0.04531250
1 0.26093750 0.06796875 0.04062500 0.10156250
1 0.42500000 0.33906250 0.07187500 0.05000000
1 0.92656250 0.00859375 0.03125000 0.01718750
1 0.85546875 0.97734375 0.06406250 0.04531250
1 0.19453125 0.33515625 0.08906250 0.08593750
1 0.71328125 0.11640625 0.03906250 0.09843750
1 0.24062500 0.18906250 0.06250000 0.09687500
1 0.09453125 0.40000000 0.10468750 0.05000000
1 0.65390625 0.22187500 0.03906250 0.09687500
1 0.58984375 0.23906250 0.03906250 0.09687500
1 0.58906250 0.09453125 0.04062500 0.10156250
1 0.65234375 0.07421875 0.03906250 0.09843750
1 0.77109375 0.05078125 0.04218750 0.10156250
1 0.72031250 0.01015625 0.03750000 0.02031250
1 0.31640625 0.19218750 0.05781250 0.10937500
1 0.25703125 0.93359375 0.10781250 0.03906250
1 0.76562500 0.24140625 0.04062500 0.09843750
2 0.36328125 0.78515625 0.02656250 0.04218750
2 0.31484375 0.53906250 0.02343750 0.02187500
2 0.75312500 0.83671875 0.04375000 0.03593750
2 0.00703125 0.58203125 0.01406250 0.01718750
2 0.32890625 0.53984375 0.04843750 0.02968750
2 0.29140625 0.57421875 0.02031250 0.02656250
2 0.24140625 0.76250000 0.03593750 0.03125000
2 0.76484375 0.60390625 0.02656250 0.03593750
