2 0.88984375 0.28203125 0.01718750 0.01718750
2 0.42578125 0.53515625 0.02343750 0.02343750
2 0.28515625 0.41093750 0.02031250 0.05625000
2 0.00703125 0.36171875 0.01406250 0.02656250
2 0.66250000 0.52968750 0.01875000 0.02500000
2 0.48437500 0.51093750 0.02187500 0.02187500
2 0.39375000 0.50546875 0.01562500 0.02031250
2 0.28203125 0.38750000 0.01718750 0.01562500
2 0.39609375 0.57812500 0.01406250 0.03125000
2 0.23671875 0.45625000 0.02968750 0.02500000
2 0.33750000 0.47890625 0.02500000 0.02343750
2 0.42421875 0.52968750 0.02656250 0.03750000
2 0.28750000 0.47343750 0.02812500 0.02812500
2 0.60156250 0.54375000 0.01875000 0.02500000
2 0.26406250 0.12421875 0.01875000 0.02656250
2 0.30156250 0.56171875 0.01875000 0.01718750
2 0.33046875 0.56171875 0.01718750 0.02343750
2 0.83125000 0.27500000 0.01562500 0.01875000
2 0.92890625 0.54296875 0.02031250 0.01406250
2 0.30703125 0.56562500 0.02968750 0.02500000
2 0.35468750 0.41796875 0.01562500 0.03906250
2 0.29687500 0.44843750 0.01562500 0.02187500
2 0.41953125 0.52031250 0.01718750 0.01875000
2 0.29062500 0.44921875 0.02500000 0.02343750
2 0.29453125 0.47734375 0.01406250 0.02343750
2 0.39687500 0.43906250 0.01562500 0.02187500
2 0.40390625 0.57734375 0.02968750 0.02968750
2 0.40937500 0.57734375 0.01875000 0.02031250
2 0.41796875 0.38906250 0.01718750 0.04062500
2 0.28281250 0.47343750 0.01875000 0.02500000
2 0.88593750 0.37109375 0.01875000 0.03281250
2 0.60937500 0.50625000 0.01562500 0.01562500
2 0.96093750 0.30312500 0.02187500 0.02500000
2 0.34843750 0.52031250 0.02812500 0.02187500
2 0.45234375 0.51562500 0.02343750 0.01875000
2 0.31406250 0.01953125 0.01562500 0.01406250
2 0.44765625 0.54531250 0.02031250 0.01875000
2 0.08828125 0.23359375 0.01718750 0.01406250
2 0.58046875 0.57968750 0.01406250 0.01250000
2 0.51875000 0.31328125 0.01250000 0.02031250
2 0.65625000 0.28125000 0.01250000 0.01875000
2 0.80937500 0.29140625 0.02187500 0.01406250
2 0.61718750 0.50390625 0.03125000 0.02031250
2 0.31562500 0.56406250 0.04687500 0.02812500
2 0.66093750 0.57031250 0.02187500 0.01562500
0 0.55703125 0.67109375 0.26093750 0.06093750
1 0.57421875 0.72812500 0.09843750 0.03750000
1 0.51640625 0.79765625 0.10156250 0.04218750
1 0.78984375 0.60703125 0.03281250 0.05156250
1 0.94687500 0.78515625 0.09687500 0.04218750
1 0.77031250 0.50468750 0.05000000 0.01875000
1 0.58437500 0.41328125 0.10312500 0.04531250
1 0.32500000 0.22421875 0.04375000 0.09218750
1 0.97343750 0.72500000 0.05312500 0.04062500
1 0.86406250 0.67265625 0.03437500 0.04218750
1 0.64765625 0.79375000 0.10156250 0.04062500
1 0.18046875 0.74609375 0.07656250 0.07656250
1 0.46171875 0.39375000 0.10468750 0.06250000
1 0.21796875 0.16718750 0.04218750 0.10312500
1 0.43984375 0.73750000 0.09531250 0.03750000
1 0.99062500 0.28906250 0.01875000 0.02500000
1 0.78515625 0.79140625 0.10156250 0.03906250
1 0.84921875 0.61406250 0.05156250 0.03437500
1 0.72656250 0.28828125 0.09687500 0.04218750
1 0.48359375 0.91875000 0.10781250 0.06562500
1 0.04687500 0.57578125 0.06250000 0.09843750
1 0.84843750 0.41406250 0.11562500 0.04687500
1 0.89296875 0.52031250 0.05468750 0.03750000
1 0.49843750 0.24062500 0.07812500 0.08125000
1 0.96875000 0.40468750 0.06250000 0.03750000
1 0.86718750 0.72109375 0.09375000 0.04218750
1 0.70625000 0.73437500 0.10312500 0.03750000
1 0.32890625 0.05312500 0.03906250 0.06875000
1 0.75625000 0.66875000 0.06562500 0.03750000
1 0.82421875 0.60625000 0.10156250 0.05312500
1 0.44609375 0.62031250 0.10781250 0.05000000
