1 0.98203125 0.07812500 0.03593750 0.04062500
1 0.67109375 0.07109375 0.10781250 0.03906250
1 0.97812500 0.01718750 0.04375000 0.03437500
1 0.26406250 0.12500000 0.10312500 0.04062500
1 0.62421875 0.13125000 0.10468750 0.04062500
1 0.16796875 0.01171875 0.10781250 0.02343750
1 0.01718750 0.25000000 0.03437500 0.04062500
1 0.96328125 0.22812500 0.07343750 0.04687500
1 0.12187500 0.49140625 0.04375000 0.02031250
1 0.32500000 0.22265625 0.09687500 0.03593750
1 0.15078125 0.06562500 0.08281250 0.04375000
1 0.77031250 0.13437500 0.10937500 0.04062500
1 0.39062500 0.13203125 0.10000000 0.03906250
1 0.12187500 0.12656250 0.10000000 0.03750000
1 0.43906250 0.06562500 0.10000000 0.04062500
1 0.82656250 0.31640625 0.10625000 0.04218750
1 0.43359375 0.31328125 0.10156250 0.04531250
1 0.69062500 0.61953125 0.09375000 0.04531250
1 0.52812500 0.01406250 0.10312500 0.02812500
1 0.77265625 0.01640625 0.10468750 0.03281250
1 0.98828125 0.13828125 0.02343750 0.03906250
1 0.90781250 0.13593750 0.10312500 0.04062500
