1 0.61640625 0.26015625 0.09218750 0.03593750
1 0.98203125 0.01718750 0.03593750 0.03437500
1 0.91015625 0.13828125 0.10468750 0.04218750
1 0.60546875 0.20234375 0.08281250 0.03593750
1 0.83593750 0.01875000 0.07500000 0.03750000
1 0.01093750 0.78515625 0.02187500 0.06718750
1 0.62500000 0.08046875 0.09062500 0.03593750
1 0.57578125 0.02656250 0.09531250 0.03750000
1 0.76484375 0.07734375 0.08281250 0.03906250
1 0.71875000 0.19921875 0.09062500 0.03906250
1 0.98828125 0.07500000 0.02343750 0.03437500
1 0.84296875 0.19843750 0.08593750 0.03750000
1 0.60234375 0.14375000 0.09531250 0.03750000
1 0.74296875 0.26406250 0.09531250 0.03750000
1 0.70390625 0.02187500 0.08593750 0.03750000
1 0.88984375 0.07421875 0.09218750 0.03906250
1 0.76171875 0.14296875 0.07968750 0.03593750
2 0.04062500 0.72031250 0.02812500 0.03125000
2 0.42734375 0.27421875 0.00781250 0.02656250
2 0.00625000 0.40468750 0.01250000 0.03437500
2 0.07421875 0.93750000 0.02031250 0.03125000
2 0.02187500 0.92343750 0.01250000 0.02500000
2 0.33437500 0.07265625 0.02187500 0.02031250
2 0.33593750 0.08281250 0.02500000 0.04062500
2 0.00625000 0.41171875 0.01250000 0.02031250
2 0.08203125 0.71562500 0.04218750 0.03437500
2 0.18046875 0.04140625 0.02031250 0.02968750
2 0.34296875 0.08828125 0.01406250 0.02968750
2 0.33125000 0.07031250 0.01562500 0.01562500
2 0.43203125 0.27343750 0.01406250 0.02812500
2 0.39296875 0.08593750 0.01718750 0.01562500
