1 0.86406250 0.16250000 0.08437500 0.03750000
1 0.01718750 0.20546875 0.03437500 0.03906250
1 0.53671875 0.20937500 0.08593750 0.03437500
1 0.01718750 0.32265625 0.03437500 0.03593750
1 0.78125000 0.39921875 0.08750000 0.03593750
1 0.65859375 0.28203125 0.09218750 0.03593750
1 0.50937500 0.06484375 0.09375000 0.04218750
1 0.81250000 0.02734375 0.09375000 0.03593750
1 0.23984375 0.07343750 0.09531250 0.03750000
1 0.01328125 0.11015625 0.02656250 0.03906250
1 0.91406250 0.33984375 0.09687500 0.03906250
1 0.52734375 0.38750000 0.08593750 0.04375000
1 0.01953125 0.38203125 0.03906250 0.03593750
1 0.27812500 0.44531250 0.09375000 0.04375000
1 0.76796875 0.27500000 0.08281250 0.04062500
1 0.57265625 0.00546875 0.09531250 0.01093750
1 0.31640625 0.33828125 0.09218750 0.03906250
1 0.65234375 0.21796875 0.07968750 0.03281250
1 0.32187500 0.13203125 0.09375000 0.04218750
1 0.54296875 0.33359375 0.09843750 0.04843750
1 0.91953125 0.09843750 0.08906250 0.04062500
1 0.78125000 0.45468750 0.08750000 0.04062500
1 0.50234375 0.27734375 0.09531250 0.03593750
1 0.35703125 0.01250000 0.08906250 0.02500000
1 0.49296875 0.44843750 0.08906250 0.04375000
1 0.03046875 0.01718750 0.06093750 0.03437500
1 0.52968750 0.14218750 0.09687500 0.04062500
1 0.75156250 0.34218750 0.09375000 0.03750000
1 0.04765625 0.44218750 0.09531250 0.04375000
1 0.76718750 0.22031250 0.08437500 0.03750000
