2 0.00781250 0.55000000 0.01562500 0.02187500
2 0.94609375 0.78046875 0.02031250 0.03281250
2 0.88984375 0.56953125 0.02343750 0.01406250
2 0.90390625 0.23046875 0.01093750 0.01406250
2 0.90000000 0.09296875 0.01562500 0.03281250
2 0.95625000 0.60937500 0.01875000 0.02500000
2 0.89062500 0.59453125 0.02187500 0.01406250
2 0.99375000 0.51718750 0.01250000 0.03125000
2 0.65312500 0.95937500 0.03437500 0.05000000
2 0.92031250 0.76953125 0.01250000 0.01406250
0 0.16015625 0.95937500 0.12968750 0.08125000
0 0.11484375 0.45234375 0.22968750 0.05156250
0 0.25000000 0.45390625 0.50000000 0.05781250
0 0.37265625 0.45625000 0.25468750 0.05625000
1 0.76406250 0.27500000 0.08437500 0.04062500
1 0.01406250 0.37890625 0.02812500 0.03906250
1 0.37968750 0.39453125 0.10312500 0.03906250
1 0.77187500 0.45468750 0.09687500 0.04062500
1 0.62734375 0.33437500 0.10468750 0.04062500
1 0.76562500 0.21796875 0.08437500 0.03593750
1 0.06796875 0.32500000 0.08906250 0.03750000
1 0.98515625 0.54765625 0.02968750 0.03281250
1 0.51718750 0.38828125 0.09062500 0.03906250
1 0.09765625 0.38281250 0.10156250 0.04375000
1 0.35781250 0.32968750 0.09375000 0.04062500
1 0.20000000 0.33281250 0.09687500 0.03750000
1 0.48984375 0.33593750 0.09218750 0.03750000
1 0.23828125 0.38125000 0.09531250 0.04375000
1 0.64296875 0.39218750 0.08906250 0.03750000
1 0.50156250 0.27578125 0.09375000 0.03593750
1 0.61250000 0.45000000 0.10625000 0.04062500
1 0.64609375 0.28046875 0.09218750 0.03593750
1 0.65078125 0.21718750 0.07656250 0.03437500
1 0.75000000 0.33437500 0.08750000 0.03437500
1 0.77734375 0.39609375 0.09218750 0.03593750
