1 0.81562500 0.25078125 0.09375000 0.03906250
1 0.68203125 0.24218750 0.08906250 0.03437500
1 0.41796875 0.42812500 0.09531250 0.03750000
1 0.12265625 0.37031250 0.09843750 0.04375000
1 0.53359375 0.36718750 0.09218750 0.03750000
1 0.90781250 0.54218750 0.09062500 0.03437500
1 0.28671875 0.42812500 0.09843750 0.03437500
1 0.33203125 0.55312500 0.09531250 0.03750000
1 0.15234375 0.42656250 0.09218750 0.03437500
1 0.78828125 0.42656250 0.10468750 0.04062500
1 0.56953125 0.30625000 0.08906250 0.04062500
1 0.02031250 0.42890625 0.04062500 0.04218750
1 0.32187500 0.30312500 0.09375000 0.03437500
1 0.01093750 0.37031250 0.02187500 0.03750000
1 0.16484375 0.48906250 0.10156250 0.03750000
1 0.18593750 0.30781250 0.09687500 0.03750000
1 0.40156250 0.36796875 0.09375000 0.03906250
1 0.67031250 0.42500000 0.09062500 0.03437500
1 0.44375000 0.29921875 0.08437500 0.03281250
1 0.80937500 0.48046875 0.09375000 0.03906250
1 0.04531250 0.48984375 0.09062500 0.03906250
1 0.81953125 0.30625000 0.11093750 0.04687500
1 0.69609375 0.30703125 0.09218750 0.03906250
1 0.45000000 0.10781250 0.09687500 0.04062500
1 0.69453125 0.48281250 0.08906250 0.03750000
1 0.55078125 0.42421875 0.09531250 0.03281250
1 0.54843750 0.24375000 0.08437500 0.04375000
1 0.64843750 0.36484375 0.10312500 0.04218750
1 0.57109375 0.48281250 0.08593750 0.04375000
1 0.28593750 0.36640625 0.10000000 0.03906250
1 0.50781250 0.00390625 0.09375000 0.00781250
1 0.78906250 0.36718750 0.08125000 0.03750000
0 0.35546875 0.49296875 0.26093750 0.05781250
2 0.97578125 0.45703125 0.02343750 0.01406250
2 0.87890625 0.59218750 0.01718750 0.01562500
2 0.79531250 0.59140625 0.02187500 0.02031250
2 0.95546875 0.63281250 0.01406250 0.01562500
2 0.65781250 0.68437500 0.02187500 0.04687500
2 0.95859375 0.63359375 0.02031250 0.01718750
2 0.74765625 0.59062500 0.03281250 0.02187500
2 0.97656250 0.45156250 0.02500000 0.02500000
2 0.97421875 0.45781250 0.02031250 0.01250000
2 0.99375000 0.60625000 0.01250000 0.01562500
2 0.03906250 0.61328125 0.02500000 0.02343750
2 0.86718750 0.59296875 0.04062500 0.02031250
2 0.99375000 0.61562500 0.01250000 0.03437500
2 0.85625000 0.62109375 0.01875000 0.02031250
2 0.96796875 0.60625000 0.01093750 0.01562500
2 0.90000000 0.60390625 0.02500000 0.01718750
