1 0.05625000 0.28515625 0.08125000 0.08281250
1 0.90312500 0.01015625 0.09375000 0.02031250
1 0.76406250 0.00625000 0.06562500 0.01250000
1 0.83984375 0.60703125 0.04843750 0.01406250
1 0.03125000 0.71484375 0.03437500 0.08593750
1 0.45000000 0.05625000 0.09375000 0.03750000
1 0.03203125 0.85625000 0.03906250 0.09687500
1 0.21015625 0.16875000 0.09531250 0.06250000
1 0.01171875 0.42031250 0.02343750 0.04062500
1 0.90859375 0.60703125 0.04843750 0.01406250
1 0.08906250 0.98437500 0.03750000 0.03125000
1 0.09062500 0.89296875 0.04062500 0.10156250
1 0.14453125 0.77031250 0.03906250 0.09062500
1 0.08906250 0.76171875 0.03750000 0.09531250
1 0.87343750 0.11406250 0.10312500 0.04062500
1 0.38984375 0.11796875 0.07968750 0.04218750
1 0.03750000 0.96875000 0.04375000 0.06250000
1 0.71328125 0.05625000 0.10156250 0.03750000
1 0.63359375 0.11484375 0.09218750 0.03906250
1 0.97734375 0.05156250 0.04531250 0.04062500
1 0.58203125 0.04765625 0.09843750 0.03906250
1 0.87812500 0.04218750 0.09062500 0.04375000
1 0.97656250 0.60703125 0.04687500 0.01406250
2 0.24375000 0.75234375 0.01562500 0.02343750
2 0.32109375 0.24843750 0.01406250 0.02500000
2 0.29062500 0.24062500 0.02187500 0.02187500
