1 0.49921875 0.96250000 0.09531250 0.03750000
1 0.76328125 0.90468750 0.08593750 0.03750000
1 0.00546875 0.42890625 0.01093750 0.07968750
1 0.76015625 0.96015625 0.08906250 0.04218750
1 0.02421875 0.21406250 0.04218750 0.06875000
1 0.90312500 0.80468750 0.08750000 0.05312500
1 0.64531250 0.96718750 0.09062500 0.03750000
1 0.12890625 0.43203125 0.04531250 0.07031250
1 0.11875000 0.18359375 0.04062500 0.08593750
1 0.03671875 0.41015625 0.05781250 0.09218750
1 0.64843750 0.90312500 0.07812500 0.03125000
1 0.32500000 0.42968750 0.04687500 0.09062500
1 0.55781250 0.37968750 0.03750000 0.09062500
