1 0.33125000 0.97421875 0.08750000 0.04218750
1 0.95234375 0.73984375 0.09531250 0.03906250
1 0.52421875 0.91484375 0.09843750 0.03281250
1 0.45000000 0.97656250 0.09687500 0.03750000
1 0.86875000 0.80390625 0.08750000 0.04218750
1 0.19140625 0.90312500 0.08593750 0.03750000
1 0.41718750 0.91718750 0.08125000 0.03750000
1 0.49687500 0.85156250 0.09375000 0.04062500
1 0.91093750 0.92109375 0.10000000 0.03906250
1 0.60390625 0.80078125 0.09531250 0.04218750
1 0.54296875 0.74140625 0.09218750 0.03906250
1 0.21953125 0.79218750 0.08906250 0.04375000
1 0.99375000 0.92343750 0.01250000 0.03437500
1 0.56328125 0.97734375 0.09531250 0.03906250
1 0.21093750 0.96796875 0.09375000 0.03906250
1 0.42343750 0.74062500 0.07500000 0.03750000
1 0.34140625 0.79375000 0.08593750 0.04375000
1 0.78671875 0.98281250 0.09843750 0.03437500
1 0.74687500 0.86171875 0.08750000 0.03906250
1 0.34062500 0.85234375 0.07812500 0.03906250
1 0.31718750 0.90781250 0.10937500 0.03750000
1 0.74765625 0.79921875 0.10156250 0.03906250
1 0.46093750 0.79531250 0.09375000 0.03750000
1 0.90234375 0.98359375 0.08593750 0.03281250
1 0.96250000 0.80468750 0.07500000 0.05312500
1 0.22421875 0.84843750 0.09531250 0.03750000
1 0.98671875 0.98203125 0.02656250 0.03593750
1 0.94062500 0.80546875 0.03437500 0.05156250
1 0.97890625 0.80468750 0.04218750 0.05312500
1 0.65000000 0.91875000 0.08437500 0.03750000
1 0.67421875 0.98125000 0.09218750 0.03750000
1 0.77890625 0.91640625 0.08906250 0.04218750
1 0.62265625 0.85859375 0.10156250 0.03906250
1 0.68203125 0.74062500 0.09843750 0.03750000
1 0.82421875 0.73984375 0.09218750 0.03593750
1 0.97109375 0.86718750 0.05781250 0.03750000
1 0.86328125 0.86171875 0.09218750 0.03906250
0 0.96328125 0.80468750 0.07343750 0.05625000
0 0.25859375 0.73046875 0.24531250 0.05781250
