2 0.77734375 0.35234375 0.02343750 0.02343750
2 0.42734375 0.58281250 0.01718750 0.01875000
2 0.78203125 0.35078125 0.01406250 0.02031250
2 0.80000000 0.60781250 0.02500000 0.01875000
2 0.93203125 0.60937500 0.01406250 0.01875000
2 0.16875000 0.44687500 0.01562500 0.02187500
2 0.01953125 0.32421875 0.03906250 0.05156250
2 0.46328125 0.56796875 0.02031250 0.01718750
2 0.84453125 0.60703125 0.01406250 0.01718750
2 0.06250000 0.23750000 0.01562500 0.02187500
2 0.01250000 0.31015625 0.02500000 0.02343750
2 0.13359375 0.46015625 0.02343750 0.02656250
2 0.31484375 0.62421875 0.02656250 0.02343750
2 0.05078125 0.14375000 0.02343750 0.04062500
2 0.72109375 0.53515625 0.02656250 0.04218750
2 0.02734375 0.33750000 0.02031250 0.02500000
2 0.03203125 0.04062500 0.01718750 0.03125000
2 0.46953125 0.56562500 0.02968750 0.01875000
2 0.32656250 0.31562500 0.02500000 0.04375000
2 0.99296875 0.57734375 0.01406250 0.02343750
2 0.85234375 0.60625000 0.02656250 0.01875000
2 0.22890625 0.25000000 0.01093750 0.02812500
2 0.43437500 0.58281250 0.02812500 0.01875000
2 0.70390625 0.38359375 0.01093750 0.01718750
1 0.82500000 0.66562500 0.08437500 0.03750000
1 0.42421875 0.65312500 0.09218750 0.04062500
1 0.59687500 0.72109375 0.09062500 0.03906250
1 0.96640625 0.95937500 0.06718750 0.03750000
1 0.86406250 0.78046875 0.08750000 0.03906250
1 0.36015625 0.73046875 0.09531250 0.04218750
1 0.73671875 0.96171875 0.09531250 0.03593750
1 0.96328125 0.89453125 0.07343750 0.03593750
1 0.21015625 0.84375000 0.09218750 0.03750000
1 0.50468750 0.90078125 0.09062500 0.03593750
1 0.19609375 0.77421875 0.09531250 0.04218750
1 0.67109375 0.78359375 0.09218750 0.04218750
1 0.22812500 0.58359375 0.09375000 0.06093750
1 0.06796875 0.71015625 0.08593750 0.03906250
1 0.03515625 0.77578125 0.07031250 0.04218750
1 0.06328125 0.88046875 0.08593750 0.03906250
1 0.85312500 0.72265625 0.10000000 0.04218750
1 0.99531250 0.77656250 0.00937500 0.03125000
1 0.85703125 0.96406250 0.08593750 0.03750000
1 0.47812500 0.78359375 0.10000000 0.04218750
1 0.40546875 0.83828125 0.08593750 0.03593750
1 0.05703125 0.47656250 0.07656250 0.07500000
1 0.63593750 0.65781250 0.08437500 0.03750000
1 0.66406250 0.84062500 0.09375000 0.03750000
1 0.60000000 0.95859375 0.10000000 0.03593750
