2 0.99453125 0.39531250 0.01093750 0.01562500
2 0.22812500 0.56406250 0.01562500 0.02500000
2 0.96640625 0.78906250 0.02343750 0.02500000
2 0.09296875 0.57968750 0.01718750 0.03750000
2 0.04531250 0.19531250 0.03437500 0.05937500
2 0.08750000 0.62031250 0.03125000 0.01562500
2 0.94062500 0.54296875 0.01875000 0.02343750
2 0.09765625 0.62109375 0.01406250 0.01406250
2 0.22656250 0.55312500 0.02187500 0.04687500
2 0.08125000 0.61953125 0.01875000 0.01406250
2 0.01250000 0.16171875 0.02500000 0.04531250
2 0.99218750 0.45937500 0.01562500 0.02500000
2 0.98281250 0.45937500 0.03125000 0.03750000
2 0.53593750 0.64687500 0.03125000 0.01562500
1 0.39218750 0.93515625 0.09375000 0.03593750
1 0.02500000 0.45546875 0.05000000 0.09531250
1 0.01953125 0.94218750 0.03906250 0.04062500
1 0.09765625 0.22343750 0.04218750 0.09062500
1 0.75546875 0.98750000 0.08906250 0.02500000
1 0.11328125 0.47578125 0.04843750 0.07031250
1 0.97734375 0.87890625 0.04531250 0.06093750
1 0.26562500 0.98984375 0.08750000 0.02031250
1 0.52656250 0.93671875 0.07812500 0.03281250
1 0.51328125 0.98671875 0.08906250 0.02656250
1 0.11640625 0.94453125 0.09531250 0.03593750
1 0.23906250 0.93906250 0.10312500 0.03750000
1 0.31015625 0.46640625 0.04218750 0.09218750
1 0.84296875 0.79765625 0.08593750 0.05156250
1 0.12031250 0.67343750 0.08437500 0.03437500
1 0.54765625 0.79531250 0.09531250 0.04375000
1 0.38671875 0.98828125 0.08593750 0.02343750
1 0.02500000 0.99140625 0.05000000 0.01718750
1 0.21250000 0.20703125 0.04687500 0.08281250
1 0.94843750 0.65625000 0.09062500 0.04375000
1 0.78750000 0.92812500 0.09062500 0.03750000
1 0.63359375 0.98750000 0.08906250 0.02500000
1 0.12500000 0.99218750 0.10000000 0.01562500
1 0.01250000 0.26015625 0.02500000 0.06718750
1 0.54531250 0.40859375 0.04062500 0.09218750
1 0.66250000 0.93437500 0.08437500 0.03437500
