1 0.95000000 0.73671875 0.10000000 0.03906250
1 0.67812500 0.73828125 0.09687500 0.03906250
1 0.44687500 0.97265625 0.09375000 0.03906250
1 0.03359375 0.65937500 0.06718750 0.03437500
1 0.11015625 0.59453125 0.03593750 0.01718750
1 0.33906250 0.84609375 0.07500000 0.03593750
1 0.18828125 0.89765625 0.08593750 0.03906250
1 0.41562500 0.91406250 0.08437500 0.04375000
1 0.49296875 0.84453125 0.09531250 0.03906250
1 0.90546875 0.91718750 0.09843750 0.03750000
1 0.59843750 0.79687500 0.09062500 0.04062500
1 0.78203125 0.97968750 0.09843750 0.03750000
1 0.98984375 0.91953125 0.02031250 0.03593750
1 0.29687500 0.90312500 0.07812500 0.03437500
1 0.96484375 0.86250000 0.07031250 0.03750000
1 0.55703125 0.97265625 0.08906250 0.03906250
1 0.20625000 0.96328125 0.08750000 0.04218750
1 0.41953125 0.73671875 0.07343750 0.03906250
1 0.54296875 0.73984375 0.09843750 0.04218750
1 0.16953125 0.67109375 0.08906250 0.03906250
1 0.22265625 0.84296875 0.09531250 0.03593750
1 0.86250000 0.80078125 0.08125000 0.04218750
1 0.74218750 0.85703125 0.08437500 0.03906250
1 0.74296875 0.79453125 0.10156250 0.03593750
1 0.32734375 0.96953125 0.08593750 0.03906250
1 0.89531250 0.98125000 0.08437500 0.03750000
1 0.21953125 0.78906250 0.08593750 0.04375000
1 0.98359375 0.98046875 0.03281250 0.03906250
1 0.61953125 0.85468750 0.10156250 0.03750000
1 0.95546875 0.80078125 0.08906250 0.05156250
1 0.77578125 0.91171875 0.08906250 0.03906250
1 0.63984375 0.91250000 0.07968750 0.04062500
1 0.67031250 0.97656250 0.09062500 0.03750000
1 0.45859375 0.79062500 0.09218750 0.03750000
1 0.52421875 0.91093750 0.08281250 0.03437500
1 0.03046875 0.61171875 0.06093750 0.02343750
1 0.81953125 0.73671875 0.09218750 0.03593750
1 0.33906250 0.78906250 0.08437500 0.04375000
1 0.85781250 0.85781250 0.09062500 0.04062500
0 0.25859375 0.73281250 0.24218750 0.06250000
