1 0.58906250 0.00390625 0.08750000 0.00781250
1 0.86562500 0.03281250 0.11562500 0.05000000
1 0.48515625 0.11015625 0.09531250 0.04218750
1 0.88906250 0.09765625 0.10312500 0.04218750
1 0.01484375 0.69765625 0.02968750 0.09218750
1 0.01796875 0.81640625 0.03593750 0.09531250
1 0.06640625 0.72265625 0.04218750 0.09843750
1 0.07109375 0.84375000 0.03906250 0.09375000
1 0.02187500 0.95156250 0.04062500 0.09687500
1 0.44453125 0.05000000 0.11093750 0.04375000
1 0.44453125 0.00703125 0.10468750 0.01406250
1 0.57421875 0.04218750 0.10468750 0.03750000
1 0.68359375 0.10078125 0.10468750 0.04531250
1 0.70546875 0.04062500 0.10781250 0.04375000
1 0.07812500 0.96015625 0.04062500 0.07968750
0 0.22421875 0.19062500 0.13281250 0.09687500
