1 0.82265625 0.38046875 0.07343750 0.07968750
1 0.16562500 0.55468750 0.08750000 0.04687500
1 0.72968750 0.76015625 0.09375000 0.03906250
1 0.90234375 0.96250000 0.09218750 0.04062500
1 0.01718750 0.74609375 0.03437500 0.05468750
1 0.03906250 0.82656250 0.07812500 0.03437500
1 0.39531250 0.82031250 0.08125000 0.03750000
1 0.23593750 0.67500000 0.09062500 0.03750000
1 0.54375000 0.23281250 0.03750000 0.08437500
1 0.60937500 0.01796875 0.04375000 0.03593750
1 0.34218750 0.48984375 0.08437500 0.07968750
1 0.95859375 0.77500000 0.08281250 0.03750000
1 0.31093750 0.85859375 0.09062500 0.03906250
1 0.49296875 0.75546875 0.08906250 0.03906250
1 0.56484375 0.82109375 0.09218750 0.03906250
1 0.62890625 0.95078125 0.09218750 0.04218750
1 0.44062500 0.24140625 0.04062500 0.09531250
1 0.41562500 0.38984375 0.05312500 0.08593750
1 0.21406250 0.80625000 0.09062500 0.03437500
1 0.76015625 0.96250000 0.08906250 0.04375000
1 0.49453125 0.23046875 0.03906250 0.08593750
1 0.25156250 0.75078125 0.09062500 0.04531250
1 0.02343750 0.88593750 0.04687500 0.04062500
1 0.98593750 0.96640625 0.02812500 0.03906250
1 0.01015625 0.95468750 0.02031250 0.03750000
1 0.49609375 0.08515625 0.03593750 0.09218750
1 0.76953125 0.82656250 0.09218750 0.04062500
1 0.49921875 0.01171875 0.03906250 0.02343750
1 0.55781250 0.68281250 0.09687500 0.03750000
1 0.54921875 0.10937500 0.04218750 0.09375000
1 0.59765625 0.24062500 0.03906250 0.09375000
1 0.60625000 0.10781250 0.03750000 0.09687500
1 0.55468750 0.01328125 0.04062500 0.02656250
1 0.80625000 0.70937500 0.08750000 0.03750000
2 0.96875000 0.43359375 0.03437500 0.01718750
2 0.10703125 0.48593750 0.01406250 0.01875000
2 0.11250000 0.49140625 0.02187500 0.02968750
2 0.19687500 0.48671875 0.01875000 0.02656250
2 0.11562500 0.49531250 0.01562500 0.02187500
2 0.16718750 0.44375000 0.01250000 0.01562500
2 0.35625000 0.57421875 0.01562500 0.02343750
2 0.16250000 0.48750000 0.01875000 0.02500000
2 0.98593750 0.61875000 0.02812500 0.02187500
2 0.00468750 0.61875000 0.00937500 0.01250000
2 0.23203125 0.37187500 0.02343750 0.01875000
2 0.10625000 0.48359375 0.01250000 0.01718750
2 0.44375000 0.62656250 0.01875000 0.01875000
2 0.11093750 0.58515625 0.02187500 0.02031250
2 0.35312500 0.55859375 0.01562500 0.01406250
2 0.40468750 0.60078125 0.02187500 0.02343750
2 0.27968750 0.27187500 0.01875000 0.01875000
2 0.35468750 0.26562500 0.02500000 0.03437500
