1 0.44296875 0.98437500 0.08593750 0.03125000
1 0.81406250 0.93750000 0.09375000 0.03750000
1 0.01640625 0.79453125 0.03281250 0.03593750
1 0.13906250 0.21718750 0.04375000 0.09062500
1 0.00859375 0.25390625 0.01718750 0.08593750
1 0.91796875 0.85859375 0.08593750 0.05781250
1 0.31875000 0.98437500 0.09375000 0.03125000
1 0.55156250 0.92968750 0.07812500 0.04375000
1 0.18437500 0.98515625 0.09687500 0.02968750
1 0.04218750 0.25078125 0.04062500 0.06718750
1 0.15312500 0.46953125 0.04687500 0.07343750
1 0.81875000 0.98515625 0.10937500 0.02968750
1 0.06328125 0.44843750 0.05468750 0.09375000
1 0.01640625 0.46718750 0.03281250 0.08750000
1 0.58359375 0.40546875 0.03906250 0.09531250
1 0.25312500 0.20156250 0.04687500 0.08437500
1 0.98281250 0.64140625 0.03437500 0.04218750
1 0.69375000 0.98593750 0.09062500 0.02812500
1 0.34843750 0.46250000 0.04375000 0.09375000
1 0.68125000 0.92812500 0.08750000 0.03437500
1 0.57031250 0.98593750 0.09062500 0.02812500
