1 0.87031250 0.07031250 0.10312500 0.03750000
1 0.79921875 0.85546875 0.04218750 0.09843750
1 0.85703125 0.76406250 0.03906250 0.09687500
1 0.74218750 0.89765625 0.03750000 0.10156250
1 0.31328125 0.97812500 0.04218750 0.04375000
1 0.21718750 0.17109375 0.10312500 0.03906250
1 0.80156250 0.96953125 0.04062500 0.06093750
1 0.80078125 0.71171875 0.03281250 0.08906250
1 0.85625000 0.89531250 0.03750000 0.10000000
1 0.23281250 0.28906250 0.10312500 0.04062500
1 0.85234375 0.98671875 0.03593750 0.02656250
1 0.73906250 0.30078125 0.09375000 0.03906250
1 0.73828125 0.76250000 0.03593750 0.07812500
1 0.49531250 0.16484375 0.09687500 0.04218750
1 0.91875000 0.74921875 0.04062500 0.10156250
1 0.52265625 0.28125000 0.08906250 0.04062500
1 0.62031250 0.14218750 0.10000000 0.05625000
1 0.57812500 0.06875000 0.10937500 0.04062500
1 0.79375000 0.23750000 0.10312500 0.04062500
1 0.73750000 0.98281250 0.03750000 0.03437500
2 0.43437500 0.81171875 0.04375000 0.09531250
2 0.96718750 0.41562500 0.03125000 0.01875000
2 0.49453125 0.83750000 0.01718750 0.05937500
2 0.29531250 0.54296875 0.01562500 0.02343750
2 0.30312500 0.56562500 0.01875000 0.02187500
2 0.67421875 0.45234375 0.04843750 0.02343750
2 0.49843750 0.60781250 0.02500000 0.02187500
2 0.58437500 0.56093750 0.04062500 0.02500000
2 0.20234375 0.42578125 0.03906250 0.01406250
2 0.41562500 0.45625000 0.01875000 0.01875000
2 0.97031250 0.41484375 0.02500000 0.01718750
2 0.73984375 0.34453125 0.02031250 0.05156250
2 0.99609375 0.49921875 0.00781250 0.01093750
2 0.55000000 0.54140625 0.03125000 0.02031250
2 0.31875000 0.00312500 0.02500000 0.00625000
2 0.68671875 0.45000000 0.02656250 0.02187500
2 0.06015625 0.57031250 0.02031250 0.01562500
2 0.20078125 0.57812500 0.02031250 0.01562500
2 0.30156250 0.55234375 0.02812500 0.04531250
2 0.03671875 0.58437500 0.02031250 0.02187500
2 0.86875000 0.56718750 0.01250000 0.01875000
2 0.27031250 0.41953125 0.01562500 0.02656250
2 0.01796875 0.58828125 0.02343750 0.02343750
2 0.31562500 0.53281250 0.01875000 0.01875000
2 0.29921875 0.43281250 0.02968750 0.01562500
2 0.32656250 0.52968750 0.02500000 0.02812500
2 0.73984375 0.34609375 0.02031250 0.05468750
2 0.39218750 0.63984375 0.01875000 0.02343750
2 0.08125000 0.57812500 0.02187500 0.01562500
2 0.20859375 0.42578125 0.02968750 0.01406250
2 0.43281250 0.96406250 0.01250000 0.02187500
2 0.03359375 0.58515625 0.02343750 0.02343750
2 0.65234375 0.18750000 0.02343750 0.01562500
2 0.65859375 0.45781250 0.01718750 0.01250000
2 0.67968750 0.03125000 0.01562500 0.01875000
2 0.83125000 0.50468750 0.01562500 0.01875000
2 0.59296875 0.55625000 0.02343750 0.01562500
2 0.41718750 0.97812500 0.01875000 0.03437500
2 0.99453125 0.68828125 0.01093750 0.01718750
2 0.40468750 0.45156250 0.01250000 0.01562500
2 0.24453125 0.49765625 0.01718750 0.01718750
2 0.26796875 0.68515625 0.02031250 0.02031250
2 0.99453125 0.69218750 0.01093750 0.02500000
2 0.49375000 0.86250000 0.01562500 0.01875000
2 0.41171875 0.45468750 0.02656250 0.02187500
2 0.57812500 0.56484375 0.02812500 0.02031250
2 0.58437500 0.86562500 0.01875000 0.01875000
2 0.28828125 0.42343750 0.05156250 0.03437500
2 0.49531250 0.57734375 0.02500000 0.02031250
2 0.49375000 0.60859375 0.01562500 0.02031250
2 0.19062500 0.42578125 0.01562500 0.01093750
2 0.66484375 0.45546875 0.02968750 0.01718750
2 0.53593750 0.86484375 0.02187500 0.01718750
2 0.75078125 0.56796875 0.01406250 0.01718750
2 0.72031250 0.47343750 0.01562500 0.01875000
2 0.39687500 0.29921875 0.00937500 0.00781250
2 0.65468750 0.18671875 0.01875000 0.01406250
2 0.35781250 0.72578125 0.01875000 0.02031250
2 0.86093750 0.54531250 0.01250000 0.02500000
2 0.05703125 0.59531250 0.02968750 0.02187500
2 0.35859375 0.32734375 0.01718750 0.01718750
