1 0.79453125 0.21406250 0.09218750 0.05312500
1 0.16875000 0.37812500 0.09062500 0.04375000
1 0.65078125 0.32656250 0.09218750 0.03437500
1 0.51171875 0.32734375 0.09531250 0.03906250
1 0.42734375 0.38437500 0.08281250 0.04375000
1 0.80000000 0.39375000 0.08750000 0.03437500
1 0.03984375 0.37656250 0.07968750 0.03750000
1 0.01250000 0.32031250 0.02500000 0.03750000
1 0.35078125 0.44296875 0.09218750 0.03906250
1 0.54375000 0.38593750 0.06562500 0.04687500
1 0.30625000 0.19531250 0.08750000 0.04375000
1 0.14296875 0.20625000 0.09531250 0.04375000
1 0.76640625 0.33437500 0.08906250 0.03750000
1 0.29453125 0.37968750 0.08593750 0.04062500
1 0.66406250 0.39296875 0.09062500 0.03593750
1 0.37968750 0.32734375 0.09375000 0.03593750
1 0.11562500 0.32421875 0.09062500 0.03593750
1 0.36718750 0.08125000 0.04687500 0.08750000
1 0.76953125 0.45234375 0.08593750 0.03593750
1 0.67421875 0.57343750 0.11406250 0.03750000
1 0.47500000 0.44609375 0.09687500 0.03906250
1 0.66015625 0.44296875 0.09843750 0.03906250
1 0.19609375 0.54375000 0.02968750 0.01562500
1 0.77109375 0.27343750 0.09218750 0.04062500
1 0.67109375 0.26953125 0.08593750 0.04218750
1 0.24453125 0.32734375 0.09531250 0.04218750
1 0.91718750 0.39296875 0.01875000 0.03906250
2 0.71796875 0.54375000 0.03593750 0.01562500
2 0.84062500 0.64921875 0.02812500 0.02656250
2 0.84296875 0.48671875 0.01406250 0.01718750
2 0.83203125 0.49218750 0.01718750 0.01562500
2 0.71328125 0.51796875 0.02656250 0.02031250
2 0.91640625 0.39218750 0.01718750 0.03750000
2 0.96875000 0.56796875 0.01562500 0.02968750
2 0.92031250 0.52265625 0.01875000 0.02968750
2 0.97343750 0.56718750 0.02500000 0.03125000
2 0.99218750 0.14453125 0.01250000 0.03593750
2 0.92109375 0.62265625 0.02343750 0.02343750
2 0.04062500 0.63125000 0.01875000 0.01875000
2 0.50625000 0.19609375 0.01562500 0.01093750
2 0.68828125 0.54375000 0.02031250 0.01562500
2 0.97968750 0.57031250 0.01250000 0.01875000
2 0.97031250 0.53906250 0.02500000 0.02812500
2 0.49609375 0.63125000 0.01093750 0.00937500
2 0.74218750 0.51250000 0.02187500 0.02500000
2 0.73750000 0.21328125 0.02500000 0.02656250
2 0.94609375 0.77656250 0.02343750 0.03125000
2 0.92265625 0.76640625 0.01406250 0.01406250
2 0.71406250 0.51875000 0.01875000 0.01562500
2 0.94062500 0.52421875 0.01875000 0.02656250
2 0.69453125 0.92265625 0.02968750 0.03906250
2 0.96562500 0.53828125 0.01875000 0.02656250
2 0.93046875 0.52265625 0.03906250 0.02968750
2 0.85546875 0.54375000 0.01406250 0.01562500
2 0.84687500 0.54296875 0.03437500 0.01718750
2 0.99218750 0.99375000 0.01562500 0.01250000
2 0.65234375 0.95390625 0.03281250 0.05156250
2 0.83671875 0.48984375 0.02656250 0.02031250
2 0.93671875 0.77578125 0.04218750 0.03281250
2 0.92421875 0.63125000 0.02656250 0.03750000
2 0.23593750 0.72421875 0.02187500 0.02343750
2 0.92343750 0.64062500 0.02187500 0.01875000
