1 0.86250000 0.42734375 0.11562500 0.04843750
1 0.09843750 0.25156250 0.06562500 0.10312500
1 0.87812500 0.73437500 0.09375000 0.03750000
1 0.70859375 0.43203125 0.12968750 0.06406250
1 0.01718750 0.38281250 0.03437500 0.10000000
1 0.59921875 0.42187500 0.10468750 0.04375000
1 0.75000000 0.80000000 0.10312500 0.04375000
1 0.90703125 0.67656250 0.09531250 0.05625000
1 0.58359375 0.73671875 0.10156250 0.03906250
1 0.53281250 0.80468750 0.09375000 0.04062500
1 0.08359375 0.97734375 0.07343750 0.04531250
1 0.34140625 0.22656250 0.04218750 0.09062500
1 0.35625000 0.80390625 0.09062500 0.04218750
1 0.47500000 0.40078125 0.10312500 0.05156250
1 0.45156250 0.74375000 0.09375000 0.03750000
1 0.15546875 0.52578125 0.07968750 0.09843750
1 0.76875000 0.67578125 0.06562500 0.04531250
1 0.23593750 0.16953125 0.04375000 0.10468750
1 0.97890625 0.73906250 0.04218750 0.04062500
1 0.97578125 0.41718750 0.04843750 0.03750000
1 0.46406250 0.44687500 0.12187500 0.04062500
1 0.33984375 0.05234375 0.05156250 0.07656250
1 0.51484375 0.24609375 0.07968750 0.08281250
1 0.71562500 0.74453125 0.10312500 0.03906250
1 0.74375000 0.29843750 0.09687500 0.04375000
0 0.58046875 0.67890625 0.28593750 0.06093750
