0 0.91953125 0.31562500 0.16093750 0.05625000
1 0.56093750 0.36953125 0.04375000 0.03593750
1 0.63593750 0.25000000 0.08437500 0.03750000
1 0.89062500 0.24765625 0.10625000 0.04531250
1 0.71484375 0.37031250 0.09218750 0.04062500
1 0.28750000 0.31406250 0.10000000 0.04062500
1 0.42187500 0.31015625 0.10000000 0.03906250
1 0.03281250 0.31093750 0.06562500 0.03750000
1 0.24843750 0.25703125 0.09687500 0.03593750
1 0.02734375 0.25546875 0.05468750 0.03906250
1 0.90156250 0.36875000 0.09687500 0.03750000
1 0.60781250 0.37031250 0.05625000 0.04062500
1 0.51953125 0.25156250 0.10468750 0.04062500
1 0.10625000 0.19843750 0.10000000 0.04062500
1 0.12343750 0.25937500 0.10000000 0.04062500
1 0.16953125 0.31093750 0.10468750 0.03750000
1 0.67343750 0.31875000 0.09062500 0.03750000
1 0.75078125 0.24765625 0.09531250 0.04218750
1 0.38359375 0.25156250 0.10156250 0.04062500
1 0.60781250 0.38046875 0.05625000 0.06093750
1 0.54062500 0.30937500 0.09687500 0.04062500
1 0.59140625 0.19218750 0.10468750 0.03750000
1 0.99531250 0.37890625 0.00937500 0.03593750
1 0.78750000 0.30234375 0.09375000 0.03906250
