2 0.94062500 0.41875000 0.01875000 0.01875000
2 0.57890625 0.57890625 0.01718750 0.01718750
2 0.13281250 0.83984375 0.22500000 0.25468750
2 0.29921875 0.66015625 0.02343750 0.02343750
2 0.59453125 0.57890625 0.02968750 0.01718750
2 0.94453125 0.63359375 0.01406250 0.01718750
2 0.01171875 0.51484375 0.02343750 0.09843750
2 0.97890625 0.32343750 0.01718750 0.03125000
2 0.86640625 0.47265625 0.02031250 0.02031250
2 0.88203125 0.59140625 0.03281250 0.01718750
2 0.36328125 0.65859375 0.02968750 0.03593750
2 0.95000000 0.79531250 0.02500000 0.01875000
2 0.97031250 0.63593750 0.03750000 0.03437500
2 0.45312500 0.86484375 0.02812500 0.02656250
2 0.82734375 0.58281250 0.01718750 0.01875000
2 0.04921875 0.60546875 0.02031250 0.01718750
2 0.44609375 0.60859375 0.03906250 0.03281250
2 0.72421875 0.61171875 0.02968750 0.01406250
2 0.96171875 0.62890625 0.04218750 0.03593750
2 0.95468750 0.64453125 0.03125000 0.03593750
2 0.93515625 0.65781250 0.01718750 0.02500000
2 0.60234375 0.57890625 0.02031250 0.01718750
2 0.91484375 0.60781250 0.02031250 0.01875000
2 0.05468750 0.60468750 0.02812500 0.01875000
2 0.94453125 0.80078125 0.03906250 0.02968750
2 0.11640625 0.56796875 0.01718750 0.01406250
2 0.09921875 0.56875000 0.01718750 0.01250000
2 0.96250000 0.64062500 0.02812500 0.02500000
2 0.33203125 0.66406250 0.02343750 0.01250000
2 0.96875000 0.63828125 0.03125000 0.03281250
2 0.97734375 0.32578125 0.01718750 0.02656250
2 0.94765625 0.64765625 0.02656250 0.04218750
2 0.97343750 0.60000000 0.02500000 0.02812500
2 0.99375000 0.69843750 0.01250000 0.02500000
2 0.43828125 0.61640625 0.02343750 0.01718750
2 0.95703125 0.80546875 0.01718750 0.02656250
2 0.78906250 0.59843750 0.02500000 0.02187500
2 0.28671875 0.66406250 0.02031250 0.02500000
2 0.45703125 0.60000000 0.01718750 0.01562500
2 0.31562500 0.58828125 0.01875000 0.02031250
2 0.68828125 0.55781250 0.02656250 0.01562500
2 0.30078125 0.58515625 0.02343750 0.01406250
2 0.94531250 0.57734375 0.04687500 0.03593750
2 0.45000000 0.61171875 0.02500000 0.01718750
2 0.99140625 0.59296875 0.01718750 0.01406250
2 0.30625000 0.58828125 0.03437500 0.02031250
2 0.93046875 0.79218750 0.01406250 0.01250000
2 0.45625000 0.60468750 0.02187500 0.02500000
2 0.88906250 0.59218750 0.01875000 0.01562500
2 0.74296875 0.54375000 0.03906250 0.03125000
2 0.65703125 0.93593750 0.02656250 0.03750000
2 0.81796875 0.85546875 0.03593750 0.03906250
2 0.44687500 0.60859375 0.04375000 0.03281250
2 0.39296875 0.98359375 0.04531250 0.03281250
2 0.96718750 0.72109375 0.01875000 0.02343750
2 0.93984375 0.54531250 0.03593750 0.02500000
2 0.31328125 0.58750000 0.02343750 0.01875000
2 0.50312500 0.66640625 0.01250000 0.00781250
2 0.97187500 0.59687500 0.02812500 0.02500000
2 0.10781250 0.56875000 0.03125000 0.01562500
2 0.96171875 0.60390625 0.02656250 0.02031250
2 0.04609375 0.77343750 0.02656250 0.02500000
2 0.93984375 0.41875000 0.02031250 0.01875000
2 0.97890625 0.32968750 0.01718750 0.01875000
2 0.98671875 0.71953125 0.02656250 0.06718750
2 0.66171875 0.97890625 0.03593750 0.03281250
2 0.98281250 0.60312500 0.02500000 0.02187500
2 0.66796875 0.62890625 0.03906250 0.04531250
2 0.87265625 0.59218750 0.01406250 0.01562500
2 0.16093750 0.86875000 0.15937500 0.21875000
2 0.78828125 0.59843750 0.02656250 0.02187500
2 0.66250000 0.61406250 0.02500000 0.01562500
2 0.99218750 0.59453125 0.01562500 0.01718750
2 0.97734375 0.98906250 0.03593750 0.02187500
2 0.24296875 0.65546875 0.01718750 0.02968750
2 0.79218750 0.59687500 0.01875000 0.01875000
2 0.59218750 0.57890625 0.03750000 0.02031250
2 0.32109375 0.41875000 0.01406250 0.01562500
2 0.66718750 0.61562500 0.03437500 0.01875000
2 0.00859375 0.78359375 0.01718750 0.02343750
2 0.59843750 0.57890625 0.02812500 0.01718750
2 0.91250000 0.60937500 0.02187500 0.01875000
2 0.68984375 0.55781250 0.02968750 0.01562500
2 0.28593750 0.66796875 0.01562500 0.01406250
2 0.84062500 0.58046875 0.01562500 0.01406250
2 0.83281250 0.58281250 0.02812500 0.01875000
2 0.65390625 0.98046875 0.06093750 0.03906250
2 0.94062500 0.41796875 0.01875000 0.01718750
2 0.95625000 0.65625000 0.01875000 0.02187500
2 0.99062500 0.60156250 0.01875000 0.02812500
2 0.91484375 0.60703125 0.02031250 0.02031250
2 0.93281250 0.66562500 0.02187500 0.02500000
2 0.43203125 0.61796875 0.01406250 0.01406250
1 0.04218750 0.35703125 0.08437500 0.03593750
1 0.59921875 0.24296875 0.08281250 0.04218750
1 0.72031250 0.47031250 0.09062500 0.04062500
1 0.35859375 0.41562500 0.08593750 0.04062500
1 0.00703125 0.41796875 0.01406250 0.03593750
1 0.11093750 0.42109375 0.09687500 0.03906250
1 0.71640625 0.23828125 0.10156250 0.04218750
1 0.13437500 0.35859375 0.08125000 0.03593750
1 0.01328125 0.47890625 0.02656250 0.03906250
1 0.24062500 0.35468750 0.09375000 0.03750000
1 0.82109375 0.47343750 0.09218750 0.04375000
1 0.32500000 0.47812500 0.09687500 0.03750000
1 0.49843750 0.42109375 0.09062500 0.03906250
1 0.08359375 0.47656250 0.08906250 0.03750000
1 0.11328125 0.05937500 0.10156250 0.04687500
1 0.49140625 0.29765625 0.08593750 0.04218750
1 0.24531250 0.41562500 0.10000000 0.03750000
1 0.77421875 0.35937500 0.09531250 0.03750000
1 0.20468750 0.47500000 0.08437500 0.03750000
1 0.62187500 0.35937500 0.09687500 0.03750000
1 0.35156250 0.35703125 0.09687500 0.04218750
1 0.78984375 0.41953125 0.09843750 0.03906250
1 0.01171875 0.54453125 0.02343750 0.03906250
1 0.47265625 0.35781250 0.09843750 0.04375000
1 0.27109375 0.00859375 0.07968750 0.01718750
1 0.45078125 0.47812500 0.09218750 0.03437500
1 0.63125000 0.29687500 0.08750000 0.04375000
1 0.58750000 0.48359375 0.09375000 0.03593750
1 0.66171875 0.41718750 0.09218750 0.03437500
1 0.77578125 0.30234375 0.09531250 0.03593750
1 0.94609375 0.57187500 0.04531250 0.04687500
