3 0.22812500 0.51328125 0.03750000 0.02656250
0 0.79921875 0.74453125 0.25156250 0.06093750
1 0.08046875 0.71718750 0.08593750 0.03750000
1 0.73359375 0.80234375 0.08593750 0.04218750
1 0.06250000 0.78593750 0.08750000 0.03750000
1 0.26875000 0.72968750 0.08750000 0.04062500
1 0.38593750 0.75781250 0.08125000 0.04062500
1 0.83203125 0.98125000 0.09843750 0.03750000
1 0.53437500 0.67578125 0.09375000 0.03906250
1 0.01328125 0.86250000 0.02656250 0.03437500
1 0.61562500 0.97890625 0.09062500 0.04218750
1 0.16171875 0.83671875 0.09531250 0.03906250
1 0.19921875 0.78906250 0.09218750 0.04062500
1 0.95000000 0.98515625 0.10000000 0.02968750
1 0.96953125 0.75156250 0.06093750 0.03750000
1 0.72656250 0.98125000 0.09687500 0.03750000
1 0.03281250 0.45234375 0.06562500 0.07968750
1 0.72578125 0.85703125 0.09843750 0.03906250
1 0.81250000 0.66718750 0.09375000 0.04062500
1 0.17578125 0.89765625 0.09531250 0.03906250
