1 0.71640625 0.21718750 0.10468750 0.04062500
1 0.03515625 0.06015625 0.07031250 0.03906250
1 0.93046875 0.07578125 0.09218750 0.04218750
1 0.84765625 0.21406250 0.09531250 0.04062500
1 0.03828125 0.24140625 0.07656250 0.03906250
1 0.28750000 0.23203125 0.09687500 0.03906250
1 0.22890625 0.05625000 0.09218750 0.04062500
1 0.37421875 0.28593750 0.09843750 0.04375000
1 0.87343750 0.39218750 0.09687500 0.03750000
1 0.58828125 0.22187500 0.10468750 0.04062500
1 0.41718750 0.22265625 0.10000000 0.03906250
1 0.15703125 0.23750000 0.10156250 0.04062500
1 0.71796875 0.27578125 0.09218750 0.04218750
1 0.37890625 0.11250000 0.09843750 0.04687500
1 0.96406250 0.20937500 0.07187500 0.04062500
1 0.21640625 0.35000000 0.09218750 0.03750000
1 0.98750000 0.26484375 0.02500000 0.03906250
1 0.86093750 0.32812500 0.09687500 0.03750000
0 0.94296875 0.60937500 0.11406250 0.08437500
