2 0.48359375 0.45781250 0.02343750 0.02500000
2 0.47500000 0.45937500 0.03750000 0.02812500
2 0.75156250 0.56250000 0.02500000 0.02500000
2 0.39843750 0.57578125 0.01875000 0.02031250
2 0.40000000 0.65468750 0.02812500 0.04062500
2 0.35781250 0.49140625 0.01562500 0.01718750
2 0.28125000 0.45000000 0.02500000 0.02500000
2 0.31250000 0.57812500 0.02500000 0.03750000
2 0.41250000 0.52656250 0.02500000 0.03125000
2 0.61328125 0.19453125 0.02031250 0.01406250
2 0.25468750 0.52578125 0.01875000 0.02031250
2 0.80546875 0.56015625 0.01406250 0.02343750
1 0.97187500 0.20703125 0.05625000 0.03281250
1 0.81718750 0.80390625 0.04062500 0.09218750
1 0.98046875 0.47187500 0.03906250 0.07187500
1 0.87968750 0.95156250 0.04062500 0.08750000
1 0.86796875 0.71015625 0.04218750 0.09843750
1 0.04843750 0.21328125 0.09687500 0.04218750
1 0.93203125 0.84921875 0.03906250 0.09843750
1 0.34765625 0.98906250 0.04218750 0.02187500
1 0.93359375 0.72187500 0.04218750 0.10000000
1 0.31328125 0.38828125 0.09843750 0.05156250
1 0.35156250 0.32187500 0.09687500 0.04062500
1 0.70625000 0.01718750 0.09375000 0.03437500
1 0.17968750 0.20859375 0.10312500 0.04218750
1 0.17578125 0.32421875 0.09843750 0.03906250
1 0.06328125 0.26875000 0.10468750 0.04062500
1 0.81406250 0.30312500 0.09375000 0.04062500
1 0.76015625 0.78125000 0.04218750 0.09375000
1 0.34921875 0.06484375 0.09218750 0.04218750
1 0.87265625 0.83125000 0.03906250 0.09062500
1 0.53906250 0.59453125 0.06250000 0.09843750
1 0.76406250 0.92656250 0.04062500 0.10312500
1 0.53593750 0.30781250 0.10000000 0.04062500
1 0.62343750 0.24218750 0.09687500 0.04375000
1 0.78750000 0.07265625 0.10000000 0.04218750
1 0.81250000 0.68515625 0.03750000 0.09218750
1 0.34296875 0.90468750 0.03906250 0.09375000
1 0.82734375 0.96406250 0.04218750 0.07187500
