1 0.96875000 0.10078125 0.06250000 0.03906250
1 0.41015625 0.48046875 0.09218750 0.04218750
1 0.60000000 0.16250000 0.10000000 0.04062500
1 0.05468750 0.15312500 0.08437500 0.03750000
1 0.83046875 0.35937500 0.08906250 0.05000000
1 0.86250000 0.48984375 0.08750000 0.03593750
1 0.38203125 0.38437500 0.08593750 0.03437500
1 0.31250000 0.04531250 0.09062500 0.03750000
1 0.02187500 0.35625000 0.04375000 0.03750000
1 0.14921875 0.09531250 0.08593750 0.04062500
1 0.86250000 0.04062500 0.09062500 0.04062500
1 0.13750000 0.44218750 0.08750000 0.03750000
1 0.17734375 0.26406250 0.08906250 0.04375000
1 0.32968750 0.20859375 0.08750000 0.03906250
1 0.83046875 0.27890625 0.09218750 0.04218750
1 0.15000000 0.19921875 0.08750000 0.03906250
1 0.24218750 0.34609375 0.08750000 0.03906250
1 0.60312500 0.28281250 0.09062500 0.03750000
1 0.91015625 0.41562500 0.09218750 0.03750000
1 0.27031250 0.15000000 0.08437500 0.03750000
1 0.95390625 0.27890625 0.08906250 0.03281250
1 0.40078125 0.28046875 0.09218750 0.03906250
1 0.10234375 0.03281250 0.09218750 0.03750000
1 0.56406250 0.42187500 0.08437500 0.05000000
1 0.57031250 0.10234375 0.09062500 0.03906250
1 0.59062500 0.03984375 0.09375000 0.03906250
1 0.87187500 0.15781250 0.09375000 0.04375000
1 0.70000000 0.28125000 0.10625000 0.03750000
1 0.54531250 0.00468750 0.06562500 0.00937500
2 0.37578125 0.68515625 0.02343750 0.02031250
2 0.44531250 0.61406250 0.03125000 0.02500000
2 0.02031250 0.69218750 0.01562500 0.01562500
2 0.03125000 0.89687500 0.02500000 0.02812500
2 0.23828125 0.59375000 0.02656250 0.01250000
2 0.16406250 0.62343750 0.02500000 0.01875000
2 0.23359375 0.69375000 0.01093750 0.01562500
2 0.16328125 0.63359375 0.02656250 0.03906250
2 0.01484375 0.80000000 0.02343750 0.02500000
2 0.13828125 0.85703125 0.01718750 0.02031250
2 0.48203125 0.68906250 0.03906250 0.03125000
2 0.06328125 0.89375000 0.02343750 0.01562500
