1 0.64531250 0.10390625 0.10312500 0.04218750
1 0.97265625 0.03437500 0.05468750 0.04062500
1 0.83984375 0.59453125 0.04843750 0.01406250
1 0.02890625 0.68515625 0.03593750 0.09218750
1 0.97578125 0.59375000 0.04843750 0.01250000
1 0.03125000 0.80390625 0.04062500 0.09218750
1 0.43984375 0.04843750 0.09531250 0.04062500
1 0.57187500 0.03906250 0.10000000 0.03750000
1 0.08437500 0.70859375 0.04062500 0.09843750
1 0.08671875 0.83281250 0.03906250 0.09375000
1 0.78281250 0.10156250 0.10000000 0.04062500
1 0.03750000 0.96484375 0.04062500 0.07031250
1 0.94375000 0.09531250 0.10312500 0.04062500
1 0.90703125 0.59453125 0.04843750 0.01406250
1 0.51328125 0.10859375 0.09843750 0.04218750
1 0.86562500 0.03125000 0.09687500 0.03750000
1 0.81015625 0.27500000 0.09843750 0.04062500
1 0.70468750 0.04453125 0.10312500 0.03906250
1 0.09140625 0.95234375 0.03906250 0.08593750
0 0.29375000 0.16015625 0.22812500 0.17656250
