0 0.11093750 0.48750000 0.22187500 0.05937500
0 0.08593750 0.02343750 0.17187500 0.04687500
2 0.05781250 0.60703125 0.03125000 0.02031250
2 0.42890625 0.98437500 0.04843750 0.03125000
2 0.22734375 0.60703125 0.02343750 0.01718750
2 0.98359375 0.80000000 0.03281250 0.02187500
2 0.99218750 0.80000000 0.01562500 0.01875000
2 0.08437500 0.77578125 0.02187500 0.02656250
2 0.23125000 0.58984375 0.01562500 0.01718750
2 0.97421875 0.79531250 0.01406250 0.01250000
2 0.22734375 0.59921875 0.02343750 0.03281250
2 0.68203125 0.00468750 0.01718750 0.00937500
2 0.76406250 0.59843750 0.03125000 0.02187500
2 0.68437500 0.69375000 0.02187500 0.01875000
1 0.96718750 0.06328125 0.06562500 0.03593750
1 0.55546875 0.41640625 0.08593750 0.04218750
1 0.06406250 0.16250000 0.09687500 0.04375000
1 0.55078125 0.24140625 0.08281250 0.03906250
1 0.48593750 0.17031250 0.09375000 0.03750000
1 0.57500000 0.30234375 0.09375000 0.03906250
1 0.96406250 0.56562500 0.07187500 0.04062500
1 0.08359375 0.35703125 0.09531250 0.03281250
1 0.32734375 0.29843750 0.09218750 0.03750000
1 0.12656250 0.42656250 0.10312500 0.05625000
1 0.29140625 0.03515625 0.09218750 0.03906250
1 0.45781250 0.29531250 0.08437500 0.03437500
1 0.84062500 0.42265625 0.10000000 0.03906250
1 0.49843750 0.11093750 0.09375000 0.04375000
1 0.40312500 0.24296875 0.10312500 0.03593750
1 0.31875000 0.09453125 0.08750000 0.03906250
1 0.98125000 0.36250000 0.03750000 0.03750000
1 0.37031250 0.41875000 0.07812500 0.04375000
1 0.54218750 0.47968750 0.09062500 0.04062500
1 0.09218750 0.54296875 0.09375000 0.03593750
1 0.98203125 0.01718750 0.03593750 0.03437500
1 0.57812500 0.04843750 0.08125000 0.03125000
1 0.19687500 0.30234375 0.09687500 0.03906250
1 0.81953125 0.24921875 0.09218750 0.03906250
1 0.69921875 0.30468750 0.09843750 0.04062500
1 0.91171875 0.48437500 0.11406250 0.04062500
1 0.18906250 0.24453125 0.10000000 0.03906250
1 0.83046875 0.30390625 0.09218750 0.05156250
1 0.75781250 0.17109375 0.09062500 0.03281250
1 0.97968750 0.17500000 0.04062500 0.03437500
1 0.79843750 0.35703125 0.09375000 0.04218750
1 0.52734375 0.35859375 0.09531250 0.03906250
1 0.67343750 0.11562500 0.09062500 0.03437500
1 0.89218750 0.10546875 0.08437500 0.03593750
1 0.69687500 0.24062500 0.09375000 0.03437500
1 0.78828125 0.03515625 0.09218750 0.03906250
