2 0.06015625 0.54609375 0.01093750 0.02343750
2 0.27109375 0.49218750 0.01718750 0.01562500
2 0.20000000 0.68437500 0.01875000 0.04062500
2 0.16796875 0.41640625 0.02968750 0.02031250
2 0.06875000 0.56875000 0.01250000 0.01875000
2 0.35625000 0.49140625 0.02187500 0.02343750
2 0.77343750 0.50234375 0.01875000 0.02031250
1 0.05312500 0.98671875 0.03750000 0.02656250
1 0.44140625 0.31250000 0.10468750 0.04375000
1 0.66250000 0.12265625 0.10000000 0.03906250
1 0.52031250 0.12421875 0.10000000 0.03906250
1 0.00937500 0.71406250 0.01875000 0.08437500
1 0.32187500 0.22656250 0.09375000 0.03750000
1 0.01015625 0.85625000 0.02031250 0.09687500
1 0.28515625 0.00859375 0.10468750 0.01718750
1 0.91015625 0.21640625 0.12031250 0.05468750
1 0.02265625 0.23828125 0.04531250 0.04218750
1 0.80156250 0.01093750 0.10312500 0.02187500
1 0.05703125 0.89531250 0.03906250 0.10000000
1 0.53359375 0.05781250 0.09531250 0.03750000
1 0.06953125 0.06953125 0.10156250 0.03593750
1 0.05781250 0.76406250 0.03750000 0.09687500
1 0.60625000 0.00859375 0.10625000 0.01718750
1 0.11875000 0.74921875 0.04062500 0.10156250
1 0.01093750 0.96953125 0.02187500 0.06093750
1 0.79531250 0.06718750 0.09062500 0.04375000
1 0.98437500 0.12890625 0.03125000 0.03906250
1 0.80546875 0.30859375 0.10468750 0.04218750
1 0.38046875 0.56250000 0.03593750 0.03437500
1 0.77187500 0.06640625 0.04375000 0.04218750
1 0.78828125 0.12968750 0.09843750 0.04062500
