2 0.21484375 0.55234375 0.02343750 0.02656250
2 0.18281250 0.52812500 0.01875000 0.02812500
2 0.24921875 0.55156250 0.02343750 0.02812500
2 0.34453125 0.34218750 0.02656250 0.02812500
2 0.01328125 0.39531250 0.01718750 0.01250000
2 0.87656250 0.20546875 0.05000000 0.11093750
2 0.84062500 0.81406250 0.02187500 0.02812500
2 0.11718750 0.49687500 0.01562500 0.02187500
2 0.22890625 0.39843750 0.02031250 0.01562500
2 0.24687500 0.54531250 0.01875000 0.01562500
2 0.33281250 0.45156250 0.01562500 0.01875000
2 0.09453125 0.38359375 0.01093750 0.01406250
2 0.33906250 0.41015625 0.02812500 0.02031250
2 0.36875000 0.44296875 0.01875000 0.02968750
2 0.30312500 0.34765625 0.02187500 0.02343750
2 0.12031250 0.51640625 0.02500000 0.02031250
2 0.06718750 0.40703125 0.01250000 0.01093750
2 0.18203125 0.52890625 0.02031250 0.02968750
2 0.25312500 0.37890625 0.02187500 0.02343750
2 0.21796875 0.41406250 0.02031250 0.01562500
2 0.25468750 0.50781250 0.01875000 0.02500000
2 0.08750000 0.40234375 0.01250000 0.01406250
2 0.32734375 0.28906250 0.02968750 0.03125000
2 0.83671875 0.73828125 0.02656250 0.02656250
2 0.11484375 0.51718750 0.01406250 0.01875000
2 0.20390625 0.49921875 0.01718750 0.02031250
2 0.34843750 0.34921875 0.02187500 0.01718750
2 0.36093750 0.32890625 0.01875000 0.02031250
2 0.30703125 0.34687500 0.02968750 0.02500000
2 0.19843750 0.43359375 0.01875000 0.01718750
2 0.96015625 0.47109375 0.02968750 0.02968750
2 0.16640625 0.46796875 0.01718750 0.01718750
2 0.12187500 0.51718750 0.02187500 0.01875000
2 0.20625000 0.39375000 0.00937500 0.01562500
2 0.34609375 0.01406250 0.01093750 0.02812500
2 0.26015625 0.03906250 0.01406250 0.03750000
2 0.32500000 0.44765625 0.02812500 0.02343750
2 0.97343750 0.44765625 0.01875000 0.02343750
2 0.33906250 0.15546875 0.02187500 0.03906250
2 0.32109375 0.44453125 0.02031250 0.01718750
2 0.28515625 0.53046875 0.02343750 0.02968750
2 0.62812500 0.05937500 0.01250000 0.01875000
2 0.35234375 0.38125000 0.02968750 0.02812500
2 0.73046875 0.78984375 0.01406250 0.02031250
2 0.35156250 0.33593750 0.03750000 0.03437500
2 0.61015625 0.46562500 0.02656250 0.02500000
2 0.22343750 0.48437500 0.02187500 0.01875000
2 0.32421875 0.14453125 0.02343750 0.05781250
2 0.31953125 0.29062500 0.01718750 0.02812500
1 0.76250000 0.10703125 0.04062500 0.08906250
1 0.60078125 0.01250000 0.03593750 0.02500000
1 0.36406250 0.93203125 0.08125000 0.05468750
1 0.59062500 0.09765625 0.03437500 0.06406250
1 0.03750000 0.66406250 0.07500000 0.03750000
1 0.35781250 0.82265625 0.08437500 0.07031250
1 0.49218750 0.25703125 0.03437500 0.07968750
1 0.69609375 0.52500000 0.04843750 0.09375000
1 0.01718750 0.97734375 0.03437500 0.03593750
1 0.22031250 0.96171875 0.08750000 0.04531250
1 0.48437500 0.12343750 0.03750000 0.11250000
1 0.43359375 0.26015625 0.03906250 0.08281250
1 0.41796875 0.43593750 0.04531250 0.07500000
1 0.54296875 0.01562500 0.03281250 0.03125000
1 0.26015625 0.59765625 0.07968750 0.06406250
1 0.66640625 0.27734375 0.04218750 0.09531250
1 0.20468750 0.87500000 0.08125000 0.05000000
1 0.53750000 0.70390625 0.07187500 0.08281250
1 0.54843750 0.80468750 0.07187500 0.07500000
1 0.49296875 0.02421875 0.03593750 0.04843750
1 0.53828125 0.24296875 0.03906250 0.08906250
1 0.54140625 0.11640625 0.03593750 0.09218750
1 0.59765625 0.52500000 0.04843750 0.08437500
1 0.59765625 0.21171875 0.03593750 0.08906250
3 0.98750000 0.53906250 0.02500000 0.02187500
3 0.91875000 0.47031250 0.03750000 0.02500000
