1 0.71875000 0.71484375 0.05937500 0.03593750
1 0.61328125 0.77265625 0.07656250 0.03593750
1 0.96796875 0.64218750 0.06406250 0.03750000
1 0.92734375 0.95468750 0.09531250 0.03750000
1 0.92500000 0.76718750 0.10000000 0.04062500
1 0.36250000 0.84062500 0.08125000 0.03750000
1 0.20468750 0.89609375 0.08125000 0.03593750
1 0.92265625 0.83437500 0.08906250 0.03437500
1 0.67890625 0.89140625 0.09531250 0.04218750
1 0.30234375 0.71875000 0.08593750 0.03750000
1 0.17578125 0.72265625 0.09531250 0.03906250
1 0.92500000 0.88906250 0.09375000 0.03750000
1 0.48593750 0.96171875 0.08750000 0.03906250
1 0.20468750 0.95703125 0.10000000 0.03593750
1 0.20468750 0.65781250 0.08437500 0.03437500
1 0.82656250 0.95625000 0.10312500 0.03750000
1 0.48906250 0.77187500 0.09062500 0.03750000
1 0.77578125 0.83750000 0.09843750 0.03750000
1 0.31796875 0.89375000 0.08906250 0.04375000
1 0.75312500 0.77421875 0.09062500 0.03906250
1 0.22500000 0.77578125 0.09062500 0.03593750
1 0.20078125 0.83828125 0.09531250 0.03906250
1 0.64531250 0.83046875 0.08750000 0.03906250
1 0.43437500 0.71640625 0.07500000 0.03593750
1 0.96171875 0.71484375 0.07656250 0.03593750
1 0.79140625 0.89453125 0.09218750 0.03593750
1 0.44218750 0.89531250 0.08750000 0.03750000
1 0.50859375 0.83515625 0.10468750 0.04218750
1 0.60781250 0.71406250 0.09062500 0.03750000
1 0.71328125 0.95625000 0.09531250 0.03750000
1 0.84375000 0.71640625 0.08750000 0.03593750
1 0.60312500 0.95625000 0.09687500 0.03750000
1 0.36406250 0.77343750 0.08437500 0.03750000
1 0.34140625 0.95937500 0.09531250 0.03750000
