1 0.63984375 0.16796875 0.07031250 0.03906250
1 0.98593750 0.04687500 0.02812500 0.05625000
1 0.77265625 0.37578125 0.09843750 0.03593750
1 0.47421875 0.04843750 0.08281250 0.04375000
1 0.01093750 0.40625000 0.02187500 0.03437500
1 0.02265625 0.15156250 0.04531250 0.03750000
1 0.95078125 0.36953125 0.09531250 0.03593750
1 0.54843750 0.36171875 0.08125000 0.03281250
1 0.24062500 0.41718750 0.09687500 0.04062500
1 0.30312500 0.27734375 0.08750000 0.03593750
1 0.22265625 0.09531250 0.05468750 0.04062500
1 0.84062500 0.28671875 0.09062500 0.03906250
1 0.18437500 0.35390625 0.08125000 0.03281250
1 0.31562500 0.16015625 0.09375000 0.03593750
1 0.16484375 0.27265625 0.07656250 0.03281250
1 0.05000000 0.27109375 0.09062500 0.03593750
1 0.02265625 0.45937500 0.04531250 0.03437500
1 0.61953125 0.28671875 0.08906250 0.03593750
1 0.95000000 0.29375000 0.05000000 0.03750000
1 0.48437500 0.29296875 0.08750000 0.03281250
1 0.30312500 0.03593750 0.09062500 0.03750000
1 0.68828125 0.43125000 0.09843750 0.03750000
1 0.54687500 0.11093750 0.06562500 0.03750000
1 0.78593750 0.10937500 0.09062500 0.04375000
1 0.73046875 0.04453125 0.10468750 0.03906250
1 0.70703125 0.43125000 0.05781250 0.03750000
0 0.02265625 0.02734375 0.04531250 0.05468750
0 0.12421875 0.51406250 0.24218750 0.05937500
