1 0.43828125 0.71484375 0.09218750 0.04843750
1 0.03828125 0.40703125 0.07656250 0.07968750
1 0.23125000 0.78828125 0.11250000 0.04843750
1 0.90859375 0.16875000 0.05156250 0.05625000
1 0.41015625 0.59843750 0.10468750 0.05000000
1 0.85156250 0.70937500 0.09687500 0.03750000
1 0.80000000 0.36328125 0.04687500 0.09531250
1 0.92187500 0.64609375 0.10625000 0.04531250
1 0.18593750 0.61250000 0.09687500 0.04062500
1 0.04765625 0.67578125 0.09531250 0.04531250
1 0.28593750 0.28437500 0.09687500 0.04375000
1 0.32578125 0.66093750 0.09218750 0.04062500
1 0.14531250 0.41093750 0.10312500 0.04375000
1 0.26171875 0.41875000 0.11718750 0.06562500
1 0.03828125 0.39296875 0.07656250 0.05156250
1 0.75234375 0.36250000 0.05156250 0.10000000
1 0.56406250 0.71484375 0.10000000 0.05156250
1 0.04843750 0.73359375 0.09687500 0.04218750
1 0.26718750 0.41718750 0.08750000 0.06250000
1 0.99140625 0.35781250 0.01718750 0.10000000
1 0.19062500 0.67031250 0.10312500 0.04062500
1 0.56640625 0.28125000 0.05468750 0.03437500
1 0.04687500 0.61484375 0.09375000 0.03906250
1 0.98046875 0.69609375 0.03906250 0.03906250
1 0.58203125 0.65312500 0.05156250 0.05625000
1 0.96484375 0.36796875 0.04843750 0.07968750
1 0.16718750 0.72734375 0.10000000 0.03906250
1 0.95468750 0.32187500 0.05937500 0.03437500
1 0.30156250 0.72656250 0.10625000 0.04062500
1 0.05781250 0.23984375 0.08125000 0.07968750
1 0.47656250 0.65937500 0.10000000 0.04062500
1 0.55859375 0.77656250 0.10468750 0.05000000
1 0.40781250 0.40781250 0.11250000 0.05000000
1 0.68593750 0.71015625 0.10000000 0.04218750
1 0.53750000 0.39453125 0.08437500 0.03906250
1 0.10468750 0.79375000 0.10000000 0.04062500
1 0.86093750 0.36562500 0.04687500 0.09375000
1 0.73750000 0.58515625 0.09375000 0.05156250
1 0.95781250 0.35625000 0.06562500 0.10312500
1 0.26015625 0.40468750 0.07343750 0.03750000
