1 0.54375000 0.88437500 0.08125000 0.03125000
1 0.73906250 0.70468750 0.06250000 0.03437500
1 0.49140625 0.76328125 0.09218750 0.03906250
1 0.79609375 0.88671875 0.09218750 0.03906250
1 0.92890625 0.75781250 0.09843750 0.03750000
1 0.17734375 0.71562500 0.09531250 0.03750000
1 0.22656250 0.76875000 0.09062500 0.03750000
1 0.61093750 0.70546875 0.09375000 0.03593750
1 0.77812500 0.83046875 0.09375000 0.03906250
1 0.30390625 0.71171875 0.08593750 0.03906250
1 0.92812500 0.82500000 0.08750000 0.03750000
1 0.31875000 0.88906250 0.08750000 0.04375000
1 0.44375000 0.88906250 0.08750000 0.03750000
1 0.64843750 0.82265625 0.08437500 0.03593750
1 0.36718750 0.76640625 0.08437500 0.03906250
1 0.36796875 0.83281250 0.08593750 0.03750000
1 0.19765625 0.65625000 0.09218750 0.03750000
1 0.43671875 0.70859375 0.07656250 0.03593750
1 0.75625000 0.76562500 0.08750000 0.03750000
1 0.34453125 0.95390625 0.09531250 0.03906250
1 0.20234375 0.83281250 0.09531250 0.03750000
1 0.96328125 0.70625000 0.07343750 0.03750000
1 0.51093750 0.82734375 0.10312500 0.04218750
1 0.68125000 0.88203125 0.08750000 0.04218750
1 0.58359375 0.64296875 0.08281250 0.03906250
1 0.20546875 0.89062500 0.08281250 0.03437500
1 0.62109375 0.76640625 0.08593750 0.03593750
1 0.84609375 0.70781250 0.08593750 0.03750000
1 0.22031250 0.95078125 0.09062500 0.03906250
