2 0.08125000 0.99218750 0.01562500 0.01250000
2 0.88984375 0.37734375 0.01406250 0.01406250
2 0.06640625 0.55000000 0.01406250 0.01875000
2 0.60703125 0.56562500 0.01718750 0.01250000
2 0.95625000 0.37578125 0.01562500 0.01718750
2 0.89687500 0.35937500 0.00937500 0.01562500
2 0.96406250 0.49140625 0.01875000 0.02343750
2 0.37734375 0.57500000 0.12968750 0.01562500
2 0.30000000 0.28593750 0.02500000 0.01875000
2 0.07500000 0.13671875 0.02812500 0.04531250
2 0.88046875 0.58203125 0.01718750 0.01406250
2 0.01562500 0.58281250 0.02187500 0.01250000
2 0.39453125 0.49453125 0.01718750 0.01718750
2 0.86875000 0.38203125 0.01250000 0.01093750
2 0.96640625 0.49218750 0.01406250 0.01875000
2 0.43906250 0.57421875 0.02812500 0.01718750
2 0.61953125 0.60390625 0.03593750 0.02031250
2 0.44843750 0.45234375 0.02500000 0.01718750
2 0.24921875 0.50078125 0.02343750 0.04531250
2 0.58125000 0.54765625 0.01875000 0.01718750
2 0.12656250 0.52890625 0.03125000 0.02343750
2 0.07187500 0.55000000 0.02187500 0.01875000
2 0.99375000 0.69218750 0.01250000 0.03437500
2 0.96562500 0.44375000 0.01250000 0.01562500
2 0.00781250 0.86250000 0.01562500 0.26562500
2 0.87500000 0.58437500 0.02812500 0.01875000
2 0.09687500 0.60468750 0.02500000 0.01250000
2 0.04765625 0.09687500 0.02031250 0.03437500
2 0.60703125 0.57343750 0.01718750 0.02812500
2 0.65234375 0.50937500 0.02343750 0.02187500
2 0.70156250 0.55781250 0.02187500 0.01875000
2 0.62812500 0.60390625 0.02187500 0.01718750
2 0.96171875 0.44062500 0.02031250 0.01875000
2 0.08046875 0.99218750 0.01718750 0.01562500
1 0.97734375 0.58046875 0.04531250 0.05468750
1 0.43515625 0.94140625 0.08593750 0.03593750
1 0.04765625 0.39765625 0.05781250 0.09531250
1 0.99375000 0.69062500 0.01250000 0.03125000
1 0.51640625 0.75156250 0.09218750 0.04062500
1 0.78359375 0.95625000 0.07031250 0.04062500
1 0.01015625 0.41171875 0.02031250 0.08906250
1 0.17500000 0.16250000 0.05000000 0.09375000
1 0.13671875 0.41718750 0.04531250 0.07187500
1 0.91406250 0.81875000 0.08750000 0.03750000
1 0.31640625 0.94218750 0.08906250 0.03437500
1 0.93125000 0.76406250 0.08750000 0.04687500
1 0.55234375 0.95078125 0.09218750 0.03593750
1 0.14375000 0.88125000 0.09062500 0.03750000
1 0.78671875 0.73984375 0.09843750 0.03906250
1 0.19531250 0.79531250 0.08750000 0.04375000
1 0.13828125 0.67968750 0.08906250 0.04062500
1 0.51015625 0.99296875 0.09218750 0.01406250
1 0.00703125 0.98671875 0.01406250 0.02656250
1 0.68125000 0.88828125 0.09375000 0.03593750
1 0.79921875 0.88906250 0.09843750 0.04062500
1 0.48281250 0.80156250 0.09062500 0.04687500
1 0.12812500 0.17187500 0.04062500 0.08125000
1 0.03281250 0.19921875 0.04375000 0.07031250
1 0.67500000 0.95000000 0.08750000 0.04375000
1 0.56718750 0.36796875 0.03750000 0.09218750
1 0.68359375 0.68671875 0.09218750 0.03906250
1 0.27968750 0.73984375 0.10625000 0.04531250
1 0.29453125 0.98906250 0.07968750 0.02187500
0 0.21796875 0.39531250 0.07656250 0.12500000
