1 0.39062500 0.95000000 0.10000000 0.04062500
1 0.64843750 0.70546875 0.09375000 0.04531250
1 0.97265625 0.35546875 0.05468750 0.07343750
1 0.75468750 0.94296875 0.09375000 0.04218750
1 0.89375000 0.94296875 0.10625000 0.04531250
1 0.04140625 0.89609375 0.08281250 0.03906250
1 0.31171875 0.89453125 0.09531250 0.03906250
1 0.44062500 0.88828125 0.10000000 0.03906250
1 0.38125000 0.40937500 0.04062500 0.08750000
1 0.88828125 0.41093750 0.10156250 0.04687500
1 0.03125000 0.95625000 0.06250000 0.03750000
1 0.97578125 0.88437500 0.04843750 0.03750000
1 0.87187500 0.88593750 0.09687500 0.04062500
1 0.64296875 0.94609375 0.08281250 0.03906250
1 0.13125000 0.96015625 0.10312500 0.03906250
1 0.25546875 0.95625000 0.09843750 0.03750000
1 0.19375000 0.76328125 0.09375000 0.03906250
1 0.78984375 0.98984375 0.09531250 0.02031250
1 0.86093750 0.75859375 0.09687500 0.04843750
1 0.17968750 0.89765625 0.10312500 0.03906250
1 0.42812500 0.99375000 0.09375000 0.01250000
1 0.07890625 0.99609375 0.15156250 0.00781250
1 0.59687500 0.88750000 0.10312500 0.04062500
1 0.33984375 0.52421875 0.09218750 0.05156250
1 0.42578125 0.77421875 0.08906250 0.03906250
1 0.52421875 0.94765625 0.10156250 0.04218750
1 0.73984375 0.88593750 0.10156250 0.04062500
1 0.54687500 0.99218750 0.09687500 0.01562500
