1 0.04843750 0.42500000 0.09687500 0.05000000
1 0.71171875 0.69531250 0.09531250 0.04062500
1 0.87812500 0.90937500 0.10625000 0.04375000
1 0.33125000 0.99062500 0.10000000 0.01875000
1 0.58828125 0.22109375 0.03906250 0.09531250
1 0.18046875 0.22578125 0.04218750 0.07031250
1 0.58046875 0.75468750 0.09531250 0.03437500
1 0.15390625 0.95000000 0.10156250 0.04062500
1 0.46875000 0.32265625 0.04062500 0.09531250
1 0.19687500 0.88906250 0.10000000 0.04062500
1 0.20000000 0.09062500 0.04375000 0.09687500
1 0.02500000 0.77265625 0.05000000 0.03906250
1 0.97812500 0.97500000 0.04375000 0.04375000
1 0.59453125 0.53906250 0.03906250 0.01875000
1 0.96953125 0.16093750 0.04218750 0.10312500
1 0.53593750 0.22734375 0.04375000 0.10156250
1 0.19296875 0.00546875 0.03593750 0.01093750
1 0.55078125 0.59531250 0.04218750 0.01562500
1 0.56093750 0.93281250 0.09687500 0.04062500
1 0.53671875 0.09765625 0.04218750 0.10468750
1 0.59687500 0.07500000 0.04062500 0.09687500
1 0.07343750 0.89375000 0.09687500 0.04062500
1 0.65078125 0.19609375 0.04218750 0.10781250
1 0.65937500 0.05937500 0.04687500 0.10937500
1 0.14453125 0.36015625 0.08906250 0.08593750
1 0.53671875 0.00390625 0.02656250 0.00781250
1 0.99531250 0.68281250 0.00937500 0.03750000
0 0.71093750 0.14140625 0.05312500 0.16093750
0 0.71328125 0.11015625 0.06406250 0.22031250
2 0.89765625 0.40859375 0.02343750 0.02343750
2 0.62500000 0.48203125 0.02500000 0.01718750
2 0.33125000 0.41718750 0.01875000 0.01875000
2 0.93828125 0.46328125 0.02656250 0.02656250
2 0.69609375 0.35625000 0.01718750 0.01250000
2 0.67656250 0.35859375 0.01562500 0.01406250
2 0.85546875 0.39296875 0.02656250 0.02031250
2 0.72421875 0.46953125 0.02656250 0.02656250
2 0.79531250 0.40312500 0.01875000 0.02812500
2 0.78359375 0.52734375 0.01718750 0.02031250
2 0.94609375 0.47890625 0.02968750 0.02968750
2 0.44375000 0.51953125 0.01562500 0.01406250
2 0.29921875 0.54609375 0.02968750 0.02343750
2 0.79453125 0.52578125 0.03906250 0.02343750
2 0.90078125 0.52265625 0.03281250 0.02031250
2 0.08125000 0.57968750 0.04062500 0.02812500
2 0.82734375 0.56640625 0.01718750 0.01718750
2 0.50937500 0.52968750 0.01250000 0.01562500
2 0.41484375 0.38281250 0.02031250 0.03750000
2 0.29140625 0.39375000 0.02031250 0.01562500
2 0.95859375 0.52734375 0.03281250 0.02031250
2 0.90703125 0.52031250 0.02031250 0.01562500
2 0.94843750 0.49218750 0.02812500 0.02812500
2 0.35703125 0.43203125 0.02656250 0.02656250
2 0.72421875 0.53125000 0.03593750 0.01875000
2 0.26875000 0.66562500 0.01562500 0.01562500
2 0.08125000 0.52031250 0.01250000 0.00937500
2 0.53125000 0.43671875 0.01562500 0.02343750
2 0.36718750 0.28203125 0.02187500 0.02968750
2 0.42734375 0.57421875 0.04531250 0.02031250
2 0.29609375 0.54765625 0.03906250 0.02656250
2 0.60703125 0.40156250 0.01406250 0.02500000
2 0.82109375 0.49609375 0.03906250 0.02968750
2 0.01250000 0.48203125 0.02500000 0.01093750
2 0.70781250 0.31562500 0.02500000 0.01875000
2 0.30859375 0.41250000 0.02656250 0.02500000
2 0.41718750 0.39296875 0.01562500 0.01718750
2 0.53046875 0.43125000 0.01406250 0.01250000
2 0.35703125 0.34453125 0.01718750 0.01718750
2 0.35703125 0.42421875 0.04843750 0.04218750
2 0.29296875 0.54218750 0.01718750 0.01562500
2 0.28437500 0.54921875 0.01562500 0.01718750
2 0.36718750 0.12187500 0.01875000 0.01562500
2 0.73359375 0.52968750 0.02031250 0.01562500
2 0.83203125 0.49375000 0.01718750 0.01562500
2 0.41171875 0.12265625 0.01718750 0.02031250
2 0.78671875 0.40703125 0.03593750 0.03593750
2 0.01562500 0.48281250 0.01875000 0.01250000
2 0.95703125 0.43906250 0.02656250 0.02812500
2 0.82890625 0.53906250 0.03281250 0.02500000
2 0.42890625 0.14375000 0.01093750 0.01562500
2 0.43515625 0.57109375 0.02656250 0.01406250
2 0.71796875 0.47265625 0.03906250 0.02968750
2 0.68593750 0.35703125 0.03437500 0.01718750
2 0.67890625 0.35781250 0.02031250 0.01562500
2 0.81093750 0.49296875 0.01875000 0.02343750
2 0.71093750 0.84296875 0.04687500 0.03281250
2 0.41484375 0.37578125 0.01718750 0.02656250
2 0.42187500 0.13125000 0.01250000 0.01562500
