1 0.37890625 0.34140625 0.09218750 0.03906250
1 0.67578125 0.14296875 0.09531250 0.03906250
1 0.00625000 0.22031250 0.01250000 0.03437500
1 0.92890625 0.09140625 0.09218750 0.03906250
1 0.71875000 0.08671875 0.08750000 0.03906250
1 0.76015625 0.41015625 0.09218750 0.03906250
1 0.93906250 0.46562500 0.09375000 0.04062500
1 0.91875000 0.21171875 0.09375000 0.04531250
1 0.36875000 0.81796875 0.04062500 0.07968750
1 0.00703125 0.27734375 0.01406250 0.03281250
1 0.28906250 0.03671875 0.10312500 0.05468750
1 0.48906250 0.19531250 0.09687500 0.04062500
1 0.01328125 0.39843750 0.02656250 0.03750000
1 0.11953125 0.09843750 0.08906250 0.04062500
1 0.25703125 0.68046875 0.03281250 0.03593750
1 0.90703125 0.35937500 0.08593750 0.03437500
1 0.24921875 0.45312500 0.09843750 0.04687500
1 0.41718750 0.12265625 0.09062500 0.04218750
1 0.30625000 0.40078125 0.08125000 0.03906250
1 0.45390625 0.07578125 0.08906250 0.03906250
1 0.06328125 0.16171875 0.08593750 0.03906250
1 0.68750000 0.21093750 0.09687500 0.04062500
1 0.29218750 0.17656250 0.09375000 0.04375000
1 0.11406250 0.33984375 0.09687500 0.03906250
1 0.01328125 0.45703125 0.02656250 0.03906250
1 0.92734375 0.14765625 0.10468750 0.03906250
1 0.62031250 0.35546875 0.09062500 0.03906250
1 0.46953125 0.46015625 0.09218750 0.04531250
1 0.02968750 0.02812500 0.05937500 0.03437500
2 0.22343750 0.67265625 0.02187500 0.02343750
2 0.25781250 0.68046875 0.03125000 0.03593750
