2 0.84062500 0.49765625 0.02500000 0.02343750
2 0.24609375 0.47968750 0.02343750 0.03125000
2 0.29453125 0.53593750 0.01093750 0.02187500
2 0.59140625 0.57343750 0.06093750 0.02187500
2 0.74765625 0.58671875 0.02968750 0.02968750
2 0.52109375 0.58046875 0.03281250 0.03281250
2 0.47421875 0.58203125 0.02968750 0.01718750
2 0.06015625 0.04453125 0.05156250 0.03906250
2 0.16250000 0.45156250 0.02187500 0.01875000
2 0.28046875 0.43828125 0.01718750 0.02031250
2 0.06562500 0.15156250 0.01875000 0.03125000
2 0.81796875 0.58203125 0.02031250 0.03281250
2 0.24921875 0.46875000 0.02343750 0.05000000
2 0.19609375 0.42187500 0.02031250 0.02812500
2 0.30468750 0.53593750 0.01562500 0.02500000
2 0.52968750 0.63203125 0.01562500 0.01406250
2 0.53046875 0.63203125 0.01406250 0.01406250
2 0.30156250 0.53593750 0.02187500 0.02500000
2 0.20078125 0.49843750 0.02031250 0.02187500
2 0.17812500 0.45000000 0.01562500 0.02187500
2 0.04843750 0.04531250 0.02500000 0.03437500
2 0.94140625 0.97031250 0.01093750 0.01250000
2 0.76093750 0.56250000 0.03125000 0.03437500
2 0.89531250 0.55156250 0.03437500 0.04687500
2 0.75625000 0.61484375 0.02500000 0.02031250
2 0.52421875 0.63203125 0.02656250 0.01406250
2 0.06562500 0.17968750 0.02500000 0.09062500
2 0.48046875 0.51093750 0.02968750 0.03437500
2 0.63281250 0.58281250 0.02812500 0.02187500
2 0.52578125 0.38125000 0.02343750 0.01562500
2 0.19609375 0.49843750 0.03593750 0.02812500
2 0.72343750 0.55781250 0.02500000 0.03750000
2 0.73750000 0.53203125 0.02500000 0.01406250
1 0.30234375 0.86718750 0.08593750 0.03750000
1 0.49765625 0.80078125 0.08593750 0.04531250
1 0.70625000 0.74609375 0.08437500 0.03906250
1 0.13125000 0.79218750 0.08750000 0.03750000
1 0.16796875 0.72812500 0.09218750 0.04375000
1 0.83125000 0.98125000 0.09687500 0.03750000
1 0.51875000 0.73906250 0.08750000 0.04062500
1 0.01406250 0.45703125 0.02812500 0.04843750
1 0.05468750 0.84921875 0.09062500 0.03906250
1 0.34140625 0.72812500 0.08593750 0.04062500
1 0.31718750 0.79453125 0.08750000 0.03593750
1 0.25390625 0.61875000 0.08593750 0.05937500
1 0.95000000 0.98515625 0.10000000 0.02968750
1 0.90156250 0.68203125 0.09687500 0.03593750
1 0.72343750 0.98046875 0.08750000 0.03906250
1 0.57890625 0.85078125 0.09843750 0.03906250
1 0.48984375 0.91250000 0.09218750 0.04687500
1 0.61796875 0.97890625 0.09531250 0.04218750
0 0.94921875 0.74843750 0.10156250 0.05312500
0 0.90234375 0.32656250 0.19531250 0.15000000
