1 0.54453125 0.40000000 0.08906250 0.04375000
1 0.80312500 0.36718750 0.04687500 0.09687500
1 0.75468750 0.36796875 0.04687500 0.10156250
1 0.04843750 0.68281250 0.09687500 0.04375000
1 0.30468750 0.73125000 0.10625000 0.04375000
1 0.73046875 0.76718750 0.10468750 0.07187500
1 0.03828125 0.41171875 0.07656250 0.08593750
1 0.50937500 0.78046875 0.09062500 0.03906250
1 0.04921875 0.74140625 0.09843750 0.04218750
1 0.14687500 0.41640625 0.10312500 0.04531250
1 0.05859375 0.24375000 0.07968750 0.08437500
1 0.19375000 0.67500000 0.10312500 0.04375000
1 0.56953125 0.28593750 0.05781250 0.03750000
1 0.17343750 0.73281250 0.10625000 0.03750000
1 0.03515625 0.81484375 0.07031250 0.06718750
1 0.03593750 0.80468750 0.07187500 0.04687500
1 0.28593750 0.28828125 0.09687500 0.04218750
1 0.96328125 0.36093750 0.05468750 0.10312500
1 0.46484375 0.72343750 0.11718750 0.05000000
1 0.41171875 0.41328125 0.11718750 0.04843750
1 0.20078125 0.79687500 0.10156250 0.04062500
1 0.86328125 0.37265625 0.04843750 0.09843750
