1 0.68593750 0.28359375 0.09687500 0.04218750
1 0.00546875 0.10859375 0.01093750 0.09843750
1 0.96875000 0.28046875 0.05937500 0.03593750
1 0.70312500 0.72343750 0.10625000 0.04375000
1 0.92187500 0.77265625 0.10625000 0.04218750
1 0.67343750 0.40546875 0.10625000 0.03906250
1 0.44843750 0.67343750 0.09687500 0.04687500
1 0.86250000 0.71640625 0.11562500 0.04843750
1 0.54687500 0.40937500 0.10312500 0.04375000
1 0.11796875 0.10156250 0.03906250 0.09687500
1 0.85937500 0.51796875 0.04687500 0.03281250
1 0.32578125 0.82109375 0.09843750 0.05468750
1 0.14921875 0.92187500 0.09843750 0.08125000
1 0.28671875 0.22500000 0.04218750 0.09375000
1 0.40703125 0.44218750 0.11718750 0.04687500
1 0.17187500 0.54140625 0.08437500 0.08281250
1 0.42578125 0.39375000 0.10156250 0.05937500
1 0.81093750 0.40546875 0.11562500 0.04843750
1 0.17812500 0.17031250 0.04375000 0.10312500
1 0.57265625 0.72500000 0.10468750 0.03750000
1 0.94296875 0.39218750 0.08906250 0.04062500
1 0.44531250 0.73359375 0.10937500 0.04218750
1 0.45859375 0.23828125 0.07968750 0.07968750
1 0.54140625 0.79375000 0.09531250 0.04062500
1 0.29062500 0.05156250 0.03437500 0.07187500
2 0.29453125 0.59218750 0.01406250 0.03437500
2 0.00703125 0.82656250 0.01406250 0.02187500
2 0.08906250 0.65390625 0.02500000 0.03593750
2 0.23125000 0.38671875 0.01875000 0.02968750
2 0.31328125 0.45468750 0.02656250 0.01562500
2 0.21171875 0.44921875 0.02656250 0.02656250
