1 0.39375000 0.89531250 0.09062500 0.03750000
1 0.43046875 0.77500000 0.07968750 0.03750000
1 0.92109375 0.95781250 0.09531250 0.03750000
1 0.75390625 0.71875000 0.09843750 0.03750000
1 0.94062500 0.77578125 0.10000000 0.03906250
1 0.21093750 0.83437500 0.08750000 0.03437500
1 0.55546875 0.77500000 0.09531250 0.03750000
1 0.20546875 0.72265625 0.08906250 0.03906250
1 0.81875000 0.95781250 0.10000000 0.04062500
1 0.32578125 0.95859375 0.09531250 0.03593750
1 0.46562500 0.83671875 0.09375000 0.03593750
1 0.20000000 0.89296875 0.09375000 0.03593750
1 0.46796875 0.71796875 0.09218750 0.04218750
1 0.33906250 0.83828125 0.09062500 0.03593750
1 0.21484375 0.77656250 0.07968750 0.03437500
1 0.19375000 0.95625000 0.08750000 0.03750000
1 0.86640625 0.72265625 0.08593750 0.03281250
1 0.98906250 0.95859375 0.02187500 0.03906250
1 0.35625000 0.71406250 0.09375000 0.04062500
1 0.99531250 0.72031250 0.00937500 0.03437500
1 0.70703125 0.95781250 0.09531250 0.03750000
1 0.28046875 0.63203125 0.05156250 0.02031250
1 0.57968750 0.95781250 0.09687500 0.03750000
1 0.60234375 0.71250000 0.09218750 0.03750000
1 0.69062500 0.77968750 0.09062500 0.04062500
1 0.45625000 0.96250000 0.08437500 0.03750000
1 0.32109375 0.77890625 0.08281250 0.03906250
1 0.80781250 0.77656250 0.08125000 0.03750000
