1 0.01171875 0.42421875 0.02343750 0.08281250
1 0.13828125 0.42812500 0.04218750 0.06875000
1 0.83125000 0.95546875 0.08750000 0.03906250
1 0.13281250 0.18046875 0.04375000 0.08593750
1 0.24687500 0.99218750 0.09687500 0.01562500
1 0.36562500 0.78437500 0.04687500 0.08437500
1 0.38750000 0.99062500 0.09062500 0.01875000
1 0.52500000 0.99296875 0.09687500 0.01406250
1 0.03750000 0.88750000 0.07500000 0.05000000
1 0.17890625 0.17500000 0.04843750 0.08750000
1 0.26015625 0.88281250 0.09531250 0.04062500
1 0.03593750 0.21171875 0.04375000 0.07031250
1 0.04921875 0.40703125 0.05781250 0.09218750
1 0.56796875 0.37578125 0.03906250 0.08906250
1 0.33125000 0.61875000 0.10000000 0.05312500
1 0.30312500 0.26250000 0.06562500 0.09687500
1 0.66093750 0.98828125 0.09062500 0.02343750
1 0.12265625 0.99375000 0.07343750 0.01250000
