2 0.28046875 0.03203125 0.01406250 0.02031250
2 0.89531250 0.43359375 0.01875000 0.03281250
2 0.33906250 0.37968750 0.02812500 0.02187500
2 0.15000000 0.46562500 0.01875000 0.02187500
2 0.83359375 0.16640625 0.01406250 0.02031250
2 0.19609375 0.39375000 0.01093750 0.01562500
2 0.33515625 0.31328125 0.03281250 0.05781250
2 0.36562500 0.24140625 0.01250000 0.01718750
2 0.86093750 0.01328125 0.02812500 0.02031250
2 0.08125000 0.38437500 0.01250000 0.01250000
2 0.89453125 0.43359375 0.01718750 0.02656250
2 0.93593750 0.45234375 0.02812500 0.02343750
2 0.10781250 0.53437500 0.01562500 0.02500000
2 0.30234375 0.27265625 0.02656250 0.02031250
2 0.57734375 0.56640625 0.02656250 0.03906250
2 0.83125000 0.59921875 0.03437500 0.02343750
2 0.85234375 0.13593750 0.02031250 0.04062500
2 0.07187500 0.40312500 0.01875000 0.01562500
2 0.85000000 0.56328125 0.02812500 0.01718750
2 0.33359375 0.33125000 0.02031250 0.02500000
2 0.82500000 0.59765625 0.02187500 0.02031250
2 0.25156250 0.37265625 0.02500000 0.01718750
2 0.00546875 0.47656250 0.01093750 0.02187500
2 0.18437500 0.33125000 0.01875000 0.01875000
2 0.19218750 0.47656250 0.01875000 0.02187500
2 0.07031250 0.60546875 0.03437500 0.01718750
2 0.31015625 0.27187500 0.01718750 0.01875000
2 0.21640625 0.39843750 0.02031250 0.02187500
2 0.37578125 0.36093750 0.02656250 0.03125000
2 0.30390625 0.36718750 0.02343750 0.02812500
2 0.20859375 0.39843750 0.03593750 0.02500000
2 0.33828125 0.29453125 0.02031250 0.02343750
2 0.20859375 0.39921875 0.03593750 0.02656250
2 0.19062500 0.47734375 0.02187500 0.02343750
2 0.52968750 0.15156250 0.11250000 0.04687500
2 0.36953125 0.23515625 0.03593750 0.03281250
2 0.05156250 0.40781250 0.01250000 0.01250000
2 0.33281250 0.32578125 0.02500000 0.03593750
2 0.27578125 0.35937500 0.02343750 0.02187500
2 0.20859375 0.39843750 0.03593750 0.02500000
2 0.10703125 0.53203125 0.01406250 0.02031250
2 0.07187500 0.60468750 0.03125000 0.01562500
2 0.04453125 0.66406250 0.01718750 0.01562500
2 0.89375000 0.42734375 0.01562500 0.02343750
2 0.58281250 0.55468750 0.01562500 0.01562500
2 0.00703125 0.97968750 0.01406250 0.03437500
2 0.33203125 0.29921875 0.02968750 0.03281250
2 0.97187500 0.43750000 0.01562500 0.02187500
2 0.63906250 0.61718750 0.01875000 0.01562500
2 0.37109375 0.36250000 0.01718750 0.02812500
2 0.29687500 0.27109375 0.01875000 0.01718750
2 0.83281250 0.03515625 0.01875000 0.03281250
2 0.56640625 0.47343750 0.01718750 0.02500000
2 0.88593750 0.09921875 0.01875000 0.03281250
2 0.36015625 0.25078125 0.02343750 0.03281250
2 0.05390625 0.66484375 0.03281250 0.02031250
2 0.36640625 0.23281250 0.03593750 0.03125000
2 0.05937500 0.66484375 0.02500000 0.02031250
2 0.84453125 0.56562500 0.03906250 0.02187500
2 0.31015625 0.13984375 0.02031250 0.05781250
1 0.76093750 0.45625000 0.06875000 0.08125000
1 0.37578125 0.87109375 0.08906250 0.03906250
1 0.53203125 0.23515625 0.03593750 0.08906250
1 0.93359375 0.88203125 0.08906250 0.03906250
1 0.05312500 0.82187500 0.08437500 0.03750000
1 0.44375000 0.82109375 0.08750000 0.03906250
1 0.01640625 0.92031250 0.03281250 0.04375000
1 0.74687500 0.87890625 0.09062500 0.03593750
1 0.34375000 0.73828125 0.08750000 0.04843750
1 0.52656250 0.87890625 0.09375000 0.04218750
1 0.63203125 0.83359375 0.08593750 0.03906250
1 0.17656250 0.85781250 0.09062500 0.04062500
1 0.48046875 0.23750000 0.03906250 0.08437500
1 0.81406250 0.70859375 0.09062500 0.03593750
1 0.27343750 0.81562500 0.06875000 0.03437500
1 0.52500000 0.01796875 0.03437500 0.03593750
1 0.15781250 0.76875000 0.08750000 0.04375000
1 0.58750000 0.27734375 0.03750000 0.08906250
1 0.48125000 0.09218750 0.03437500 0.08750000
1 0.97500000 0.77656250 0.05000000 0.03437500
1 0.82578125 0.77578125 0.08906250 0.03281250
1 0.57578125 0.76328125 0.08281250 0.03593750
1 0.42265625 0.39296875 0.04218750 0.08906250
1 0.47656250 0.01015625 0.03750000 0.02031250
1 0.59765625 0.70312500 0.08906250 0.03750000
