1 0.57343750 0.72734375 0.10000000 0.03906250
1 0.51562500 0.79609375 0.10312500 0.04218750
1 0.86718750 0.66171875 0.03750000 0.05781250
1 0.69921875 0.41562500 0.13281250 0.05937500
1 0.98984375 0.28750000 0.02031250 0.02812500
1 0.71171875 0.40781250 0.10156250 0.04375000
1 0.14140625 0.37656250 0.05156250 0.10000000
1 0.94765625 0.78203125 0.09843750 0.04218750
1 0.58437500 0.41171875 0.10625000 0.04531250
1 0.78437500 0.78984375 0.10000000 0.04218750
1 0.32421875 0.22109375 0.04531250 0.09218750
1 0.97343750 0.72265625 0.05312500 0.03906250
1 0.64765625 0.79218750 0.10156250 0.04062500
1 0.11875000 0.67812500 0.07812500 0.08437500
1 0.21406250 0.16484375 0.04375000 0.10468750
1 0.44062500 0.73750000 0.09375000 0.03750000
1 0.45859375 0.38984375 0.11093750 0.05156250
1 0.84765625 0.41171875 0.11718750 0.04843750
1 0.98984375 0.89921875 0.02031250 0.04218750
1 0.49531250 0.23593750 0.07812500 0.08125000
1 0.96796875 0.40156250 0.06406250 0.04062500
1 0.86953125 0.71796875 0.09531250 0.03906250
1 0.70546875 0.73281250 0.10156250 0.03750000
1 0.75625000 0.66718750 0.06562500 0.03750000
1 0.72500000 0.28593750 0.09687500 0.04375000
1 0.35312500 0.87890625 0.10312500 0.06093750
0 0.55625000 0.66953125 0.26250000 0.06093750
