1 0.76875000 0.27890625 0.08750000 0.03906250
1 0.67421875 0.21015625 0.09531250 0.03593750
1 0.64531250 0.32968750 0.09062500 0.03437500
1 0.10625000 0.32734375 0.08750000 0.03593750
1 0.50546875 0.33046875 0.09218750 0.03593750
1 0.79218750 0.21328125 0.09687500 0.04218750
1 0.15781250 0.38203125 0.09375000 0.04218750
1 0.79296875 0.39765625 0.08593750 0.03593750
1 0.00781250 0.32343750 0.01562500 0.03750000
1 0.53359375 0.39062500 0.06406250 0.04062500
1 0.03359375 0.37890625 0.06718750 0.03593750
1 0.34218750 0.44531250 0.09062500 0.03750000
1 0.41953125 0.38984375 0.08281250 0.03906250
1 0.23671875 0.33046875 0.09843750 0.03906250
1 0.28671875 0.38281250 0.08906250 0.04062500
1 0.66875000 0.27343750 0.08437500 0.04062500
1 0.65625000 0.39609375 0.08750000 0.03593750
1 0.42890625 0.26328125 0.08593750 0.04531250
1 0.76406250 0.45546875 0.08125000 0.03593750
1 0.30625000 0.19296875 0.08750000 0.04843750
1 0.46796875 0.44921875 0.09843750 0.03906250
1 0.65000000 0.44843750 0.09375000 0.03750000
1 0.54453125 0.27343750 0.09218750 0.03437500
1 0.37265625 0.33046875 0.09531250 0.03593750
1 0.75859375 0.33750000 0.08593750 0.03750000
0 0.12421875 0.43359375 0.24843750 0.08281250
