1 0.88984375 0.38046875 0.10156250 0.04531250
1 0.97421875 0.32812500 0.05156250 0.06250000
1 0.76562500 0.85468750 0.10625000 0.04062500
1 0.96875000 0.91328125 0.06250000 0.04218750
1 0.59921875 0.66328125 0.08906250 0.03906250
1 0.37890625 0.37109375 0.03906250 0.06718750
1 0.88828125 0.85781250 0.08906250 0.03437500
1 0.98437500 0.85859375 0.03125000 0.03906250
1 0.12265625 0.96015625 0.10468750 0.04218750
1 0.29375000 0.90468750 0.10000000 0.04062500
1 0.81562500 0.76250000 0.10937500 0.04062500
1 0.30468750 0.37578125 0.04375000 0.08906250
1 0.05781250 0.61796875 0.08437500 0.03906250
1 0.06875000 0.84375000 0.10312500 0.04062500
1 0.61953125 0.85234375 0.09218750 0.03906250
1 0.64375000 0.97500000 0.10625000 0.04062500
1 0.42890625 0.84921875 0.10468750 0.04218750
1 0.44531250 0.97187500 0.08750000 0.04062500
1 0.51171875 0.91250000 0.09843750 0.03750000
1 0.02265625 0.37500000 0.04531250 0.06562500
1 0.10156250 0.90000000 0.10937500 0.04062500
