1 0.73593750 0.05078125 0.09375000 0.03593750
1 0.08125000 0.10625000 0.08750000 0.04062500
1 0.93203125 0.06015625 0.08906250 0.04218750
1 0.55234375 0.23125000 0.08906250 0.03750000
1 0.37812500 0.10000000 0.10312500 0.04375000
1 0.83906250 0.01328125 0.09687500 0.02656250
1 0.21562500 0.04140625 0.09375000 0.03906250
1 0.03593750 0.22578125 0.07187500 0.04843750
1 0.88437500 0.41640625 0.08125000 0.04843750
1 0.53828125 0.34921875 0.09531250 0.03906250
1 0.85937500 0.35859375 0.08437500 0.04531250
1 0.49921875 0.46875000 0.09218750 0.03750000
1 0.58593750 0.41171875 0.08437500 0.03906250
1 0.06718750 0.35312500 0.10312500 0.03750000
1 0.29609375 0.21875000 0.09218750 0.04062500
1 0.44062500 0.23281250 0.08437500 0.03437500
1 0.39921875 0.28906250 0.09218750 0.03437500
1 0.27578125 0.29296875 0.09218750 0.03593750
1 0.87265625 0.81093750 0.07968750 0.06562500
1 0.01875000 0.41250000 0.03750000 0.03750000
1 0.30312500 0.34765625 0.09375000 0.03593750
1 0.78281250 0.29531250 0.09687500 0.03437500
1 0.16875000 0.23281250 0.09687500 0.03750000
1 0.15234375 0.28671875 0.09218750 0.04531250
1 0.99062500 0.55156250 0.01875000 0.04375000
1 0.81093750 0.23437500 0.08437500 0.04062500
1 0.65078125 0.15781250 0.09843750 0.04062500
1 0.01171875 0.46562500 0.02343750 0.03750000
1 0.64062500 0.28906250 0.08437500 0.04062500
1 0.42890625 0.15546875 0.09218750 0.03593750
1 0.96328125 0.15625000 0.07343750 0.03750000
1 0.79843750 0.47265625 0.10312500 0.04843750
1 0.52421875 0.28984375 0.08593750 0.03906250
1 0.39843750 0.40078125 0.09062500 0.04218750
1 0.74687500 0.53437500 0.10312500 0.04687500
1 0.62500000 0.09765625 0.09375000 0.03593750
1 0.68515625 0.23906250 0.09218750 0.03750000
1 0.84609375 0.11328125 0.09218750 0.03593750
1 0.59296875 0.01796875 0.09531250 0.03593750
1 0.17265625 0.47031250 0.10156250 0.03437500
2 0.63281250 0.99062500 0.02812500 0.01875000
2 0.66796875 0.58046875 0.03593750 0.01718750
2 0.96250000 0.80234375 0.01562500 0.02031250
2 0.92031250 0.61093750 0.04062500 0.04687500
2 0.93828125 0.65781250 0.02656250 0.02812500
2 0.87500000 0.60234375 0.03437500 0.02031250
2 0.64453125 0.66796875 0.01406250 0.01406250
2 0.95781250 0.79609375 0.02187500 0.03281250
2 0.92734375 0.60156250 0.02656250 0.02812500
2 0.93515625 0.78437500 0.01406250 0.01250000
2 0.94921875 0.79531250 0.04218750 0.03437500
2 0.39609375 0.97890625 0.04531250 0.04218750
2 0.66640625 0.97734375 0.03593750 0.04531250
2 0.66484375 0.58125000 0.02656250 0.01562500
2 0.91328125 0.62265625 0.02656250 0.02343750
2 0.44765625 0.64765625 0.02968750 0.02343750
2 0.97500000 0.66093750 0.01875000 0.02500000
2 0.95546875 0.78906250 0.02031250 0.01875000
2 0.97500000 0.98671875 0.03125000 0.02656250
2 0.50703125 0.65546875 0.01093750 0.01093750
2 0.98984375 0.74296875 0.02031250 0.02343750
