0 0.92343750 0.02578125 0.15312500 0.05156250
0 0.84296875 0.21484375 0.26093750 0.05468750
0 0.31796875 0.03203125 0.25468750 0.05468750
0 0.58203125 0.02656250 0.26093750 0.05312500
0 0.45156250 0.02968750 0.52187500 0.05937500
1 0.87812500 0.08984375 0.10000000 0.03906250
1 0.73671875 0.27187500 0.09218750 0.03750000
1 0.52578125 0.21015625 0.09218750 0.03281250
1 0.37734375 0.15546875 0.08906250 0.03593750
1 0.24140625 0.27421875 0.09218750 0.03906250
1 0.40390625 0.21406250 0.09218750 0.03750000
1 0.25390625 0.21562500 0.09218750 0.04375000
1 0.63828125 0.15312500 0.09843750 0.03750000
1 0.00859375 0.33281250 0.01718750 0.03750000
1 0.96250000 0.27500000 0.07500000 0.03750000
1 0.78359375 0.03359375 0.09531250 0.03906250
1 0.17343750 0.38281250 0.08125000 0.04375000
1 0.24218750 0.09218750 0.09062500 0.03437500
1 0.71093750 0.51406250 0.09687500 0.04062500
1 0.34921875 0.27578125 0.09531250 0.03593750
1 0.24843750 0.15156250 0.09375000 0.03750000
1 0.92578125 0.15078125 0.09218750 0.03593750
1 0.64843750 0.21093750 0.09687500 0.03750000
1 0.97343750 0.08750000 0.05312500 0.04375000
1 0.86484375 0.27109375 0.09531250 0.03906250
1 0.61484375 0.27500000 0.09531250 0.03750000
1 0.48281250 0.14921875 0.09062500 0.03593750
1 0.36875000 0.09531250 0.09062500 0.03750000
1 0.47734375 0.27656250 0.10156250 0.03750000
1 0.49687500 0.09609375 0.10000000 0.03593750
1 0.62578125 0.09375000 0.10781250 0.03437500
1 0.75781250 0.15312500 0.08750000 0.03437500
1 0.75000000 0.09140625 0.09062500 0.03593750
1 0.46562500 0.02734375 0.02812500 0.05468750
1 0.31875000 0.51015625 0.08750000 0.03906250
1 0.99531250 0.20937500 0.00937500 0.03125000
