2 0.45703125 0.59609375 0.02031250 0.02031250
2 0.30234375 0.62109375 0.02656250 0.02343750
2 0.95781250 0.25000000 0.01250000 0.02500000
2 0.09062500 0.38281250 0.00937500 0.01250000
2 0.87265625 0.42500000 0.02343750 0.02812500
2 0.96093750 0.46796875 0.02500000 0.03281250
2 0.06250000 0.40625000 0.01250000 0.01250000
2 0.17734375 0.51015625 0.02031250 0.02968750
2 0.83984375 0.60625000 0.02343750 0.01562500
2 0.27031250 0.37500000 0.01875000 0.02500000
2 0.11093750 0.48671875 0.01562500 0.01718750
2 0.25703125 0.38359375 0.01406250 0.01718750
2 0.08281250 0.39843750 0.01250000 0.01562500
2 0.97265625 0.59062500 0.02968750 0.02187500
2 0.24687500 0.54843750 0.02187500 0.02812500
2 0.21171875 0.55078125 0.02656250 0.02656250
2 0.26484375 0.37656250 0.02968750 0.02812500
2 0.22421875 0.39453125 0.02343750 0.01718750
2 0.20859375 0.38750000 0.01718750 0.02500000
2 0.86015625 0.16875000 0.02343750 0.08125000
2 0.15000000 0.37265625 0.01250000 0.01406250
2 0.79296875 0.55703125 0.03593750 0.03281250
2 0.28984375 0.42343750 0.02968750 0.02500000
2 0.84375000 0.21015625 0.01250000 0.02031250
2 0.17734375 0.50312500 0.02031250 0.01875000
2 0.97968750 0.58828125 0.01562500 0.01718750
2 0.89765625 0.42109375 0.02031250 0.02031250
2 0.31953125 0.14296875 0.01718750 0.06093750
2 0.35781250 0.28281250 0.01562500 0.01562500
2 0.97812500 0.44453125 0.01562500 0.01718750
2 0.63671875 0.61484375 0.01718750 0.02031250
2 0.84062500 0.03828125 0.01875000 0.02968750
2 0.33125000 0.44062500 0.01562500 0.01562500
2 0.96171875 0.44453125 0.02343750 0.01718750
2 0.35703125 0.45390625 0.01406250 0.03281250
2 0.36484375 0.28281250 0.02968750 0.02187500
2 0.79921875 0.55000000 0.02343750 0.01875000
2 0.85937500 0.21328125 0.01562500 0.02031250
2 0.26093750 0.43515625 0.01875000 0.02968750
2 0.78906250 0.56562500 0.02500000 0.01562500
2 0.29921875 0.61875000 0.02031250 0.01562500
0 0.24375000 0.67187500 0.23750000 0.05312500
1 0.79296875 0.38359375 0.06406250 0.08906250
1 0.58984375 0.09296875 0.03281250 0.06406250
1 0.05234375 0.80937500 0.08906250 0.04062500
1 0.25390625 0.73203125 0.08906250 0.03593750
1 0.53828125 0.23906250 0.03906250 0.09062500
1 0.49140625 0.02187500 0.03593750 0.04375000
1 0.02578125 0.92265625 0.05156250 0.03593750
1 0.80859375 0.88671875 0.08906250 0.03593750
1 0.94375000 0.83828125 0.08437500 0.04531250
1 0.60000000 0.00859375 0.03437500 0.01718750
1 0.62265625 0.82031250 0.09218750 0.03750000
1 0.16328125 0.85546875 0.09218750 0.03906250
1 0.49062500 0.25390625 0.03437500 0.07968750
1 0.36562500 0.81171875 0.09375000 0.03593750
1 0.54140625 0.01250000 0.03281250 0.02500000
1 0.30625000 0.53828125 0.06875000 0.08281250
1 0.43125000 0.32734375 0.03750000 0.09218750
1 0.83359375 0.72578125 0.09218750 0.03906250
1 0.21796875 0.78515625 0.08593750 0.03593750
1 0.58750000 0.72968750 0.09062500 0.03437500
1 0.48359375 0.11875000 0.03593750 0.11250000
1 0.01718750 0.98203125 0.03437500 0.03593750
1 0.96562500 0.88593750 0.06875000 0.03437500
1 0.94921875 0.77578125 0.09218750 0.03593750
1 0.35312500 0.85625000 0.07812500 0.03437500
1 0.43359375 0.76328125 0.08906250 0.03593750
1 0.60156250 0.87187500 0.09687500 0.04062500
1 0.54062500 0.11171875 0.03750000 0.09218750
1 0.71250000 0.76953125 0.09062500 0.03593750
1 0.59687500 0.20703125 0.03437500 0.08906250
1 0.25937500 0.93046875 0.09062500 0.03906250
