1 0.54218750 0.38984375 0.09062500 0.03906250
1 0.95156250 0.75546875 0.09687500 0.04218750
1 0.95703125 0.35078125 0.06093750 0.10156250
1 0.04843750 0.67031250 0.09687500 0.04687500
1 0.30390625 0.72187500 0.10781250 0.04375000
1 0.44062500 0.27421875 0.03750000 0.02343750
1 0.90859375 0.16250000 0.05156250 0.05312500
1 0.03906250 0.40390625 0.07812500 0.08281250
1 0.04921875 0.72968750 0.09843750 0.04375000
1 0.28593750 0.28125000 0.09687500 0.04062500
1 0.27734375 0.41171875 0.10156250 0.05156250
1 0.97734375 0.24921875 0.04531250 0.04531250
1 0.80078125 0.36015625 0.04531250 0.09531250
1 0.17187500 0.72187500 0.09687500 0.03750000
1 0.75312500 0.35078125 0.05000000 0.12343750
1 0.51250000 0.60156250 0.03125000 0.05625000
1 0.46328125 0.71406250 0.11718750 0.05000000
1 0.45781250 0.51562500 0.04687500 0.03125000
1 0.40937500 0.40390625 0.11562500 0.04843750
1 0.05937500 0.23671875 0.07812500 0.07968750
1 0.56718750 0.27812500 0.05625000 0.03437500
1 0.49375000 0.77265625 0.10625000 0.04843750
1 0.14687500 0.40937500 0.10312500 0.04375000
1 0.13437500 0.78515625 0.10625000 0.04531250
1 0.86015625 0.36328125 0.04531250 0.09843750
