0 0.09609375 0.00859375 0.19218750 0.01718750
1 0.98828125 0.02968750 0.02343750 0.03750000
1 0.03125000 0.68046875 0.03750000 0.08906250
1 0.15546875 0.68515625 0.04218750 0.09843750
1 0.15859375 0.05781250 0.09843750 0.04062500
1 0.15625000 0.83984375 0.04062500 0.10468750
1 0.51171875 0.10390625 0.09843750 0.04218750
1 0.39843750 0.04843750 0.10000000 0.04062500
1 0.03281250 0.80000000 0.03750000 0.09375000
1 0.08593750 0.70468750 0.04062500 0.09687500
1 0.77265625 0.09765625 0.10156250 0.03906250
1 0.60625000 0.03437500 0.10000000 0.04062500
1 0.08984375 0.82578125 0.03906250 0.09218750
1 0.25078125 0.24687500 0.10468750 0.04062500
1 0.04062500 0.96250000 0.04062500 0.07500000
1 0.93203125 0.08828125 0.11718750 0.04531250
1 0.80625000 0.03437500 0.10312500 0.04062500
1 0.64296875 0.09921875 0.10468750 0.03906250
1 0.09296875 0.94531250 0.03906250 0.08437500
