1 0.89375000 0.41171875 0.10312500 0.04843750
1 0.49843750 0.88671875 0.10312500 0.04531250
1 0.32890625 0.95000000 0.09843750 0.03750000
1 0.97500000 0.35703125 0.05000000 0.06718750
1 0.78437500 0.88203125 0.10312500 0.03906250
1 0.57500000 0.73515625 0.10000000 0.04218750
1 0.95234375 0.99218750 0.09531250 0.01562500
1 0.94531250 0.79609375 0.09062500 0.03906250
1 0.01796875 0.89218750 0.03593750 0.03750000
1 0.62109375 0.80078125 0.09218750 0.04218750
1 0.38593750 0.40703125 0.04062500 0.08906250
1 0.29921875 0.99296875 0.09531250 0.01406250
1 0.90625000 0.88203125 0.08750000 0.03906250
1 0.03515625 0.95000000 0.07031250 0.04062500
1 0.33515625 0.89453125 0.09843750 0.04218750
1 0.22500000 0.89140625 0.09687500 0.04218750
1 0.31406250 0.42343750 0.04375000 0.09062500
1 0.11562500 0.89140625 0.10000000 0.04218750
1 0.64218750 0.88437500 0.09062500 0.03750000
1 0.83125000 0.94453125 0.08750000 0.03593750
1 0.67968750 0.99140625 0.09687500 0.01718750
1 0.48437500 0.99296875 0.09375000 0.01406250
1 0.03046875 0.43281250 0.05156250 0.06562500
1 0.59921875 0.94609375 0.07968750 0.03593750
1 0.06171875 0.99296875 0.07968750 0.01406250
1 0.77343750 0.65234375 0.09375000 0.03906250
1 0.24687500 0.67421875 0.10312500 0.04218750
1 0.99296875 0.88046875 0.01406250 0.03593750
1 0.80625000 0.73593750 0.09375000 0.04375000
2 0.72265625 0.51484375 0.02031250 0.01718750
2 0.49218750 0.49062500 0.01562500 0.03437500
2 0.80859375 0.53750000 0.02343750 0.01562500
2 0.01328125 0.60781250 0.02656250 0.01250000
2 0.69296875 0.60546875 0.01406250 0.02343750
2 0.17265625 0.60234375 0.02343750 0.01406250
2 0.70703125 0.53984375 0.01406250 0.02656250
2 0.93046875 0.50625000 0.01093750 0.01250000
2 0.68046875 0.52265625 0.01718750 0.02968750
2 0.10625000 0.44140625 0.01875000 0.03281250
2 0.67578125 0.42578125 0.02343750 0.01718750
2 0.51875000 0.48515625 0.01562500 0.02968750
