1 0.58984375 0.29062500 0.09218750 0.03750000
1 0.04296875 0.30468750 0.08593750 0.04062500
1 0.97421875 0.21796875 0.05156250 0.03593750
1 0.97343750 0.27656250 0.05312500 0.03750000
1 0.37343750 0.35625000 0.09687500 0.03750000
1 0.97812500 0.34062500 0.04375000 0.03437500
1 0.05000000 0.36328125 0.10000000 0.03906250
1 0.18671875 0.30000000 0.10156250 0.04375000
1 0.26328125 0.35468750 0.09531250 0.03750000
1 0.15312500 0.36015625 0.08437500 0.03593750
1 0.72734375 0.28359375 0.09531250 0.03906250
1 0.32343750 0.29921875 0.09375000 0.04218750
1 0.85703125 0.34609375 0.08593750 0.03593750
1 0.49453125 0.35390625 0.08906250 0.03906250
1 0.29609375 0.24375000 0.10156250 0.04062500
1 0.46171875 0.29218750 0.09531250 0.03750000
1 0.71953125 0.22578125 0.09218750 0.03906250
1 0.87968750 0.27812500 0.10000000 0.03750000
