2 0.70703125 0.37578125 0.01718750 0.02968750
1 0.86875000 0.44843750 0.11562500 0.04687500
1 0.45390625 0.75546875 0.10156250 0.03906250
1 0.75156250 0.31562500 0.09687500 0.04062500
1 0.60312500 0.43515625 0.10312500 0.04218750
1 0.48125000 0.41093750 0.11250000 0.05625000
1 0.97812500 0.44218750 0.04375000 0.03750000
1 0.78515625 0.76171875 0.09531250 0.03906250
1 0.92500000 0.82812500 0.10312500 0.04062500
1 0.43828125 0.98671875 0.10781250 0.02656250
1 0.73281250 0.44609375 0.10937500 0.04843750
1 0.01171875 0.68437500 0.02343750 0.03437500
1 0.55781250 0.64375000 0.10312500 0.04062500
1 0.16796875 0.02031250 0.03906250 0.04062500
1 0.01328125 0.92812500 0.02656250 0.04062500
1 0.00703125 0.05312500 0.01406250 0.10625000
1 0.97500000 0.70000000 0.05000000 0.04375000
1 0.34375000 0.93671875 0.10312500 0.04218750
1 0.58828125 0.81718750 0.10156250 0.03750000
1 0.35078125 0.23359375 0.04531250 0.09218750
1 0.25156250 0.82734375 0.09687500 0.04218750
1 0.18828125 0.74687500 0.10156250 0.04062500
1 0.24687500 0.17265625 0.04687500 0.10468750
1 0.16093750 0.46484375 0.05937500 0.09218750
1 0.99140625 0.82968750 0.01718750 0.03750000
1 0.53437500 0.70312500 0.10312500 0.04062500
1 0.76328125 0.82812500 0.10156250 0.04375000
1 0.36328125 0.05781250 0.04218750 0.06875000
1 0.70625000 0.91875000 0.10625000 0.04062500
1 0.52343750 0.25703125 0.07812500 0.08281250
1 0.35390625 0.63203125 0.10156250 0.04218750
1 0.21953125 0.98906250 0.09843750 0.02187500
1 0.75468750 0.69843750 0.09375000 0.04062500
