1 0.76093750 0.30625000 0.09062500 0.03750000
1 0.39843750 0.31171875 0.08437500 0.04531250
1 0.79296875 0.24296875 0.08906250 0.04218750
1 0.51250000 0.37265625 0.09375000 0.03593750
1 0.64062500 0.30546875 0.09062500 0.03281250
1 0.22890625 0.37109375 0.09843750 0.03593750
1 0.09375000 0.43125000 0.08750000 0.04062500
1 0.38828125 0.42968750 0.09218750 0.03750000
1 0.77812500 0.42187500 0.10312500 0.04375000
1 0.52109375 0.30390625 0.08906250 0.03593750
1 0.40156250 0.24843750 0.09375000 0.03437500
1 0.64609375 0.42421875 0.09531250 0.03906250
1 0.00625000 0.43281250 0.01250000 0.03437500
1 0.67343750 0.48281250 0.10312500 0.04687500
1 0.37734375 0.36640625 0.10468750 0.04531250
1 0.02968750 0.31406250 0.05937500 0.03750000
1 0.28671875 0.49296875 0.09531250 0.03593750
1 0.55859375 0.48203125 0.07968750 0.03593750
1 0.27421875 0.31171875 0.08906250 0.03593750
1 0.00937500 0.37187500 0.01875000 0.03750000
1 0.12500000 0.25781250 0.09375000 0.03437500
1 0.22421875 0.42890625 0.09843750 0.04218750
1 0.13671875 0.31796875 0.09531250 0.04218750
1 0.78906250 0.48203125 0.08437500 0.03593750
1 0.24843750 0.25156250 0.10312500 0.03750000
1 0.09843750 0.36796875 0.09062500 0.04218750
1 0.01796875 0.48750000 0.03593750 0.03750000
1 0.02421875 0.25703125 0.04843750 0.04531250
1 0.76250000 0.36484375 0.09062500 0.04218750
1 0.51875000 0.42656250 0.10312500 0.04062500
1 0.42343750 0.48750000 0.09062500 0.03750000
1 0.66953125 0.24687500 0.08906250 0.03437500
1 0.53359375 0.24921875 0.08281250 0.03593750
1 0.12343750 0.49218750 0.10937500 0.04062500
1 0.63750000 0.37109375 0.09687500 0.03593750
2 0.95703125 0.12343750 0.01718750 0.02812500
2 0.21953125 0.57734375 0.01718750 0.02031250
