1 0.79765625 0.20546875 0.09531250 0.04218750
1 0.68046875 0.20312500 0.09218750 0.03437500
1 0.11875000 0.31875000 0.08750000 0.03750000
1 0.51328125 0.32187500 0.09218750 0.03750000
1 0.77187500 0.44453125 0.08437500 0.03906250
1 0.17031250 0.37265625 0.09062500 0.04218750
1 0.04062500 0.37031250 0.08125000 0.03437500
1 0.31796875 0.25781250 0.08906250 0.03437500
1 0.01328125 0.31484375 0.02656250 0.03906250
1 0.54375000 0.38046875 0.06562500 0.04531250
1 0.79609375 0.39062500 0.08593750 0.03750000
1 0.43515625 0.25625000 0.08593750 0.04062500
1 0.35234375 0.43515625 0.09218750 0.04218750
1 0.42812500 0.38125000 0.08125000 0.03750000
1 0.55000000 0.20390625 0.10937500 0.03906250
1 0.24843750 0.31953125 0.10000000 0.04531250
1 0.76484375 0.32968750 0.08593750 0.03750000
1 0.30781250 0.37578125 0.06250000 0.03906250
1 0.67500000 0.26640625 0.08437500 0.03906250
1 0.96171875 0.15625000 0.07656250 0.06875000
1 0.47734375 0.44218750 0.09531250 0.03750000
1 0.65937500 0.43906250 0.09687500 0.04062500
1 0.55312500 0.26718750 0.09062500 0.03437500
1 0.66328125 0.38984375 0.08906250 0.03593750
1 0.20859375 0.41171875 0.10468750 0.06406250
1 0.65156250 0.32187500 0.09062500 0.03437500
1 0.53906250 0.50078125 0.10312500 0.04531250
1 0.72812500 0.09296875 0.09062500 0.03906250
1 0.38125000 0.32109375 0.09375000 0.03593750
1 0.53359375 0.01875000 0.08281250 0.03750000
1 0.77109375 0.27109375 0.08906250 0.03593750
0 0.12812500 0.43750000 0.25625000 0.05312500
2 0.84375000 0.56640625 0.03437500 0.03906250
2 0.97578125 0.53828125 0.01406250 0.01718750
2 0.94531250 0.77109375 0.02187500 0.03281250
2 0.86562500 0.53828125 0.02187500 0.02031250
2 0.97265625 0.55859375 0.02343750 0.05468750
2 0.41250000 0.56796875 0.02187500 0.01718750
2 0.63203125 0.52656250 0.03906250 0.01875000
2 0.94843750 0.60390625 0.01875000 0.01718750
2 0.93437500 0.53437500 0.02187500 0.02812500
2 0.83437500 0.62031250 0.01875000 0.02500000
2 0.50468750 0.56328125 0.03125000 0.01718750
2 0.99375000 0.53906250 0.01250000 0.02812500
2 0.92187500 0.76015625 0.01562500 0.01406250
2 0.83671875 0.55703125 0.02031250 0.02031250
2 0.80781250 0.29843750 0.01562500 0.01875000
2 0.84843750 0.57578125 0.02500000 0.02343750
2 0.84375000 0.52031250 0.03437500 0.01875000
2 0.89218750 0.54453125 0.01875000 0.03281250
2 0.85078125 0.51953125 0.01718750 0.01718750
2 0.99062500 0.59218750 0.01562500 0.02500000
2 0.88828125 0.55234375 0.02656250 0.04531250
