2 0.11250000 0.61406250 0.02812500 0.05312500
2 0.87343750 0.27578125 0.04062500 0.02343750
2 0.23125000 0.55468750 0.02812500 0.03437500
2 0.50390625 0.61250000 0.04531250 0.02812500
2 0.08359375 0.48984375 0.02343750 0.02031250
2 0.30156250 0.29687500 0.02187500 0.02500000
2 0.33906250 0.25078125 0.02187500 0.02031250
2 0.71093750 0.42890625 0.13437500 0.17968750
2 0.88203125 0.27343750 0.02031250 0.01875000
2 0.82500000 0.26953125 0.02187500 0.01718750
2 0.11328125 0.04375000 0.02343750 0.01562500
2 0.99296875 0.43671875 0.01406250 0.01406250
2 0.42812500 0.55781250 0.02187500 0.01875000
2 0.14296875 0.56328125 0.01718750 0.02343750
2 0.08125000 0.23359375 0.01250000 0.01406250
2 0.81796875 0.36953125 0.01718750 0.02031250
2 0.88906250 0.51640625 0.04687500 0.03281250
2 0.23515625 0.57734375 0.02031250 0.02031250
2 0.66484375 0.42031250 0.02968750 0.01875000
2 0.01250000 0.52812500 0.02500000 0.01875000
2 0.07500000 0.25703125 0.02812500 0.06093750
2 0.71796875 0.46328125 0.02343750 0.01718750
2 0.23906250 0.55546875 0.01250000 0.03593750
2 0.87500000 0.63515625 0.01250000 0.02656250
2 0.63671875 0.51406250 0.03281250 0.04375000
2 0.32968750 0.24453125 0.03750000 0.03593750
2 0.86640625 0.27968750 0.02656250 0.01562500
2 0.37265625 0.43750000 0.04218750 0.01875000
2 0.07578125 0.26250000 0.02343750 0.02187500
2 0.01250000 0.54140625 0.02500000 0.04218750
2 0.12578125 0.46015625 0.02031250 0.02031250
2 0.22500000 0.55390625 0.01875000 0.02343750
2 0.07500000 0.41953125 0.02812500 0.02656250
2 0.96250000 0.53906250 0.02812500 0.01562500
2 0.13203125 0.56406250 0.03593750 0.03125000
2 0.92343750 0.53359375 0.02187500 0.01406250
2 0.81406250 0.27734375 0.04375000 0.03281250
2 0.85312500 0.43437500 0.04687500 0.02812500
2 0.89921875 0.51718750 0.02656250 0.03125000
2 0.18046875 0.53515625 0.02656250 0.02031250
2 0.53203125 0.61250000 0.10156250 0.02812500
2 0.05156250 0.56562500 0.05000000 0.02812500
2 0.12265625 0.45937500 0.02656250 0.02812500
2 0.19375000 0.51796875 0.01875000 0.02656250
2 0.36640625 0.42500000 0.04843750 0.07500000
2 0.07578125 0.25000000 0.02656250 0.04375000
2 0.99531250 0.35000000 0.00937500 0.01875000
2 0.11875000 0.46093750 0.03437500 0.03437500
2 0.17812500 0.53515625 0.02812500 0.02343750
2 0.87578125 0.66875000 0.01093750 0.06562500
2 0.03593750 0.57187500 0.03125000 0.02500000
2 0.19453125 0.51875000 0.02031250 0.02812500
2 0.84375000 0.43828125 0.02500000 0.02031250
2 0.64296875 0.42968750 0.03906250 0.02187500
2 0.60312500 0.54843750 0.03125000 0.04687500
2 0.04218750 0.28515625 0.03437500 0.02968750
2 0.28437500 0.28671875 0.01875000 0.02343750
2 0.25781250 0.11875000 0.01250000 0.01875000
2 0.09531250 0.48984375 0.04375000 0.02343750
2 0.03671875 0.57109375 0.02968750 0.02343750
2 0.43671875 0.56250000 0.04843750 0.02812500
2 0.87968750 0.36406250 0.02187500 0.03125000
2 0.16953125 0.05390625 0.02031250 0.02031250
2 0.84453125 0.22734375 0.01718750 0.01718750
2 0.59843750 0.54843750 0.02187500 0.04687500
2 0.59375000 0.54843750 0.05000000 0.04687500
2 0.87109375 0.98906250 0.03593750 0.02187500
2 0.12500000 0.56406250 0.01875000 0.03125000
2 0.69609375 0.55468750 0.10468750 0.03437500
2 0.98671875 0.28437500 0.02656250 0.03750000
2 0.20468750 0.05625000 0.01875000 0.01562500
2 0.23125000 0.56171875 0.02812500 0.05156250
2 0.07187500 0.27031250 0.03125000 0.03750000
2 0.57968750 0.55859375 0.02500000 0.02656250
2 0.56484375 0.43046875 0.02968750 0.02343750
2 0.29375000 0.29375000 0.03750000 0.03437500
2 0.75468750 0.55703125 0.06562500 0.02343750
2 0.50156250 0.15546875 0.03125000 0.03593750
2 0.06250000 0.56015625 0.02812500 0.01718750
2 0.77265625 0.34375000 0.05468750 0.03437500
2 0.10468750 0.48828125 0.02500000 0.02031250
2 0.80546875 0.28437500 0.02656250 0.01875000
2 0.88515625 0.40078125 0.02343750 0.04531250
2 0.32109375 0.04453125 0.03906250 0.06718750
2 0.11328125 0.61093750 0.02968750 0.05312500
2 0.87343750 0.51484375 0.01875000 0.02031250
2 0.84921875 0.53984375 0.02656250 0.02031250
1 0.51093750 0.79140625 0.09687500 0.04218750
1 0.98750000 0.27421875 0.02500000 0.05468750
1 0.93203125 0.77578125 0.12031250 0.04531250
1 0.84062500 0.40703125 0.11562500 0.04843750
1 0.85937500 0.65859375 0.08125000 0.04531250
1 0.39296875 0.66953125 0.06406250 0.03906250
1 0.57812500 0.40859375 0.10625000 0.04531250
1 0.77265625 0.78359375 0.10156250 0.03906250
1 0.32109375 0.21875000 0.04218750 0.09062500
1 0.64218750 0.78593750 0.10312500 0.04062500
1 0.08203125 0.93593750 0.10468750 0.04062500
1 0.21250000 0.16250000 0.04375000 0.10000000
1 0.48437500 0.73359375 0.10000000 0.03906250
1 0.45859375 0.38984375 0.11406250 0.05781250
1 0.28281250 0.73828125 0.10000000 0.04218750
1 0.66953125 0.72109375 0.10156250 0.03906250
1 0.96328125 0.39531250 0.07343750 0.03750000
1 0.87500000 0.71875000 0.10000000 0.04062500
1 0.31953125 0.04531250 0.03906250 0.06875000
1 0.49218750 0.23437500 0.08125000 0.08125000
1 0.77187500 0.34453125 0.05625000 0.03593750
1 0.72031250 0.28281250 0.09687500 0.04062500
0 0.44453125 0.43359375 0.11718750 0.03906250
0 0.14140625 0.67421875 0.25156250 0.06093750
0 0.55078125 0.67265625 0.09218750 0.03906250
0 0.44765625 0.40781250 0.13593750 0.09375000
