1 0.00546875 0.27968750 0.01093750 0.03750000
1 0.92734375 0.65468750 0.07656250 0.07500000
1 0.47578125 0.94687500 0.04218750 0.10625000
1 0.01250000 0.40156250 0.02500000 0.03437500
1 0.51093750 0.50156250 0.04062500 0.08750000
1 0.00859375 0.45781250 0.01718750 0.03750000
1 0.74218750 0.92421875 0.04375000 0.08906250
1 0.00546875 0.22265625 0.01093750 0.03906250
1 0.66953125 0.20390625 0.03593750 0.08906250
1 0.52968750 0.67812500 0.03125000 0.08437500
1 0.38593750 0.75937500 0.05937500 0.08750000
1 0.13437500 0.53203125 0.08437500 0.03906250
1 0.66406250 0.56640625 0.03750000 0.09218750
1 0.10703125 0.03593750 0.08906250 0.05000000
1 0.98203125 0.96406250 0.03593750 0.07187500
1 0.47500000 0.74687500 0.03750000 0.09062500
1 0.48125000 0.10234375 0.03750000 0.09218750
1 0.66953125 0.73750000 0.03593750 0.08750000
1 0.52968750 0.23203125 0.03437500 0.07968750
2 0.34531250 0.90312500 0.01250000 0.03437500
2 0.13125000 0.64375000 0.01562500 0.01562500
2 0.14453125 0.77734375 0.01718750 0.02031250
2 0.34843750 0.91171875 0.01875000 0.05156250
2 0.05703125 0.58046875 0.02031250 0.02656250
2 0.02968750 0.59296875 0.03125000 0.01718750
2 0.87187500 0.00859375 0.04687500 0.01718750
2 0.08984375 0.57500000 0.02968750 0.02187500
2 0.40703125 0.68671875 0.01406250 0.02343750
2 0.86640625 0.90859375 0.02343750 0.05781250
2 0.96484375 0.73906250 0.03281250 0.02187500
2 0.17187500 0.62968750 0.02812500 0.02187500
2 0.34843750 0.92421875 0.01875000 0.02656250
2 0.16718750 0.61953125 0.03437500 0.04218750
2 0.09453125 0.59843750 0.01718750 0.01875000
2 0.26406250 0.74453125 0.03125000 0.03593750
2 0.86562500 0.89218750 0.02187500 0.02187500
2 0.41093750 0.68828125 0.02500000 0.02656250
2 0.95781250 0.73750000 0.01875000 0.01875000
2 0.16093750 0.61171875 0.02500000 0.02656250
2 0.01406250 0.54296875 0.02812500 0.01718750
2 0.97343750 0.73984375 0.01562500 0.02031250
2 0.12187500 0.65312500 0.01250000 0.01250000
2 0.38281250 0.92578125 0.01562500 0.02343750
2 0.13750000 0.78281250 0.04062500 0.03125000
2 0.25703125 0.75078125 0.02031250 0.02656250
2 0.12812500 0.64687500 0.02187500 0.02187500
2 0.26406250 0.73281250 0.02500000 0.01562500
2 0.11953125 0.45078125 0.01718750 0.01718750
2 0.25781250 0.74453125 0.01875000 0.03593750
2 0.12343750 0.77265625 0.01562500 0.01406250
2 0.25234375 0.63515625 0.02031250 0.02031250
2 0.32578125 0.86328125 0.01718750 0.03281250
2 0.09921875 0.59687500 0.02656250 0.02187500
2 0.00859375 0.54296875 0.01718750 0.01718750
2 0.26953125 0.44609375 0.03281250 0.03593750
2 0.98906250 0.70859375 0.02187500 0.02031250
2 0.33281250 0.78750000 0.01875000 0.02812500
2 0.11875000 0.45156250 0.01250000 0.01250000
2 0.14609375 0.78281250 0.02031250 0.03125000
2 0.60312500 0.25546875 0.01250000 0.01406250
2 0.22421875 0.64921875 0.01718750 0.02031250
2 0.25625000 0.75234375 0.01875000 0.02343750
