0 0.91093750 0.26953125 0.17812500 0.05468750
2 0.10703125 0.63437500 0.02031250 0.01250000
2 0.14531250 0.67500000 0.01875000 0.02187500
2 0.71953125 0.53828125 0.09843750 0.14218750
2 0.27109375 0.75703125 0.03593750 0.03281250
2 0.05859375 0.61718750 0.02968750 0.01875000
2 0.09296875 0.95468750 0.02656250 0.02812500
2 0.88750000 0.80078125 0.02500000 0.05156250
2 0.13437500 0.61171875 0.04062500 0.06093750
2 0.20625000 0.77578125 0.01875000 0.02031250
2 0.03593750 0.69296875 0.01562500 0.01093750
2 0.26484375 0.75390625 0.02343750 0.02656250
2 0.15546875 0.66562500 0.02656250 0.01562500
2 0.35781250 0.65781250 0.02812500 0.01875000
2 0.82031250 0.26953125 0.01250000 0.01718750
2 0.12656250 0.59453125 0.02500000 0.02031250
2 0.13046875 0.59296875 0.03281250 0.02343750
2 0.01015625 0.60625000 0.02031250 0.01562500
2 0.91250000 0.75156250 0.02812500 0.02812500
2 0.30937500 0.77343750 0.03125000 0.02500000
2 0.31562500 0.77500000 0.02187500 0.02500000
2 0.16875000 0.80390625 0.01562500 0.01718750
2 0.14453125 0.63125000 0.02031250 0.01562500
2 0.20625000 0.69218750 0.02187500 0.01875000
2 0.06718750 0.61718750 0.01875000 0.01562500
2 0.15234375 0.67187500 0.03281250 0.02812500
2 0.21171875 0.69531250 0.03281250 0.02500000
2 0.85156250 0.69687500 0.02187500 0.02187500
2 0.14453125 0.67500000 0.01718750 0.02187500
2 0.36875000 0.93281250 0.01875000 0.05000000
2 0.56875000 0.35468750 0.01875000 0.01250000
2 0.28593750 0.59375000 0.01875000 0.01562500
2 0.26250000 0.75859375 0.01875000 0.02343750
2 0.06171875 0.61718750 0.02656250 0.01875000
2 0.03359375 0.85546875 0.01718750 0.02343750
2 0.30390625 0.77031250 0.02031250 0.01562500
2 0.34453125 0.89375000 0.01406250 0.01562500
2 0.28906250 0.76328125 0.07187500 0.04531250
2 0.90859375 0.74687500 0.02031250 0.02187500
2 0.40078125 0.69062500 0.03281250 0.01875000
2 0.14453125 0.79453125 0.01406250 0.01406250
2 0.30156250 0.77031250 0.01875000 0.01562500
2 0.05234375 0.61640625 0.02031250 0.01718750
2 0.39375000 0.69296875 0.01875000 0.01406250
2 0.09843750 0.81718750 0.02187500 0.01562500
2 0.14453125 0.63203125 0.02031250 0.01718750
2 0.17031250 0.80859375 0.01875000 0.02968750
2 0.85390625 0.69765625 0.01406250 0.01718750
1 0.65625000 0.48671875 0.09062500 0.04531250
1 0.88593750 0.35625000 0.11562500 0.04375000
1 0.03046875 0.30234375 0.06093750 0.04531250
1 0.16718750 0.22968750 0.09375000 0.04062500
1 0.10703125 0.36093750 0.08593750 0.03750000
1 0.09375000 0.06875000 0.10312500 0.04062500
1 0.93203125 0.41406250 0.10468750 0.03750000
1 0.62578125 0.08125000 0.08906250 0.03750000
1 0.47265625 0.93125000 0.05156250 0.10000000
1 0.15703125 0.49218750 0.09531250 0.03750000
1 0.25937500 0.06640625 0.09375000 0.03593750
1 0.38046875 0.11953125 0.09218750 0.03593750
1 0.12656250 0.01406250 0.08750000 0.02812500
1 0.26953125 0.42343750 0.08906250 0.03437500
1 0.11796875 0.13671875 0.08593750 0.03906250
1 0.28984375 0.26328125 0.08281250 0.05156250
1 0.63906250 0.42265625 0.07500000 0.03281250
1 0.52734375 0.36484375 0.07656250 0.03281250
1 0.39531250 0.20312500 0.09062500 0.05312500
1 0.45468750 0.42031250 0.07500000 0.03125000
1 0.44687500 0.06875000 0.09062500 0.03437500
