1 0.40625000 0.51015625 0.10312500 0.04218750
1 0.57656250 0.32578125 0.08750000 0.03906250
1 0.95156250 0.10625000 0.09687500 0.03750000
1 0.74843750 0.43984375 0.09375000 0.04218750
1 0.14453125 0.39531250 0.09218750 0.04375000
1 0.37187500 0.13203125 0.09375000 0.03593750
1 0.58281250 0.38515625 0.09687500 0.04218750
1 0.32500000 0.32890625 0.09375000 0.03593750
1 0.93671875 0.44296875 0.09218750 0.03593750
1 0.82343750 0.17265625 0.09687500 0.04531250
1 0.54140625 0.44531250 0.09218750 0.03437500
1 0.62187500 0.50703125 0.10312500 0.03906250
1 0.14687500 0.52187500 0.10312500 0.03750000
1 0.19687500 0.33593750 0.09687500 0.03750000
1 0.45625000 0.32265625 0.08437500 0.03281250
1 0.81953125 0.26640625 0.09218750 0.03906250
1 0.33046875 0.45234375 0.10468750 0.04531250
1 0.11796875 0.46015625 0.09218750 0.04531250
1 0.83125000 0.31875000 0.09375000 0.04687500
1 0.97265625 0.37812500 0.05468750 0.03750000
1 0.56953125 0.57421875 0.08281250 0.03906250
1 0.55234375 0.26640625 0.08281250 0.04843750
1 0.69843750 0.32500000 0.09687500 0.03750000
1 0.69375000 0.26015625 0.09062500 0.03281250
1 0.38984375 0.39296875 0.09218750 0.04218750
0 0.98046875 0.03515625 0.03906250 0.05156250
0 0.34531250 0.04609375 0.25312500 0.05468750
2 0.99609375 0.17968750 0.00781250 0.03125000
2 0.25468750 0.64921875 0.02187500 0.01406250
2 0.25703125 0.67187500 0.03281250 0.03125000
2 0.09687500 0.81328125 0.02187500 0.02656250
2 0.29531250 0.62265625 0.01875000 0.01718750
2 0.19062500 0.63125000 0.04062500 0.02187500
2 0.50234375 0.63828125 0.02656250 0.01718750
2 0.20156250 0.63046875 0.01875000 0.01718750
2 0.18281250 0.63125000 0.02500000 0.02187500
2 0.98750000 0.68281250 0.02500000 0.02500000
2 0.90859375 0.84687500 0.03593750 0.03750000
2 0.44765625 0.61875000 0.03281250 0.01875000
2 0.98750000 0.80937500 0.01875000 0.01250000
