2 0.48125000 0.68359375 0.01562500 0.02968750
2 0.89843750 0.58750000 0.02500000 0.01875000
2 0.33593750 0.69609375 0.01875000 0.02343750
2 0.70468750 0.57500000 0.02812500 0.02187500
2 0.67500000 0.66796875 0.01562500 0.01406250
2 0.69531250 0.67890625 0.05937500 0.03593750
2 0.63828125 0.60625000 0.02656250 0.01250000
0 0.95156250 0.48125000 0.09687500 0.05937500
1 0.83906250 0.08828125 0.09375000 0.03906250
1 0.67578125 0.08593750 0.08281250 0.03437500
1 0.39218750 0.41406250 0.08437500 0.03437500
1 0.72109375 0.35312500 0.09218750 0.03750000
1 0.74062500 0.14531250 0.08750000 0.03750000
1 0.42656250 0.27500000 0.07500000 0.04062500
1 0.93828125 0.27109375 0.09218750 0.03593750
1 0.42734375 0.36171875 0.10156250 0.04843750
1 0.29296875 0.27109375 0.08593750 0.03906250
1 0.10781250 0.36484375 0.09062500 0.03593750
1 0.36328125 0.15312500 0.07968750 0.03750000
1 0.49140625 0.08515625 0.09218750 0.03906250
1 0.22500000 0.08984375 0.09062500 0.03906250
1 0.46718750 0.02968750 0.09062500 0.03750000
1 0.20156250 0.15234375 0.09687500 0.03906250
1 0.79140625 0.52578125 0.05781250 0.03593750
1 0.57656250 0.27187500 0.09375000 0.03750000
1 0.21250000 0.21015625 0.08125000 0.03593750
1 0.17343750 0.27187500 0.08437500 0.03750000
1 0.06796875 0.46406250 0.08906250 0.04687500
1 0.36484375 0.08671875 0.08593750 0.03906250
1 0.30390625 0.03203125 0.08593750 0.03906250
1 0.71640625 0.02656250 0.09531250 0.03750000
1 0.17734375 0.03437500 0.09531250 0.03750000
1 0.57812500 0.40937500 0.09375000 0.03750000
1 0.51796875 0.14921875 0.10468750 0.04218750
1 0.70234375 0.26796875 0.09218750 0.03593750
1 0.46718750 0.47500000 0.08750000 0.05000000
1 0.98125000 0.34453125 0.03750000 0.03281250
1 0.82968750 0.26796875 0.09687500 0.03906250
