2 0.19531250 0.49140625 0.01250000 0.01718750
2 0.44375000 0.15781250 0.01562500 0.02812500
2 0.37968750 0.39453125 0.02187500 0.03281250
2 0.38437500 0.21093750 0.01875000 0.02187500
2 0.93281250 0.07265625 0.01562500 0.02031250
2 0.98515625 0.95390625 0.02968750 0.08281250
2 0.29609375 0.55859375 0.02031250 0.01718750
2 0.34843750 0.24921875 0.01875000 0.02656250
2 0.28671875 0.87265625 0.02343750 0.02343750
2 0.41328125 0.39296875 0.01718750 0.02031250
2 0.32500000 0.52656250 0.04062500 0.03750000
2 0.30781250 0.51796875 0.02187500 0.03593750
2 0.34296875 0.49921875 0.03593750 0.04531250
2 0.38828125 0.33359375 0.02343750 0.02343750
2 0.72890625 0.85703125 0.03281250 0.03281250
2 0.37890625 0.20312500 0.02968750 0.03750000
2 0.27812500 0.25703125 0.01875000 0.01718750
2 0.35703125 0.38593750 0.02968750 0.05312500
2 0.09765625 0.53359375 0.01093750 0.01093750
2 0.29843750 0.40468750 0.01875000 0.01250000
2 0.07500000 0.48281250 0.02187500 0.01562500
2 0.29921875 0.58671875 0.02656250 0.04531250
2 0.39453125 0.36953125 0.01718750 0.02031250
2 0.34531250 0.55156250 0.01875000 0.02500000
2 0.99453125 0.45937500 0.01093750 0.01562500
2 0.31718750 0.52656250 0.02812500 0.02500000
2 0.34375000 0.56640625 0.01562500 0.02343750
2 0.64453125 0.89531250 0.01406250 0.01875000
2 0.27343750 0.61640625 0.02187500 0.02968750
2 0.36406250 0.28593750 0.01562500 0.02500000
2 0.34765625 0.39531250 0.02968750 0.05625000
2 0.30390625 0.40781250 0.02968750 0.01562500
2 0.37265625 0.35156250 0.02343750 0.02500000
2 0.37578125 0.36328125 0.02343750 0.03593750
2 0.32578125 0.52734375 0.03281250 0.02656250
2 0.29765625 0.56484375 0.02343750 0.02968750
2 0.42578125 0.14375000 0.01718750 0.01562500
2 0.28593750 0.59843750 0.04687500 0.06562500
2 0.37031250 0.36953125 0.02500000 0.02968750
2 0.53515625 0.50859375 0.02031250 0.02968750
2 0.43437500 0.15468750 0.03125000 0.03437500
2 0.38281250 0.34453125 0.02812500 0.04531250
2 0.29687500 0.57031250 0.02187500 0.04062500
2 0.38125000 0.34687500 0.02500000 0.04687500
2 0.44140625 0.00625000 0.02031250 0.01250000
2 0.35234375 0.43281250 0.01718750 0.02812500
2 0.99296875 0.92421875 0.01406250 0.02656250
2 0.35234375 0.35156250 0.02343750 0.03125000
2 0.38515625 0.29531250 0.02343750 0.03437500
2 0.29453125 0.57265625 0.01718750 0.02031250
2 0.29687500 0.40468750 0.01875000 0.01250000
2 0.27109375 0.61484375 0.02031250 0.02656250
2 0.08281250 0.39765625 0.03437500 0.02343750
2 0.42031250 0.46093750 0.01562500 0.02187500
2 0.35703125 0.16562500 0.02656250 0.03750000
2 0.40078125 0.38281250 0.04531250 0.04062500
2 0.88281250 0.06328125 0.01250000 0.01718750
2 0.33750000 0.51250000 0.02500000 0.03125000
2 0.36406250 0.27656250 0.02187500 0.03437500
2 0.99296875 0.38671875 0.01406250 0.04843750
2 0.33750000 0.48984375 0.02500000 0.02656250
2 0.35859375 0.43671875 0.02656250 0.02656250
2 0.97656250 0.07656250 0.01875000 0.01875000
2 0.44218750 0.14687500 0.01562500 0.01562500
2 0.34531250 0.56015625 0.01875000 0.03593750
2 0.38125000 0.47265625 0.01875000 0.03281250
2 0.52109375 0.55468750 0.01406250 0.01562500
2 0.42031250 0.45078125 0.01562500 0.04218750
2 0.44140625 0.15625000 0.02031250 0.03125000
2 0.30781250 0.51093750 0.02187500 0.02500000
2 0.37265625 0.19296875 0.02343750 0.02343750
2 0.29140625 0.60234375 0.02343750 0.02343750
2 0.35234375 0.33046875 0.02031250 0.02656250
2 0.28828125 0.60156250 0.01718750 0.02187500
2 0.36875000 0.11796875 0.01875000 0.02656250
1 0.45546875 0.84140625 0.08906250 0.06093750
1 0.18750000 0.22500000 0.06875000 0.10312500
1 0.66875000 0.02031250 0.03750000 0.04062500
1 0.77265625 0.52109375 0.06718750 0.08593750
1 0.88515625 0.24531250 0.04843750 0.09687500
1 0.54843750 0.27109375 0.03750000 0.09218750
1 0.61093750 0.12812500 0.03750000 0.09375000
1 0.54921875 0.03203125 0.03906250 0.06406250
1 0.21015625 0.01406250 0.04218750 0.02812500
1 0.07812500 0.96562500 0.09687500 0.03750000
1 0.36953125 0.20390625 0.06093750 0.05156250
1 0.19843750 0.96015625 0.10000000 0.04531250
1 0.39609375 0.38984375 0.05156250 0.03906250
1 0.60781250 0.01875000 0.03750000 0.03750000
1 0.54609375 0.14531250 0.04843750 0.10625000
1 0.19531250 0.24609375 0.05000000 0.06093750
1 0.23828125 0.90078125 0.09218750 0.03906250
1 0.72734375 0.18984375 0.03906250 0.09531250
1 0.21796875 0.10937500 0.03906250 0.09687500
1 0.16015625 0.37109375 0.08593750 0.08281250
1 0.06093750 0.43828125 0.10312500 0.04843750
1 0.72265625 0.06015625 0.04218750 0.10156250
1 0.98125000 0.17968750 0.03750000 0.10312500
1 0.60625000 0.27265625 0.04062500 0.10156250
1 0.62343750 0.72031250 0.08750000 0.08750000
1 0.66796875 0.24375000 0.03906250 0.10000000
1 0.66875000 0.10312500 0.03750000 0.09062500
1 0.83750000 0.15390625 0.04375000 0.09843750
