1 0.62031250 0.09453125 0.03750000 0.09218750
1 0.56484375 0.17343750 0.03906250 0.09687500
1 0.79375000 0.94765625 0.08125000 0.07031250
1 0.50781250 0.26562500 0.03437500 0.08750000
1 0.56718750 0.27656250 0.03437500 0.06875000
1 0.70859375 0.49609375 0.03906250 0.08593750
1 0.79687500 0.39453125 0.06250000 0.08593750
1 0.65625000 0.74843750 0.05625000 0.09687500
1 0.02812500 0.93750000 0.05625000 0.03750000
1 0.45625000 0.14453125 0.03750000 0.08593750
1 0.29765625 0.63125000 0.07968750 0.07812500
1 0.56250000 0.05312500 0.03437500 0.09375000
1 0.51093750 0.15078125 0.03437500 0.08593750
1 0.70859375 0.31250000 0.04218750 0.07812500
1 0.62343750 0.20703125 0.03750000 0.08593750
1 0.12265625 0.57734375 0.07968750 0.08593750
1 0.71171875 0.04140625 0.03593750 0.08281250
1 0.61796875 0.34609375 0.03906250 0.09843750
1 0.78437500 0.13359375 0.03437500 0.08593750
1 0.61796875 0.46250000 0.03593750 0.07812500
1 0.51171875 0.03750000 0.03281250 0.07500000
2 0.35859375 0.92500000 0.02968750 0.02500000
2 0.36718750 0.33906250 0.01875000 0.04375000
2 0.23281250 0.40156250 0.01875000 0.02187500
2 0.32734375 0.45234375 0.02343750 0.02343750
2 0.82343750 0.04765625 0.01875000 0.02343750
2 0.83125000 0.31250000 0.01250000 0.02500000
2 0.23203125 0.35390625 0.01406250 0.01718750
2 0.58828125 0.51093750 0.02031250 0.02187500
2 0.21562500 0.48046875 0.01875000 0.01718750
