2 0.24375000 0.11093750 0.01250000 0.02187500
2 0.88750000 0.15625000 0.02500000 0.07187500
2 0.37109375 0.42734375 0.02343750 0.02343750
2 0.21250000 0.43750000 0.02500000 0.01875000
2 0.36875000 0.34609375 0.01875000 0.03906250
2 0.37812500 0.29687500 0.01875000 0.03437500
2 0.36875000 0.33593750 0.01562500 0.02187500
2 0.04843750 0.46093750 0.09687500 0.02500000
2 0.88828125 0.13984375 0.02656250 0.04218750
2 0.12109375 0.39062500 0.01093750 0.01250000
2 0.25937500 0.30468750 0.01250000 0.01250000
2 0.59531250 0.47187500 0.01562500 0.04687500
2 0.95390625 0.44609375 0.01093750 0.01406250
2 0.95625000 0.53125000 0.01562500 0.02187500
2 0.27812500 0.03906250 0.01250000 0.03125000
2 0.66796875 0.28750000 0.01406250 0.01875000
2 0.95546875 0.52734375 0.01718750 0.01718750
2 0.32812500 0.45312500 0.01562500 0.01875000
2 0.09296875 0.46328125 0.01406250 0.01718750
2 0.34531250 0.36171875 0.01562500 0.02656250
2 0.19687500 0.48046875 0.01875000 0.01406250
2 0.19062500 0.47500000 0.03125000 0.02500000
2 0.34062500 0.45546875 0.01875000 0.01718750
2 0.94765625 0.53046875 0.03281250 0.02343750
2 0.23046875 0.40000000 0.01093750 0.01875000
2 0.23593750 0.40156250 0.01875000 0.02187500
2 0.11250000 0.40937500 0.01250000 0.01250000
2 0.95625000 0.52968750 0.01562500 0.02187500
2 0.32421875 0.48437500 0.01406250 0.02500000
2 0.09375000 0.41406250 0.01250000 0.01250000
2 0.19296875 0.89218750 0.01406250 0.02187500
2 0.27578125 0.55703125 0.02343750 0.01718750
2 0.29375000 0.16875000 0.01562500 0.01562500
2 0.33515625 0.45390625 0.02968750 0.02031250
2 0.39453125 0.27968750 0.01406250 0.01562500
2 0.40625000 0.25625000 0.01875000 0.03437500
2 0.23984375 0.40390625 0.01406250 0.01718750
2 0.59687500 0.45703125 0.01250000 0.01718750
2 0.95703125 0.52812500 0.01406250 0.01875000
2 0.34687500 0.36796875 0.01250000 0.01718750
2 0.35468750 0.21953125 0.01250000 0.01718750
2 0.33359375 0.46953125 0.03281250 0.05468750
2 0.18281250 0.47031250 0.01562500 0.01562500
2 0.19296875 0.89453125 0.01406250 0.01718750
2 0.14687500 0.35156250 0.01875000 0.02187500
2 0.36953125 0.35703125 0.01406250 0.01718750
2 0.36484375 0.41406250 0.02656250 0.04375000
2 0.31250000 0.16093750 0.01875000 0.01875000
2 0.06796875 0.98046875 0.01406250 0.01406250
2 0.87343750 0.03671875 0.02812500 0.03281250
2 0.37656250 0.29140625 0.01562500 0.02343750
2 0.95234375 0.44531250 0.01718750 0.01562500
2 0.55937500 0.94453125 0.03750000 0.03906250
2 0.25937500 0.47968750 0.01562500 0.02187500
2 0.88984375 0.17890625 0.01406250 0.02968750
2 0.35781250 0.40625000 0.01250000 0.02812500
2 0.37265625 0.42734375 0.02656250 0.02343750
2 0.39296875 0.29453125 0.01718750 0.04218750
2 0.38593750 0.29453125 0.03125000 0.04218750
2 0.29375000 0.42187500 0.01562500 0.01562500
2 0.36015625 0.16328125 0.01718750 0.02968750
2 0.36640625 0.16406250 0.02031250 0.03125000
1 0.51406250 0.03750000 0.03437500 0.07500000
1 0.51093750 0.26562500 0.03437500 0.08750000
1 0.08437500 0.67578125 0.07500000 0.03593750
1 0.84765625 0.77109375 0.07968750 0.08281250
1 0.56796875 0.17343750 0.03906250 0.09375000
1 0.01171875 0.82265625 0.02343750 0.04531250
1 0.62109375 0.03046875 0.03593750 0.06093750
1 0.03046875 0.93828125 0.06093750 0.03906250
1 0.51328125 0.15156250 0.03281250 0.08125000
1 0.97812500 0.90390625 0.04375000 0.05156250
1 0.57031250 0.27656250 0.03437500 0.06875000
1 0.64062500 0.38125000 0.05000000 0.09687500
1 0.56406250 0.05312500 0.03437500 0.09375000
1 0.61796875 0.15937500 0.03593750 0.08125000
