1 0.52890625 0.37109375 0.08593750 0.03906250
1 0.77656250 0.04921875 0.09062500 0.03906250
1 0.03906250 0.15234375 0.07812500 0.03593750
1 0.92578125 0.03984375 0.09531250 0.03906250
1 0.76718750 0.28359375 0.10000000 0.04531250
1 0.95625000 0.42109375 0.08750000 0.03593750
1 0.90703125 0.28359375 0.08593750 0.04531250
1 0.31250000 0.28125000 0.08125000 0.04062500
1 0.02187500 0.27812500 0.04375000 0.03750000
1 0.42734375 0.27812500 0.09531250 0.04375000
1 0.03515625 0.36562500 0.07031250 0.03750000
1 0.25390625 0.28203125 0.04531250 0.03906250
1 0.09453125 0.01015625 0.08281250 0.02031250
1 0.27656250 0.35468750 0.09062500 0.04062500
1 0.52968750 0.48671875 0.08750000 0.03906250
1 0.61015625 0.43125000 0.07968750 0.04062500
1 0.42265625 0.09609375 0.08906250 0.03593750
1 0.19843750 0.28125000 0.08437500 0.03750000
1 0.60859375 0.00625000 0.08281250 0.01250000
1 0.40078125 0.16171875 0.09843750 0.04218750
1 0.98359375 0.35859375 0.03281250 0.04218750
1 0.19765625 0.03984375 0.08593750 0.03906250
1 0.17187500 0.09453125 0.08437500 0.03593750
1 0.80703125 0.10234375 0.10781250 0.03906250
1 0.65234375 0.28671875 0.09843750 0.03906250
1 0.36484375 0.04609375 0.08906250 0.03593750
1 0.97656250 0.10937500 0.04687500 0.04062500
1 0.55390625 0.27968750 0.09218750 0.03750000
1 0.61875000 0.10468750 0.09687500 0.03750000
1 0.58671875 0.04687500 0.09531250 0.04062500
1 0.27187500 0.45625000 0.08750000 0.03750000
1 0.97968750 0.27890625 0.04062500 0.03281250
1 0.80625000 0.22031250 0.10000000 0.04375000
