2 0.18750000 0.48359375 0.01562500 0.01406250
2 0.60468750 0.46171875 0.01562500 0.01718750
2 0.17343750 0.47656250 0.01562500 0.01875000
2 0.47500000 0.40703125 0.02187500 0.01718750
2 0.92265625 0.52265625 0.02968750 0.02031250
2 0.00468750 0.46171875 0.00937500 0.01406250
2 0.87890625 0.13593750 0.02343750 0.04062500
2 0.33203125 0.14609375 0.01718750 0.06093750
2 0.89375000 0.62890625 0.03750000 0.02031250
2 0.26796875 0.03046875 0.01093750 0.01718750
2 0.84843750 0.46093750 0.01875000 0.01875000
2 0.92656250 0.51718750 0.04687500 0.03125000
2 0.39375000 0.50546875 0.01562500 0.01406250
2 0.05859375 0.56171875 0.01718750 0.02343750
2 0.36796875 0.29843750 0.02031250 0.02500000
2 0.39687500 0.43046875 0.02187500 0.01718750
2 0.35234375 0.16406250 0.02343750 0.03750000
2 0.39375000 0.26796875 0.01562500 0.04218750
2 0.34453125 0.42734375 0.01718750 0.02031250
2 0.35703125 0.35156250 0.01718750 0.01562500
2 0.25703125 0.41328125 0.02656250 0.02968750
2 0.39453125 0.40781250 0.01406250 0.02500000
2 0.22500000 0.40546875 0.01875000 0.02031250
2 0.92734375 0.57187500 0.03281250 0.02187500
2 0.89062500 0.55625000 0.01875000 0.01562500
2 0.92812500 0.51875000 0.02500000 0.02187500
2 0.25156250 0.30546875 0.01875000 0.01406250
2 0.34921875 0.44062500 0.02343750 0.02187500
2 0.59921875 0.47109375 0.02031250 0.02031250
2 0.82500000 0.60000000 0.02500000 0.01875000
2 0.04375000 0.61953125 0.01562500 0.01718750
2 0.37968750 0.30546875 0.02187500 0.02343750
2 0.36015625 0.33281250 0.02031250 0.02500000
2 0.39687500 0.38671875 0.03125000 0.02031250
2 0.26718750 0.04140625 0.01562500 0.03906250
2 0.99375000 0.43906250 0.01250000 0.02187500
2 0.39687500 0.39843750 0.03125000 0.04375000
2 0.91875000 0.52265625 0.03437500 0.02031250
2 0.22968750 0.40781250 0.01250000 0.01875000
2 0.93203125 0.56953125 0.02656250 0.01718750
2 0.18125000 0.47812500 0.02812500 0.02187500
2 0.87968750 0.44531250 0.01250000 0.01875000
2 0.06484375 0.98906250 0.01718750 0.02187500
2 0.37343750 0.30156250 0.03125000 0.02812500
2 0.93828125 0.51171875 0.02656250 0.02031250
2 0.88906250 0.59453125 0.02500000 0.01406250
2 0.47578125 0.40781250 0.02343750 0.01875000
2 0.91406250 0.00859375 0.02500000 0.01718750
2 0.39531250 0.46171875 0.01875000 0.02031250
2 0.85546875 0.03359375 0.01718750 0.03593750
2 0.26718750 0.03671875 0.01250000 0.02968750
2 0.60312500 0.46328125 0.01875000 0.02031250
2 0.73046875 0.54375000 0.02656250 0.01875000
2 0.57031250 0.38125000 0.01250000 0.01562500
2 0.31093750 0.54687500 0.02187500 0.02187500
2 0.86328125 0.49765625 0.02343750 0.02031250
2 0.85625000 0.15234375 0.01250000 0.02343750
2 0.35937500 0.33984375 0.02187500 0.03906250
2 0.31718750 0.54843750 0.03437500 0.02500000
2 0.98750000 0.53359375 0.02500000 0.01718750
1 0.60859375 0.12734375 0.04218750 0.09531250
1 0.00703125 0.73359375 0.01406250 0.03281250
1 0.89375000 0.62890625 0.03750000 0.02031250
1 0.55546875 0.17578125 0.04218750 0.09218750
1 0.50078125 0.03828125 0.03593750 0.07656250
1 0.61015625 0.02500000 0.03906250 0.05000000
1 0.50078125 0.26562500 0.03593750 0.08750000
1 0.02890625 0.94453125 0.05781250 0.03593750
1 0.17812500 0.82031250 0.08125000 0.05937500
1 0.50234375 0.15078125 0.03593750 0.08281250
1 0.19062500 0.66250000 0.09062500 0.04687500
1 0.55937500 0.27656250 0.03437500 0.06875000
1 0.55234375 0.05234375 0.03593750 0.09218750
1 0.10859375 0.87812500 0.06718750 0.05312500
1 0.44609375 0.27265625 0.03906250 0.09531250
1 0.60781250 0.23906250 0.03437500 0.08437500
