1 0.41484375 0.93593750 0.10781250 0.04062500
1 0.66640625 0.01015625 0.03593750 0.02031250
1 0.94687500 0.91640625 0.07187500 0.03906250
1 0.35781250 0.28359375 0.05625000 0.03906250
1 0.54296875 0.25000000 0.03906250 0.09687500
1 0.60625000 0.10625000 0.03750000 0.09062500
1 0.54453125 0.01250000 0.03593750 0.02500000
1 0.93828125 0.73515625 0.09843750 0.04218750
1 0.04531250 0.89687500 0.09062500 0.04062500
1 0.17421875 0.89140625 0.10468750 0.04218750
1 0.60390625 0.00703125 0.03906250 0.01406250
1 0.54218750 0.12265625 0.04375000 0.10468750
1 0.72265625 0.16953125 0.03906250 0.09531250
1 0.98906250 0.91093750 0.02187500 0.03750000
1 0.21093750 0.08750000 0.04062500 0.10000000
1 0.15234375 0.35312500 0.08906250 0.08750000
1 0.05156250 0.42109375 0.10312500 0.04843750
1 0.71796875 0.04531250 0.04218750 0.09062500
1 0.97968750 0.16015625 0.04062500 0.10156250
1 0.60156250 0.25078125 0.04062500 0.09843750
1 0.38828125 0.99296875 0.09843750 0.01406250
1 0.66406250 0.22421875 0.04062500 0.10156250
1 0.14296875 0.99453125 0.09218750 0.01093750
1 0.66562500 0.08281250 0.04062500 0.09062500
1 0.18984375 0.20546875 0.04843750 0.10156250
1 0.98515625 0.54765625 0.02968750 0.05156250
2 0.31640625 0.45546875 0.02343750 0.03281250
2 0.40546875 0.36796875 0.01406250 0.02968750
2 0.25625000 0.52031250 0.03437500 0.02500000
2 0.29218750 0.31250000 0.01250000 0.01875000
2 0.30156250 0.38906250 0.02187500 0.01875000
2 0.28437500 0.54921875 0.02500000 0.02656250
2 0.35859375 0.52109375 0.02031250 0.02031250
2 0.60937500 0.88125000 0.02187500 0.01562500
2 0.33984375 0.54765625 0.02656250 0.02968750
2 0.41640625 0.43125000 0.02031250 0.03750000
2 0.30000000 0.47890625 0.02500000 0.03593750
