2 0.03203125 0.38359375 0.01718750 0.01718750
2 0.73125000 0.59453125 0.01875000 0.01406250
2 0.47421875 0.57265625 0.02656250 0.02343750
2 0.06640625 0.16953125 0.02031250 0.09218750
2 0.39609375 0.58359375 0.02656250 0.02031250
2 0.25468750 0.44140625 0.01875000 0.02031250
2 0.06640625 0.40468750 0.01093750 0.02187500
2 0.74375000 0.61562500 0.01562500 0.01875000
2 0.96875000 0.57109375 0.01562500 0.01718750
2 0.37500000 0.60781250 0.02500000 0.02187500
2 0.28046875 0.42578125 0.01718750 0.02031250
2 0.27343750 0.62187500 0.02500000 0.02812500
2 0.46718750 0.57578125 0.01250000 0.02031250
2 0.00703125 0.25234375 0.01406250 0.02656250
2 0.82031250 0.56640625 0.01875000 0.02031250
2 0.66796875 0.62031250 0.01718750 0.01562500
2 0.97265625 0.57265625 0.02343750 0.02031250
2 0.43828125 0.93203125 0.01718750 0.01718750
2 0.48125000 0.62031250 0.01250000 0.01562500
2 0.67578125 0.62109375 0.03281250 0.01718750
2 0.48125000 0.56953125 0.01562500 0.01718750
2 0.51640625 0.98281250 0.01093750 0.01562500
2 0.18046875 0.43984375 0.01406250 0.02031250
2 0.30312500 0.43046875 0.01562500 0.01093750
2 0.35000000 0.96953125 0.01562500 0.01406250
1 0.67578125 0.62031250 0.03593750 0.01875000
1 0.42421875 0.61484375 0.05468750 0.02656250
1 0.85468750 0.97421875 0.09687500 0.03906250
1 0.32812500 0.60156250 0.02187500 0.02812500
1 0.10546875 0.52890625 0.03593750 0.02031250
1 0.21015625 0.57343750 0.02968750 0.02187500
1 0.37968750 0.62421875 0.03750000 0.02656250
1 0.72109375 0.90703125 0.11406250 0.04218750
1 0.90078125 0.84531250 0.09531250 0.04062500
1 0.35156250 0.58671875 0.02812500 0.02343750
1 0.14375000 0.47578125 0.03125000 0.02031250
1 0.98828125 0.85546875 0.02343750 0.03906250
1 0.62812500 0.84453125 0.09687500 0.03593750
1 0.61406250 0.96328125 0.09062500 0.03906250
1 0.70312500 0.90546875 0.07812500 0.03906250
1 0.29921875 0.55234375 0.03593750 0.02656250
1 0.39218750 0.58437500 0.03750000 0.02187500
1 0.27421875 0.62265625 0.02656250 0.02656250
1 0.24921875 0.45703125 0.02968750 0.05156250
1 0.41171875 0.56328125 0.02656250 0.02343750
1 0.86562500 0.79062500 0.09375000 0.03750000
1 0.18359375 0.51875000 0.02968750 0.01562500
1 0.74765625 0.84687500 0.07343750 0.03437500
1 0.93593750 0.91171875 0.07500000 0.02968750
1 0.30390625 0.58203125 0.02968750 0.02031250
1 0.96015625 0.97265625 0.07968750 0.03906250
1 0.67500000 0.97109375 0.03750000 0.04218750
1 0.36406250 0.56093750 0.02812500 0.02500000
1 0.98203125 0.79765625 0.03593750 0.04218750
1 0.91250000 0.91250000 0.12187500 0.03125000
1 0.73437500 0.96953125 0.08437500 0.04218750
1 0.59375000 0.89921875 0.08750000 0.03906250
1 0.62421875 0.78906250 0.08906250 0.04687500
1 0.81718750 0.91328125 0.07500000 0.04218750
1 0.56484375 0.59062500 0.03593750 0.01875000
1 0.82734375 0.73750000 0.07343750 0.04062500
1 0.74531250 0.78906250 0.08437500 0.04375000
1 0.94765625 0.73984375 0.09218750 0.04218750
0 0.73281250 0.53906250 0.04062500 0.05312500
0 0.85000000 0.73750000 0.11875000 0.04062500
0 0.59218750 0.57421875 0.09062500 0.04843750
0 0.90312500 0.35078125 0.19375000 0.22343750
0 0.61640625 0.96328125 0.09531250 0.04218750
0 0.59453125 0.56328125 0.05781250 0.02343750
0 0.59453125 0.89921875 0.08906250 0.04218750
0 0.90078125 0.84531250 0.09531250 0.04375000
0 0.72187500 0.90625000 0.11875000 0.04375000
0 0.24921875 0.45781250 0.03281250 0.05312500
0 0.75078125 0.96718750 0.11718750 0.05000000
0 0.66562500 0.72890625 0.24687500 0.05468750
0 0.91328125 0.91171875 0.12031250 0.03281250
0 0.72578125 0.54687500 0.02656250 0.03750000
0 0.26640625 0.45000000 0.06718750 0.06875000
0 0.96015625 0.97421875 0.07968750 0.04218750
0 0.67578125 0.97109375 0.03906250 0.04218750
0 0.68828125 0.96796875 0.23906250 0.05156250
0 0.94921875 0.73984375 0.09531250 0.04218750
0 0.87734375 0.91406250 0.19218750 0.04375000
0 0.66640625 0.73750000 0.25156250 0.07187500
0 0.74531250 0.78984375 0.08437500 0.04531250
0 0.75625000 0.54218750 0.08750000 0.05937500
0 0.98125000 0.79765625 0.03750000 0.04531250
0 0.81718750 0.91328125 0.07500000 0.04531250
