2 0.98203125 0.28437500 0.01406250 0.03125000
2 0.32265625 0.55234375 0.02343750 0.03281250
2 0.12109375 0.50390625 0.01093750 0.01093750
2 0.88906250 0.22890625 0.01250000 0.01406250
2 0.98671875 0.18906250 0.02031250 0.03750000
2 0.43593750 0.40937500 0.03125000 0.01875000
2 0.28906250 0.46796875 0.03437500 0.02968750
2 0.21796875 0.24218750 0.01718750 0.01250000
2 0.31953125 0.54375000 0.01718750 0.01562500
2 0.93828125 0.47109375 0.02656250 0.03281250
2 0.96484375 0.42656250 0.02031250 0.03750000
2 0.05078125 0.55468750 0.02031250 0.01875000
2 0.00625000 0.38671875 0.01250000 0.02031250
2 0.97031250 0.41718750 0.02812500 0.05312500
2 0.32734375 0.38046875 0.01406250 0.02031250
2 0.25703125 0.55625000 0.01406250 0.01250000
2 0.29140625 0.46250000 0.02656250 0.01875000
2 0.47656250 0.13203125 0.01250000 0.01718750
2 0.33437500 0.38203125 0.02812500 0.02343750
2 0.25546875 0.31796875 0.01718750 0.01093750
2 0.32578125 0.55859375 0.01718750 0.02031250
2 0.00703125 0.37890625 0.01406250 0.03593750
2 0.44140625 0.34062500 0.01406250 0.01562500
2 0.75390625 0.83515625 0.03593750 0.04218750
2 0.97265625 0.40859375 0.02343750 0.03593750
0 0.16875000 0.98750000 0.25625000 0.02500000
1 0.83906250 0.06250000 0.04687500 0.10000000
1 0.57890625 0.95156250 0.04218750 0.09687500
1 0.69218750 0.39921875 0.04062500 0.09531250
1 0.76562500 0.03593750 0.04062500 0.07187500
1 0.75703125 0.62265625 0.04218750 0.09843750
1 0.82734375 0.97812500 0.03906250 0.04375000
1 0.08593750 0.40859375 0.10312500 0.05156250
1 0.57500000 0.54843750 0.04062500 0.09687500
1 0.58671875 0.01640625 0.04218750 0.03281250
1 0.07031250 0.88437500 0.09687500 0.04062500
1 0.86250000 0.58359375 0.04062500 0.09843750
1 0.25703125 0.93984375 0.10781250 0.04218750
1 0.68671875 0.65781250 0.04218750 0.09062500
1 0.18671875 0.34062500 0.08593750 0.08437500
1 0.20156250 0.88203125 0.10000000 0.03906250
1 0.57812500 0.29296875 0.04062500 0.09531250
1 0.75546875 0.30781250 0.03906250 0.10000000
1 0.70156250 0.11328125 0.04062500 0.09531250
1 0.09218750 0.94140625 0.10625000 0.04531250
1 0.89687500 0.97578125 0.04062500 0.04843750
1 0.01875000 0.98750000 0.03750000 0.02500000
1 0.83906250 0.34687500 0.03750000 0.08750000
1 0.75546875 0.98359375 0.03906250 0.03281250
1 0.24921875 0.07578125 0.04218750 0.09843750
1 0.58359375 0.73593750 0.03906250 0.10312500
1 0.63437500 0.49687500 0.04062500 0.10312500
1 0.64296875 0.78671875 0.03906250 0.09843750
1 0.64296875 0.21562500 0.03906250 0.10000000
1 0.75625000 0.16328125 0.03750000 0.09218750
1 0.24140625 0.40078125 0.10781250 0.04843750
1 0.75859375 0.46484375 0.04218750 0.10468750
