1 0.01171875 0.35859375 0.02343750 0.03593750
1 0.88750000 0.25859375 0.08437500 0.07343750
1 0.01875000 0.41718750 0.03750000 0.03750000
1 0.01250000 0.30078125 0.02500000 0.03906250
1 0.02265625 0.53125000 0.04531250 0.03750000
1 0.03281250 0.47109375 0.06562500 0.04218750
1 0.14609375 0.58046875 0.04218750 0.02968750
1 0.16953125 0.16718750 0.08593750 0.05625000
1 0.80546875 0.12031250 0.07656250 0.07187500
1 0.57656250 0.83984375 0.05000000 0.09843750
1 0.31250000 0.25078125 0.07187500 0.07031250
2 0.73437500 0.58359375 0.05625000 0.05468750
2 0.15859375 0.65312500 0.01718750 0.01875000
2 0.17187500 0.60703125 0.01875000 0.02031250
2 0.06953125 0.58750000 0.01718750 0.01875000
2 0.27343750 0.58906250 0.01875000 0.01562500
2 0.67734375 0.87265625 0.02031250 0.02343750
2 0.33984375 0.65468750 0.03281250 0.02812500
2 0.88437500 0.98203125 0.01250000 0.01406250
2 0.20703125 0.56171875 0.03593750 0.02343750
2 0.05625000 0.60937500 0.01562500 0.01875000
2 0.08437500 0.80625000 0.01875000 0.01562500
2 0.26484375 0.75234375 0.02343750 0.03281250
2 0.16093750 0.63515625 0.03125000 0.02343750
2 0.25156250 0.71640625 0.02187500 0.01718750
2 0.08828125 0.59296875 0.01718750 0.01718750
2 0.03437500 0.58203125 0.01562500 0.01718750
2 0.87109375 0.87187500 0.02031250 0.01875000
2 0.42968750 0.90000000 0.01875000 0.02500000
2 0.15156250 0.79375000 0.02812500 0.01562500
2 0.20234375 0.59843750 0.04531250 0.02500000
2 0.22734375 0.57578125 0.02343750 0.02343750
2 0.22890625 0.65390625 0.03906250 0.02968750
2 0.15859375 0.68437500 0.03593750 0.02812500
2 0.11093750 0.60859375 0.02187500 0.01718750
2 0.19218750 0.62812500 0.02812500 0.02500000
2 0.26406250 0.74609375 0.02187500 0.02031250
2 0.93281250 0.89453125 0.01250000 0.02031250
2 0.35546875 0.91796875 0.01406250 0.04218750
2 0.65703125 0.77187500 0.01718750 0.02187500
2 0.22500000 0.48671875 0.01875000 0.02343750
2 0.13125000 0.66406250 0.02187500 0.02187500
2 0.23046875 0.62656250 0.01406250 0.02500000
2 0.21796875 0.30625000 0.01406250 0.01562500
2 0.29453125 0.86406250 0.01718750 0.02187500
2 0.27265625 0.75312500 0.03906250 0.03437500
2 0.07109375 0.01640625 0.02968750 0.02656250
2 0.28281250 0.75937500 0.02187500 0.02187500
2 0.48203125 0.36875000 0.02656250 0.03750000
2 0.66250000 0.77187500 0.02812500 0.02187500
2 0.89375000 0.73906250 0.01562500 0.02187500
2 0.15312500 0.80156250 0.02812500 0.03125000
