2 0.05078125 0.61718750 0.02656250 0.01875000
2 0.99218750 0.60078125 0.01562500 0.02031250
2 0.91171875 0.60000000 0.03906250 0.02187500
2 0.26484375 0.84453125 0.02031250 0.02968750
2 0.24687500 0.95000000 0.02187500 0.02500000
2 0.06875000 0.73828125 0.01562500 0.02031250
2 0.23125000 0.71796875 0.01562500 0.01718750
2 0.19453125 0.70781250 0.01406250 0.01562500
2 0.69531250 0.58515625 0.02500000 0.02031250
2 0.61406250 0.59296875 0.02812500 0.02031250
2 0.83671875 0.60546875 0.02656250 0.01718750
0 0.17187500 0.27187500 0.23437500 0.05312500
1 0.97187500 0.09921875 0.05625000 0.04218750
1 0.45390625 0.43906250 0.09531250 0.04062500
1 0.67421875 0.15937500 0.09218750 0.03750000
1 0.21328125 0.03359375 0.09218750 0.03906250
1 0.14921875 0.19921875 0.08906250 0.03593750
1 0.86015625 0.42500000 0.09531250 0.03437500
1 0.65625000 0.27734375 0.10937500 0.04531250
1 0.88203125 0.28203125 0.08906250 0.03906250
1 0.20625000 0.13750000 0.08437500 0.03750000
1 0.01562500 0.13984375 0.03125000 0.03281250
1 0.98750000 0.28046875 0.02500000 0.03593750
1 0.32812500 0.48828125 0.09062500 0.03906250
1 0.87421875 0.04375000 0.09218750 0.03437500
1 0.69218750 0.46250000 0.09062500 0.04687500
1 0.07734375 0.46953125 0.08906250 0.03593750
1 0.51796875 0.09765625 0.09218750 0.03906250
1 0.33671875 0.37421875 0.10156250 0.05156250
1 0.63437500 0.03515625 0.08437500 0.04218750
1 0.75625000 0.28125000 0.08750000 0.03750000
1 0.92734375 0.48125000 0.09531250 0.03437500
1 0.29218750 0.09062500 0.08750000 0.04062500
1 0.01796875 0.20546875 0.03593750 0.03593750
1 0.80468750 0.09921875 0.09062500 0.03593750
1 0.98984375 0.22109375 0.02031250 0.03593750
1 0.59453125 0.39296875 0.08593750 0.03906250
1 0.45000000 0.15078125 0.08750000 0.03906250
1 0.01328125 0.08281250 0.02656250 0.03125000
1 0.85937500 0.16718750 0.07812500 0.03437500
1 0.41171875 0.03828125 0.09531250 0.03593750
