2 0.30546875 0.65390625 0.01406250 0.01718750
2 0.84375000 0.27187500 0.03750000 0.02500000
2 0.39609375 0.55937500 0.02343750 0.02187500
2 0.46718750 0.61562500 0.04062500 0.05312500
2 0.21640625 0.37031250 0.02031250 0.02500000
2 0.29375000 0.53203125 0.01562500 0.01718750
2 0.57343750 0.41640625 0.04375000 0.02656250
2 0.38984375 0.56796875 0.02031250 0.03593750
2 0.79062500 0.87812500 0.02500000 0.03750000
2 0.56171875 0.43046875 0.02656250 0.02031250
2 0.10937500 0.36640625 0.01875000 0.02343750
2 0.52968750 0.44531250 0.01875000 0.02500000
2 0.63906250 0.42109375 0.03125000 0.03281250
2 0.85234375 0.26953125 0.02031250 0.02031250
2 0.22890625 0.17968750 0.03281250 0.21875000
2 0.79609375 0.90781250 0.02343750 0.09375000
2 0.55000000 0.56093750 0.02187500 0.02812500
2 0.63984375 0.41484375 0.02343750 0.02031250
2 0.31171875 0.45703125 0.02968750 0.03906250
2 0.22343750 0.39218750 0.03125000 0.02812500
2 0.40625000 0.50000000 0.02187500 0.02812500
2 0.78046875 0.56484375 0.01718750 0.02343750
2 0.46484375 0.15781250 0.02656250 0.02812500
2 0.69062500 0.43828125 0.02500000 0.02031250
2 0.34687500 0.48515625 0.03750000 0.02968750
2 0.31250000 0.65078125 0.02812500 0.02343750
2 0.63437500 0.39296875 0.01875000 0.01406250
2 0.79296875 0.26640625 0.01406250 0.02031250
2 0.28125000 0.35078125 0.02500000 0.02968750
2 0.41328125 0.48125000 0.02656250 0.02187500
2 0.22421875 0.38437500 0.03281250 0.04062500
2 0.29218750 0.53359375 0.01875000 0.02031250
2 0.79375000 0.94609375 0.01562500 0.01718750
2 0.41015625 0.49218750 0.02968750 0.04375000
2 0.19765625 0.36562500 0.02656250 0.03125000
2 0.31562500 0.45234375 0.01875000 0.02968750
2 0.80703125 0.72343750 0.01406250 0.01875000
2 0.61953125 0.27890625 0.01718750 0.01406250
2 0.31875000 0.39843750 0.01562500 0.02187500
2 0.23125000 0.38593750 0.01875000 0.03125000
2 0.21640625 0.39218750 0.02031250 0.02812500
2 0.04921875 0.23281250 0.01406250 0.01562500
2 0.85312500 0.72265625 0.01875000 0.02968750
2 0.54218750 0.48750000 0.01562500 0.02500000
2 0.55000000 0.48750000 0.02812500 0.02812500
2 0.85078125 0.37109375 0.02656250 0.06093750
2 0.56562500 0.54843750 0.04687500 0.05000000
2 0.79218750 0.87500000 0.01875000 0.02500000
2 0.57109375 0.54453125 0.02031250 0.04218750
2 0.39453125 0.56718750 0.02656250 0.03750000
2 0.56328125 0.42500000 0.03593750 0.03125000
2 0.53593750 0.43750000 0.03125000 0.03750000
2 0.77187500 0.28046875 0.02187500 0.01406250
2 0.55546875 0.48515625 0.01718750 0.02031250
2 0.43906250 0.82578125 0.02187500 0.02343750
2 0.40000000 0.09218750 0.02500000 0.03750000
2 0.87187500 0.51328125 0.02500000 0.02656250
2 0.72031250 0.71562500 0.02500000 0.03750000
2 0.29062500 0.54140625 0.02187500 0.03593750
2 0.28515625 0.04921875 0.03593750 0.05468750
1 0.68906250 0.27890625 0.09687500 0.04531250
1 0.48750000 0.79062500 0.10000000 0.04375000
1 0.97109375 0.27500000 0.05468750 0.03437500
1 0.74921875 0.78046875 0.10156250 0.04218750
1 0.52656250 0.67187500 0.10000000 0.04062500
1 0.92421875 0.94609375 0.12343750 0.05156250
1 0.95625000 0.59062500 0.08750000 0.04375000
1 0.67500000 0.39765625 0.10000000 0.03593750
1 0.29062500 0.60937500 0.10000000 0.04687500
1 0.53203125 0.60312500 0.09531250 0.04375000
1 0.74453125 0.71484375 0.07343750 0.03906250
1 0.01953125 0.97109375 0.03906250 0.04218750
1 0.28671875 0.22031250 0.04218750 0.09062500
1 0.91250000 0.76953125 0.10937500 0.04843750
1 0.31406250 0.97812500 0.09687500 0.04062500
1 0.57031250 0.87578125 0.10312500 0.04218750
1 0.61875000 0.78359375 0.10312500 0.04218750
1 0.20234375 0.90859375 0.09843750 0.04218750
1 0.42656250 0.38671875 0.10937500 0.04843750
1 0.17890625 0.16562500 0.04218750 0.10312500
1 0.10625000 0.42500000 0.06562500 0.10625000
1 0.81406250 0.40156250 0.11875000 0.05000000
1 0.46015625 0.23359375 0.07968750 0.08281250
1 0.51718750 0.72656250 0.10937500 0.04062500
1 0.62109375 0.96171875 0.10156250 0.04218750
1 0.55000000 0.40468750 0.10625000 0.04375000
1 0.73046875 0.60390625 0.08593750 0.04218750
1 0.94453125 0.38828125 0.08906250 0.04218750
