2 0.38906250 0.45390625 0.02500000 0.03593750
2 0.36640625 0.47578125 0.02031250 0.02343750
2 0.28359375 0.45078125 0.02031250 0.02656250
2 0.44531250 0.56953125 0.01875000 0.02656250
1 0.97968750 0.17968750 0.04062500 0.05312500
1 0.81796875 0.80000000 0.03906250 0.09375000
1 0.88046875 0.94609375 0.03906250 0.08281250
1 0.86875000 0.70859375 0.04062500 0.09843750
1 0.05781250 0.33281250 0.08750000 0.03750000
1 0.20312500 0.32578125 0.09687500 0.03906250
1 0.35078125 0.98750000 0.04218750 0.02500000
1 0.87421875 0.82734375 0.03906250 0.09218750
1 0.76484375 0.92265625 0.04218750 0.10468750
1 0.34687500 0.90234375 0.04062500 0.09531250
1 0.82734375 0.96250000 0.04218750 0.07500000
1 0.19843750 0.26250000 0.10312500 0.04375000
1 0.76015625 0.77578125 0.03906250 0.09218750
1 0.67031250 0.94921875 0.04375000 0.10156250
1 0.08046875 0.26718750 0.09531250 0.04062500
1 0.67265625 0.70546875 0.04531250 0.09531250
1 0.81406250 0.68359375 0.03750000 0.09218750
1 0.75234375 0.43750000 0.06718750 0.09375000
