2 0.93750000 0.43437500 0.03125000 0.05937500
2 0.19453125 0.39375000 0.01093750 0.01562500
2 0.82187500 0.38281250 0.01250000 0.01875000
2 0.37031250 0.63515625 0.03125000 0.02031250
2 0.56406250 0.47578125 0.01562500 0.02343750
2 0.93203125 0.40859375 0.01406250 0.01718750
2 0.94140625 0.59453125 0.02031250 0.02968750
2 0.93515625 0.45234375 0.02343750 0.02343750
2 0.05156250 0.40937500 0.01250000 0.00937500
2 0.94687500 0.59140625 0.03125000 0.03593750
2 0.37500000 0.36171875 0.02812500 0.03281250
2 0.21640625 0.39765625 0.01718750 0.02031250
2 0.94687500 0.58281250 0.03125000 0.01875000
2 0.45156250 0.58203125 0.02812500 0.01718750
2 0.37734375 0.64140625 0.04531250 0.03281250
2 0.10703125 0.58203125 0.03593750 0.02031250
2 0.32343750 0.33671875 0.02187500 0.02031250
2 0.25390625 0.51562500 0.02031250 0.02500000
2 0.30156250 0.36796875 0.02500000 0.02656250
2 0.07187500 0.40390625 0.00937500 0.01093750
2 0.18906250 0.48046875 0.02187500 0.02031250
2 0.27734375 0.35234375 0.02031250 0.02343750
2 0.32109375 0.31875000 0.01718750 0.02500000
2 0.20703125 0.39843750 0.03593750 0.02187500
2 0.09843750 0.43593750 0.01875000 0.02187500
2 0.08046875 0.38515625 0.01093750 0.01406250
2 0.95468750 0.58125000 0.01562500 0.01562500
2 0.24375000 0.03203125 0.01875000 0.03593750
2 0.33437500 0.31406250 0.03750000 0.05625000
2 0.97109375 0.43828125 0.01718750 0.02031250
2 0.72734375 0.67031250 0.03281250 0.01875000
2 0.66328125 0.61171875 0.02343750 0.02343750
2 0.33828125 0.37890625 0.02968750 0.02031250
2 0.25390625 0.34296875 0.02656250 0.01718750
2 0.33906250 0.30078125 0.02187500 0.02968750
2 0.89609375 0.43671875 0.02031250 0.03281250
2 0.33906250 0.29765625 0.02187500 0.02343750
2 0.33750000 0.18046875 0.02500000 0.01718750
2 0.32421875 0.15000000 0.05156250 0.07500000
1 0.76953125 0.32734375 0.05781250 0.08281250
1 0.02500000 0.76640625 0.05000000 0.03593750
1 0.77031250 0.77421875 0.08750000 0.04218750
1 0.81406250 0.49531250 0.07812500 0.08125000
1 0.37812500 0.77421875 0.09375000 0.04218750
1 0.04375000 0.86562500 0.08750000 0.04375000
1 0.96015625 0.83984375 0.07968750 0.03906250
1 0.32421875 0.87187500 0.09218750 0.04062500
1 0.52890625 0.88359375 0.08906250 0.03906250
1 0.63593750 0.82968750 0.06875000 0.03437500
1 0.53046875 0.23593750 0.03593750 0.08750000
1 0.32421875 0.15000000 0.05156250 0.07500000
1 0.47500000 0.00937500 0.04062500 0.01875000
1 0.17890625 0.82265625 0.09218750 0.03906250
1 0.77500000 0.89218750 0.09062500 0.03437500
1 0.47968750 0.23437500 0.04062500 0.09062500
1 0.20546875 0.76562500 0.08593750 0.03750000
1 0.01718750 0.92031250 0.03437500 0.04375000
1 0.97578125 0.89843750 0.04843750 0.04062500
1 0.58671875 0.27812500 0.03906250 0.09062500
1 0.57109375 0.71015625 0.07968750 0.03593750
1 0.47968750 0.09375000 0.03437500 0.08750000
1 0.96171875 0.77812500 0.07656250 0.03437500
1 0.81093750 0.83671875 0.09062500 0.03593750
1 0.57734375 0.77109375 0.08906250 0.04531250
1 0.42031250 0.02109375 0.04062500 0.04218750
1 0.43906250 0.82812500 0.08437500 0.03750000
1 0.52734375 0.01875000 0.04218750 0.03750000
1 0.69375000 0.08281250 0.04375000 0.09375000
1 0.23359375 0.70468750 0.08906250 0.03750000
