1 0.12343750 0.25781250 0.10312500 0.04062500
1 0.89140625 0.24687500 0.10468750 0.04375000
1 0.42187500 0.30859375 0.10000000 0.03906250
1 0.85546875 0.36875000 0.09531250 0.03750000
1 0.35468750 0.19296875 0.10625000 0.03906250
1 0.02812500 0.25390625 0.05625000 0.03906250
1 0.97031250 0.37578125 0.05937500 0.03906250
1 0.53906250 0.36875000 0.09375000 0.04062500
1 0.03281250 0.30859375 0.06562500 0.03593750
1 0.28750000 0.31171875 0.10312500 0.04218750
1 0.17109375 0.31093750 0.10781250 0.03750000
1 0.38437500 0.25078125 0.10000000 0.03906250
1 0.24921875 0.25546875 0.09843750 0.03593750
1 0.75156250 0.24609375 0.09375000 0.04218750
1 0.68046875 0.36953125 0.09843750 0.03906250
1 0.54062500 0.30781250 0.09687500 0.04062500
1 0.51953125 0.25000000 0.10468750 0.04062500
1 0.63750000 0.24843750 0.08125000 0.03750000
1 0.67500000 0.31718750 0.08437500 0.03750000
1 0.78750000 0.30078125 0.09375000 0.03906250
0 0.49609375 0.63046875 0.08906250 0.03593750
0 0.67265625 0.31640625 0.09218750 0.03906250
0 0.68046875 0.36953125 0.09843750 0.03906250
0 0.94843750 0.57343750 0.10312500 0.11562500
0 0.78828125 0.30156250 0.09531250 0.04062500
0 0.42812500 0.62968750 0.22812500 0.03437500
0 0.04062500 0.57031250 0.08125000 0.10000000
0 0.90546875 0.33984375 0.18906250 0.10781250
0 0.27109375 0.62031250 0.54218750 0.05312500
0 0.94921875 0.58828125 0.10156250 0.08593750
0 0.91953125 0.31406250 0.16093750 0.05625000
0 0.50000000 0.62656250 0.08125000 0.02812500
