1 0.95312500 0.27187500 0.09375000 0.04375000
1 0.35156250 0.90156250 0.04062500 0.09687500
1 0.83359375 0.80703125 0.03906250 0.09531250
1 0.89375000 0.95390625 0.03750000 0.08593750
1 0.88671875 0.71015625 0.04218750 0.09843750
1 0.75312500 0.30390625 0.06875000 0.07343750
1 0.35234375 0.31250000 0.09843750 0.04687500
1 0.60156250 0.29921875 0.10312500 0.04218750
1 0.81093750 0.00937500 0.09687500 0.01875000
1 0.01250000 0.31640625 0.02500000 0.03593750
1 0.19296875 0.19375000 0.10468750 0.04062500
1 0.06015625 0.19687500 0.09843750 0.04062500
1 0.32031250 0.10078125 0.09062500 0.04531250
1 0.15156250 0.08437500 0.09687500 0.04062500
1 0.18828125 0.24765625 0.09843750 0.03906250
1 0.57109375 0.01015625 0.09843750 0.02031250
1 0.16406250 0.31328125 0.08750000 0.03906250
1 0.83125000 0.68671875 0.03750000 0.09531250
1 0.35468750 0.98828125 0.04062500 0.02343750
1 0.94921875 0.88437500 0.05468750 0.02812500
1 0.77656250 0.77812500 0.04062500 0.08750000
1 0.97421875 0.53281250 0.05156250 0.10312500
1 0.88984375 0.83437500 0.03906250 0.09375000
1 0.44453125 0.24531250 0.09531250 0.04375000
1 0.77734375 0.92812500 0.04218750 0.10625000
1 0.55703125 0.06640625 0.09843750 0.03906250
1 0.82343750 0.07187500 0.10000000 0.04375000
1 0.95546875 0.69375000 0.04531250 0.08750000
1 0.84062500 0.96562500 0.04062500 0.06875000
1 0.30937500 0.01406250 0.10312500 0.02812500
0 0.95468750 0.93515625 0.06250000 0.12968750
