2 0.92734375 0.50234375 0.02031250 0.02968750
2 0.96015625 0.49375000 0.02031250 0.03125000
2 0.11718750 0.52343750 0.01562500 0.02812500
2 0.96015625 0.44062500 0.02031250 0.02187500
2 0.21953125 0.47187500 0.02031250 0.01875000
2 0.17187500 0.55937500 0.02187500 0.02187500
2 0.92500000 0.49687500 0.01562500 0.01875000
2 0.12343750 0.52656250 0.02812500 0.03437500
2 0.99296875 0.49218750 0.01406250 0.03125000
2 0.64609375 0.51406250 0.02031250 0.02187500
1 0.53593750 0.67421875 0.09375000 0.03906250
1 0.04609375 0.39921875 0.05781250 0.09531250
1 0.72656250 0.81796875 0.10000000 0.03906250
1 0.77734375 0.95781250 0.07968750 0.03750000
1 0.03125000 0.20312500 0.04375000 0.06875000
1 0.33281250 0.98984375 0.08437500 0.02031250
1 0.02890625 0.88593750 0.05781250 0.03437500
1 0.30937500 0.86640625 0.09062500 0.05781250
1 0.01171875 0.93750000 0.02343750 0.03750000
1 0.00937500 0.41640625 0.01875000 0.08593750
1 0.94140625 0.79531250 0.08906250 0.03750000
1 0.31406250 0.94296875 0.09062500 0.03593750
1 0.54921875 0.95000000 0.09218750 0.03750000
1 0.36250000 0.79453125 0.10000000 0.03906250
1 0.14765625 0.61796875 0.09218750 0.03593750
1 0.46406250 0.71328125 0.09062500 0.04218750
1 0.14375000 0.89453125 0.09062500 0.03593750
1 0.70000000 0.73359375 0.09375000 0.03593750
1 0.79765625 0.88828125 0.09843750 0.03906250
1 0.09687500 0.69687500 0.09687500 0.04062500
1 0.09765625 0.79531250 0.10156250 0.04062500
1 0.77343750 0.62031250 0.09375000 0.05000000
1 0.02187500 0.98593750 0.04375000 0.02812500
1 0.93203125 0.72500000 0.07968750 0.03750000
1 0.12656250 0.17890625 0.04375000 0.07656250
1 0.43281250 0.94140625 0.08437500 0.03906250
1 0.49296875 0.76796875 0.07656250 0.03593750
1 0.67578125 0.95156250 0.09218750 0.04375000
1 0.54609375 0.61796875 0.09218750 0.03593750
1 0.67890625 0.88906250 0.09531250 0.03750000
1 0.56250000 0.36875000 0.04062500 0.09062500
1 0.78984375 0.68593750 0.09531250 0.04375000
1 0.60546875 0.99531250 0.08906250 0.00937500
1 0.27578125 0.67578125 0.10156250 0.04531250
1 0.17343750 0.94453125 0.09687500 0.03593750
1 0.77812500 0.77656250 0.09062500 0.04687500
