0 0.66015625 0.04609375 0.24531250 0.06406250
1 0.73984375 0.15859375 0.07343750 0.03593750
1 0.08437500 0.22109375 0.07812500 0.07968750
1 0.93984375 0.05078125 0.09218750 0.03906250
1 0.81953125 0.04921875 0.07343750 0.03906250
1 0.98437500 0.16640625 0.03125000 0.03906250
1 0.84687500 0.28437500 0.09375000 0.03750000
1 0.69453125 0.21562500 0.07031250 0.03750000
1 0.61875000 0.09921875 0.08750000 0.03906250
1 0.92656250 0.22265625 0.08125000 0.03281250
1 0.35078125 0.35390625 0.08906250 0.05781250
1 0.72812500 0.28125000 0.08750000 0.03750000
1 0.21250000 0.01406250 0.04687500 0.02812500
1 0.19375000 0.33203125 0.08437500 0.06093750
1 0.58906250 0.21015625 0.08437500 0.03593750
1 0.89375000 0.15703125 0.09375000 0.03906250
1 0.81406250 0.22343750 0.08125000 0.03750000
1 0.62265625 0.15625000 0.09531250 0.03750000
1 0.23203125 0.02109375 0.08593750 0.04218750
1 0.85859375 0.10312500 0.09218750 0.03750000
1 0.95625000 0.28437500 0.08750000 0.03750000
1 0.97734375 0.10937500 0.04531250 0.04062500
1 0.60703125 0.27343750 0.08906250 0.03750000
1 0.73750000 0.10078125 0.08125000 0.04531250
1 0.73359375 0.07265625 0.08593750 0.02656250
1 0.21640625 0.94687500 0.12343750 0.10625000
