1 0.91796875 0.16250000 0.05156250 0.05312500
1 0.55156250 0.65390625 0.09687500 0.05156250
1 0.80859375 0.35859375 0.04531250 0.09531250
1 0.75625000 0.35625000 0.04687500 0.10000000
1 0.23359375 0.60859375 0.09843750 0.04218750
1 0.34921875 0.78125000 0.10156250 0.04062500
1 0.91093750 0.76093750 0.10000000 0.04062500
1 0.08750000 0.79140625 0.10000000 0.04218750
1 0.98906250 0.58515625 0.02187500 0.04531250
1 0.66640625 0.77187500 0.10781250 0.04375000
1 0.26640625 0.40078125 0.07343750 0.04218750
1 0.15234375 0.40390625 0.10781250 0.04531250
1 0.15000000 0.72187500 0.10000000 0.04062500
1 0.57343750 0.27500000 0.05625000 0.03125000
1 0.21875000 0.78515625 0.10312500 0.04218750
1 0.80078125 0.70312500 0.10156250 0.05000000
1 0.41484375 0.40156250 0.11406250 0.05000000
1 0.99296875 0.75078125 0.01406250 0.03906250
1 0.96875000 0.31718750 0.05000000 0.03437500
1 0.96484375 0.98046875 0.07031250 0.03906250
1 0.97343750 0.36406250 0.04687500 0.07812500
1 0.79375000 0.76250000 0.09062500 0.04062500
1 0.51640625 0.77187500 0.10468750 0.04375000
1 0.29062500 0.27812500 0.09687500 0.04062500
1 0.42812500 0.93359375 0.10625000 0.04843750
1 0.06171875 0.23125000 0.07656250 0.08125000
1 0.68828125 0.88671875 0.10468750 0.05156250
1 0.55000000 0.38984375 0.09687500 0.04218750
1 0.86875000 0.36250000 0.04062500 0.09687500
1 0.18203125 0.90312500 0.10781250 0.04062500
1 0.44687500 0.27031250 0.03750000 0.02187500
