0 0.20078125 0.23046875 0.24843750 0.05781250
0 0.26953125 0.04609375 0.24218750 0.05156250
1 0.87812500 0.12109375 0.09062500 0.04218750
1 0.68750000 0.05625000 0.09687500 0.03750000
1 0.95703125 0.05625000 0.08593750 0.03750000
1 0.98984375 0.18125000 0.02031250 0.03750000
1 0.88203125 0.44843750 0.08906250 0.04687500
1 0.75312500 0.11484375 0.10312500 0.03906250
1 0.39375000 0.22500000 0.08750000 0.03437500
1 0.88515625 0.29843750 0.10156250 0.04062500
1 0.22968750 0.16406250 0.09687500 0.03750000
1 0.97890625 0.29765625 0.04218750 0.03906250
1 0.37890625 0.42265625 0.09218750 0.03593750
1 0.82890625 0.05625000 0.09218750 0.03437500
1 0.55078125 0.29609375 0.09843750 0.03593750
1 0.32031250 0.28671875 0.08437500 0.04531250
1 0.60703125 0.36875000 0.10468750 0.04375000
1 0.34687500 0.10859375 0.08437500 0.04218750
1 0.37187500 0.16718750 0.07500000 0.03437500
1 0.22890625 0.10781250 0.08906250 0.04062500
1 0.97109375 0.00703125 0.05781250 0.01406250
1 0.19843750 0.37656250 0.09062500 0.03750000
1 0.50234375 0.16718750 0.09531250 0.04062500
1 0.61015625 0.00468750 0.09531250 0.00937500
1 0.65781250 0.29375000 0.09375000 0.03750000
1 0.40703125 0.37421875 0.08593750 0.03593750
1 0.19921875 0.28203125 0.09531250 0.04843750
1 0.07343750 0.48750000 0.09375000 0.03750000
1 0.97734375 0.52187500 0.04531250 0.05937500
1 0.85234375 0.17968750 0.09218750 0.04062500
1 0.46562500 0.11015625 0.09375000 0.03906250
1 0.11953125 0.43359375 0.08906250 0.03593750
1 0.43593750 0.28906250 0.09687500 0.03750000
1 0.63906250 0.43203125 0.09375000 0.03593750
1 0.60781250 0.11718750 0.08750000 0.04062500
1 0.77031250 0.29687500 0.08750000 0.03750000
1 0.56171875 0.05859375 0.09218750 0.03906250
1 0.65234375 0.17500000 0.10468750 0.04062500
1 0.37343750 0.49296875 0.09375000 0.03593750
1 0.42890625 0.05703125 0.07656250 0.03593750
