2 0.79921875 0.54843750 0.03906250 0.02187500
2 0.40781250 0.57031250 0.03437500 0.02500000
2 0.93593750 0.51796875 0.02500000 0.02031250
1 0.65078125 0.72578125 0.09531250 0.04531250
1 0.94296875 0.35937500 0.08906250 0.08437500
1 0.45703125 0.96796875 0.10156250 0.04531250
1 0.36953125 0.91328125 0.10156250 0.04218750
1 0.48437500 0.91093750 0.09062500 0.04375000
1 0.01171875 0.97812500 0.02343750 0.04375000
1 0.97265625 0.89140625 0.05468750 0.03906250
1 0.73125000 0.90078125 0.08437500 0.03906250
1 0.84296875 0.95468750 0.09531250 0.04375000
1 0.76093750 0.81015625 0.10312500 0.04531250
1 0.23828125 0.42187500 0.05468750 0.07812500
1 0.09687500 0.91796875 0.10625000 0.03906250
1 0.84375000 0.42421875 0.10625000 0.04843750
1 0.98906250 0.99453125 0.02187500 0.01093750
1 0.97734375 0.71875000 0.04531250 0.04375000
1 0.87187500 0.89375000 0.09687500 0.04062500
1 0.60859375 0.90625000 0.09218750 0.03750000
1 0.15937500 0.97968750 0.10937500 0.04062500
