1 0.48750000 0.99375000 0.07812500 0.01250000
1 0.43437500 0.95468750 0.10000000 0.03750000
1 0.97109375 0.34921875 0.05781250 0.08281250
1 0.78046875 0.94609375 0.09218750 0.03593750
1 0.92265625 0.99218750 0.09531250 0.01562500
1 0.88828125 0.79921875 0.09843750 0.03906250
1 0.04218750 0.89921875 0.08437500 0.03906250
1 0.30781250 0.89765625 0.09375000 0.03593750
1 0.17578125 0.90000000 0.10156250 0.04062500
1 0.43750000 0.88984375 0.10000000 0.03906250
1 0.57656250 0.76640625 0.09687500 0.03906250
1 0.97500000 0.88437500 0.05000000 0.03750000
1 0.28203125 0.99609375 0.08593750 0.00781250
1 0.05703125 0.95703125 0.09531250 0.03593750
1 0.25078125 0.95546875 0.10156250 0.03906250
1 0.88437500 0.41171875 0.10312500 0.04843750
1 0.37656250 0.41328125 0.04375000 0.08281250
1 0.86953125 0.88593750 0.09843750 0.04062500
1 0.60156250 0.89140625 0.10000000 0.03906250
1 0.14843750 0.99609375 0.19375000 0.00781250
1 0.02421875 0.44062500 0.04843750 0.06562500
1 0.73750000 0.88750000 0.10000000 0.04062500
