1 0.43593750 0.70078125 0.08750000 0.05156250
1 0.80078125 0.34765625 0.04531250 0.09531250
1 0.41562500 0.77187500 0.10625000 0.04375000
1 0.90859375 0.14921875 0.05468750 0.05468750
1 0.47578125 0.64843750 0.09843750 0.04062500
1 0.92343750 0.63125000 0.10625000 0.04375000
1 0.32578125 0.64765625 0.09531250 0.04531250
1 0.04609375 0.66406250 0.09218750 0.04375000
1 0.29609375 0.59140625 0.10156250 0.03906250
1 0.04687500 0.72265625 0.09375000 0.03906250
1 0.81484375 0.75312500 0.10468750 0.04062500
1 0.48906250 0.58125000 0.07812500 0.04062500
1 0.03750000 0.39296875 0.07500000 0.08281250
1 0.95078125 0.68359375 0.09843750 0.03906250
1 0.59296875 0.75937500 0.09218750 0.04062500
1 0.10234375 0.78359375 0.10156250 0.04218750
1 0.23046875 0.77578125 0.11406250 0.04843750
1 0.30000000 0.71484375 0.10625000 0.04218750
1 0.14453125 0.39843750 0.10781250 0.04375000
1 0.73281250 0.88750000 0.10312500 0.04375000
1 0.56640625 0.26875000 0.05781250 0.03750000
1 0.67031250 0.57890625 0.09687500 0.04531250
1 0.45546875 0.50703125 0.05156250 0.04218750
1 0.57734375 0.63984375 0.04218750 0.05468750
1 0.85937500 0.35000000 0.04687500 0.09687500
1 0.40703125 0.39453125 0.11406250 0.05156250
1 0.96484375 0.33984375 0.04531250 0.10156250
1 0.56562500 0.70390625 0.10312500 0.04218750
1 0.16406250 0.71562500 0.10000000 0.04062500
1 0.28359375 0.27031250 0.09843750 0.04375000
1 0.05390625 0.22500000 0.08281250 0.08125000
1 0.68671875 0.69609375 0.09843750 0.04218750
1 0.53984375 0.37968750 0.08906250 0.04062500
1 0.44921875 0.98125000 0.10468750 0.03750000
1 0.75156250 0.35000000 0.05312500 0.10000000
1 0.18828125 0.65703125 0.10156250 0.04218750
1 0.20000000 0.89921875 0.10000000 0.04531250
1 0.97343750 0.55937500 0.05312500 0.05312500
1 0.82968750 0.69609375 0.09375000 0.03906250
