1 0.97968750 0.11328125 0.04062500 0.04218750
1 0.82343750 0.05390625 0.07500000 0.03593750
1 0.94453125 0.05468750 0.09218750 0.04062500
1 0.59218750 0.21562500 0.08750000 0.03750000
1 0.60937500 0.28046875 0.09062500 0.03906250
1 0.85000000 0.29062500 0.09687500 0.03750000
1 0.74218750 0.16484375 0.07812500 0.03593750
1 0.95859375 0.29062500 0.08281250 0.03750000
1 0.70234375 0.22031250 0.07968750 0.03437500
1 0.92890625 0.22656250 0.08593750 0.03125000
1 0.22187500 0.95625000 0.10937500 0.08750000
1 0.62500000 0.16093750 0.09375000 0.03750000
1 0.86093750 0.10781250 0.09375000 0.03750000
1 0.71875000 0.22109375 0.11250000 0.03593750
1 0.61953125 0.10625000 0.08593750 0.04375000
1 0.73046875 0.28437500 0.08593750 0.04062500
1 0.81406250 0.22812500 0.07500000 0.03750000
1 0.74140625 0.10546875 0.08281250 0.04531250
1 0.98593750 0.17031250 0.02812500 0.03750000
1 0.89765625 0.16484375 0.09531250 0.03906250
0 0.65781250 0.04453125 0.24375000 0.05468750
