1 0.39296875 0.35781250 0.08906250 0.03750000
1 0.70546875 0.04218750 0.08906250 0.03437500
1 0.02500000 0.23906250 0.05000000 0.04375000
1 0.95625000 0.04531250 0.08750000 0.03750000
1 0.73046875 0.35625000 0.10156250 0.04062500
1 0.44609375 0.17265625 0.08906250 0.03906250
1 0.93203125 0.20312500 0.08906250 0.03750000
1 0.01562500 0.29453125 0.03125000 0.03593750
1 0.23437500 0.24296875 0.09062500 0.03906250
1 0.18203125 0.12500000 0.08593750 0.03125000
1 0.01406250 0.46718750 0.02812500 0.04375000
1 0.43281250 0.84296875 0.05625000 0.08593750
1 0.32187500 0.09765625 0.08750000 0.03593750
1 0.45859375 0.12890625 0.09531250 0.04218750
1 0.07500000 0.35468750 0.09062500 0.04375000
1 0.71875000 0.13671875 0.09375000 0.04218750
1 0.38515625 0.04453125 0.08906250 0.03593750
1 0.80625000 0.40390625 0.08750000 0.03593750
1 0.54375000 0.08046875 0.08750000 0.03593750
1 0.83359375 0.08750000 0.08593750 0.03750000
1 0.71406250 0.19296875 0.10000000 0.04218750
1 0.26406250 0.17578125 0.09062500 0.03906250
1 0.12968750 0.54296875 0.08750000 0.04531250
0 0.85546875 0.48750000 0.23281250 0.05937500
0 0.30078125 0.47187500 0.23906250 0.05937500
0 0.35625000 0.00625000 0.23125000 0.01250000
2 0.17812500 0.98671875 0.03750000 0.02656250
2 0.27890625 0.76250000 0.03281250 0.02500000
2 0.33437500 0.87734375 0.01562500 0.02968750
2 0.77265625 0.61015625 0.02343750 0.02031250
2 0.56562500 0.63281250 0.02187500 0.01562500
2 0.99375000 0.41406250 0.01250000 0.02500000
2 0.88359375 0.92109375 0.02968750 0.02343750
2 0.30390625 0.92968750 0.02343750 0.02500000
2 0.00625000 0.59375000 0.01250000 0.01250000
2 0.26484375 0.75468750 0.02031250 0.03750000
2 0.88359375 0.75000000 0.03593750 0.01875000
2 0.11406250 0.59296875 0.02500000 0.03593750
2 0.01796875 0.58046875 0.02031250 0.03281250
2 0.89062500 0.91796875 0.01875000 0.01718750
2 0.16171875 0.79921875 0.01718750 0.02656250
2 0.26484375 0.74609375 0.02031250 0.02031250
2 0.57031250 0.92343750 0.02187500 0.02187500
2 0.70781250 0.91015625 0.02187500 0.02656250
2 0.15468750 0.79062500 0.02187500 0.02500000
2 0.13359375 0.78359375 0.01718750 0.01406250
2 0.10703125 0.62109375 0.01718750 0.02343750
2 0.23671875 0.67187500 0.02343750 0.02812500
2 0.07343750 0.60156250 0.03437500 0.02187500
2 0.13828125 0.65390625 0.02656250 0.03281250
2 0.83515625 0.66875000 0.02031250 0.01875000
2 0.86718750 0.89062500 0.02187500 0.02187500
2 0.11250000 0.62109375 0.02812500 0.02656250
2 0.05781250 0.81953125 0.03437500 0.03593750
2 0.66328125 0.66562500 0.02968750 0.02187500
2 0.95468750 0.65781250 0.02187500 0.01875000
2 0.83828125 0.89609375 0.02656250 0.02656250
2 0.88984375 0.98046875 0.01093750 0.01406250
2 0.70703125 0.91875000 0.01718750 0.01562500
2 0.08750000 0.80000000 0.02187500 0.02500000
2 0.27578125 0.75625000 0.03906250 0.03750000
2 0.84921875 0.60625000 0.02031250 0.01875000
2 0.56718750 0.92187500 0.01562500 0.01875000
2 0.85703125 0.61406250 0.03906250 0.03437500
2 0.23593750 0.77890625 0.02187500 0.02656250
