1 0.77109375 0.96640625 0.08593750 0.04218750
1 0.00703125 0.42734375 0.01406250 0.08281250
1 0.13203125 0.42890625 0.04218750 0.07343750
1 0.43125000 0.95000000 0.08437500 0.04375000
1 0.79453125 0.90156250 0.09531250 0.04375000
1 0.12343750 0.18203125 0.04375000 0.08593750
1 0.67109375 0.96093750 0.08906250 0.04375000
1 0.04531250 0.64062500 0.08437500 0.03437500
1 0.04140625 0.41015625 0.05781250 0.09531250
1 0.72734375 0.70078125 0.09531250 0.04843750
1 0.67656250 0.89921875 0.09375000 0.03593750
1 0.36953125 0.32734375 0.04843750 0.09531250
1 0.54765625 0.96171875 0.09218750 0.03593750
1 0.02812500 0.21250000 0.04062500 0.07187500
1 0.56250000 0.37812500 0.04062500 0.09062500
