1 0.87656250 0.08437500 0.09687500 0.04062500
1 0.42421875 0.49296875 0.08593750 0.03906250
1 0.65625000 0.14687500 0.08750000 0.03437500
1 0.09218750 0.10546875 0.08437500 0.03593750
1 0.89765625 0.01875000 0.09531250 0.03750000
1 0.85156250 0.48593750 0.09687500 0.04687500
1 0.21093750 0.01718750 0.09375000 0.03437500
1 0.41250000 0.41953125 0.09687500 0.03906250
1 0.04453125 0.42187500 0.08906250 0.03750000
1 0.17968750 0.06406250 0.09062500 0.03750000
1 0.01718750 0.03281250 0.03437500 0.03750000
1 0.17109375 0.56640625 0.08593750 0.04218750
1 0.21171875 0.36250000 0.09531250 0.04062500
1 0.11250000 0.48437500 0.11250000 0.04062500
1 0.35390625 0.09609375 0.09218750 0.03906250
1 0.41796875 0.01875000 0.08906250 0.03750000
1 0.01953125 0.35781250 0.03906250 0.04062500
1 0.72734375 0.20468750 0.09531250 0.04062500
1 0.63593750 0.02890625 0.09062500 0.03281250
1 0.03281250 0.24843750 0.06562500 0.03750000
1 0.03828125 0.30390625 0.07656250 0.05468750
1 0.98125000 0.15078125 0.03750000 0.03906250
1 0.86796875 0.36250000 0.06406250 0.04062500
1 0.60234375 0.35781250 0.08906250 0.03437500
1 0.46484375 0.15390625 0.08906250 0.03906250
1 0.61250000 0.09218750 0.09062500 0.03437500
1 0.68359375 0.42265625 0.08593750 0.03593750
1 0.83125000 0.14687500 0.08437500 0.03437500
1 0.20390625 0.17578125 0.08906250 0.03593750
1 0.99296875 0.21406250 0.01406250 0.04375000
0 0.92656250 0.27265625 0.14687500 0.05156250
2 0.36953125 0.89375000 0.01406250 0.01562500
2 0.19140625 0.80078125 0.02031250 0.02031250
2 0.52109375 0.61796875 0.01718750 0.01093750
2 0.54687500 0.61250000 0.02187500 0.01875000
2 0.39218750 0.92109375 0.01562500 0.02656250
2 0.23125000 0.77265625 0.01875000 0.02031250
2 0.12343750 0.81250000 0.02500000 0.02187500
2 0.29843750 0.75625000 0.04062500 0.03437500
2 0.09375000 0.83125000 0.03750000 0.03750000
2 0.32890625 0.77109375 0.02031250 0.01718750
2 0.87656250 0.94453125 0.02500000 0.03281250
2 0.30859375 0.66171875 0.02031250 0.02343750
2 0.06328125 0.85625000 0.01718750 0.01562500
2 0.17500000 0.66484375 0.02500000 0.01718750
2 0.01328125 0.63515625 0.02656250 0.02343750
2 0.20390625 0.81796875 0.01406250 0.01406250
2 0.33437500 0.77187500 0.02812500 0.01875000
2 0.29453125 0.75312500 0.03281250 0.02812500
2 0.18984375 0.80781250 0.04218750 0.03437500
2 0.19765625 0.80781250 0.02656250 0.03125000
2 0.17421875 0.79609375 0.01406250 0.01093750
2 0.23046875 0.69140625 0.02031250 0.02031250
2 0.16875000 0.67578125 0.01562500 0.01718750
2 0.16875000 0.67890625 0.01562500 0.01406250
2 0.53359375 0.61562500 0.03593750 0.01875000
2 0.24765625 0.69921875 0.01718750 0.01718750
2 0.32031250 0.94531250 0.01250000 0.02187500
2 0.17421875 0.66953125 0.02656250 0.02656250
2 0.17500000 0.79609375 0.01562500 0.01093750
2 0.02812500 0.96484375 0.03125000 0.02968750
2 0.78125000 0.58984375 0.04375000 0.05468750
2 0.89765625 0.98984375 0.02031250 0.02031250
2 0.31328125 0.76015625 0.07031250 0.04218750
2 0.52343750 0.61796875 0.02187500 0.01406250
2 0.10937500 0.61484375 0.02500000 0.01718750
2 0.11484375 0.95156250 0.03281250 0.03125000
2 0.54140625 0.61484375 0.02031250 0.01718750
2 0.23906250 0.69375000 0.03437500 0.02500000
2 0.20156250 0.78984375 0.06562500 0.07031250
