1 0.58437500 0.15703125 0.04062500 0.10156250
1 0.25625000 0.06875000 0.03750000 0.10000000
1 0.75859375 0.61250000 0.04218750 0.09687500
1 0.01875000 0.98437500 0.03750000 0.03125000
1 0.63515625 0.65234375 0.03906250 0.09531250
1 0.09218750 0.93437500 0.10625000 0.04687500
1 0.25781250 0.93359375 0.10625000 0.03906250
1 0.65937500 0.02187500 0.04062500 0.04375000
1 0.20078125 0.32656250 0.10781250 0.09687500
1 0.09062500 0.40000000 0.10312500 0.05000000
1 0.71640625 0.04609375 0.04218750 0.09218750
1 0.64296875 0.40625000 0.04218750 0.10000000
1 0.96328125 0.41406250 0.04531250 0.09062500
1 0.69609375 0.70859375 0.04218750 0.10156250
1 0.58281250 0.50468750 0.04062500 0.09687500
1 0.59531250 0.03203125 0.03750000 0.06406250
1 0.70390625 0.30625000 0.04218750 0.10000000
1 0.76718750 0.18515625 0.04062500 0.10781250
1 0.31250000 0.25312500 0.08750000 0.11250000
1 0.99296875 0.59453125 0.01406250 0.03906250
0 0.16718750 0.98359375 0.25625000 0.03281250
2 0.35625000 0.95625000 0.01562500 0.01250000
2 0.89453125 0.22968750 0.01093750 0.01562500
2 0.39140625 0.63437500 0.01406250 0.01562500
2 0.43125000 0.63203125 0.01562500 0.02343750
2 0.22343750 0.45625000 0.01562500 0.01562500
2 0.39453125 0.64453125 0.02343750 0.03593750
2 0.45000000 0.64296875 0.03437500 0.03593750
2 0.45078125 0.41875000 0.02031250 0.03437500
2 0.15000000 0.44453125 0.04375000 0.05156250
2 0.43437500 0.51718750 0.01562500 0.01562500
2 0.41875000 0.44843750 0.01562500 0.02187500
2 0.44531250 0.33359375 0.01562500 0.02031250
2 0.06171875 0.45781250 0.02031250 0.01250000
2 0.74375000 0.80937500 0.01250000 0.03125000
2 0.99531250 0.72031250 0.00937500 0.05625000
2 0.42421875 0.60390625 0.02343750 0.02343750
2 0.96953125 0.99296875 0.01406250 0.01406250
2 0.48281250 0.68671875 0.01250000 0.02031250
2 0.96875000 0.80468750 0.01562500 0.02187500
2 0.36406250 0.45234375 0.01875000 0.01718750
2 0.39218750 0.63750000 0.01875000 0.02187500
2 0.44218750 0.52578125 0.03125000 0.02968750
2 0.16953125 0.39843750 0.01406250 0.01875000
2 0.37890625 0.56718750 0.03281250 0.03750000
2 0.35156250 0.53125000 0.01875000 0.01875000
2 0.40156250 0.57109375 0.02500000 0.02968750
2 0.00781250 0.37578125 0.01562500 0.02031250
2 0.96796875 0.81093750 0.01718750 0.03437500
2 0.01171875 0.36796875 0.02343750 0.03593750
2 0.99218750 0.92187500 0.01562500 0.01875000
2 0.47500000 0.80703125 0.01562500 0.01718750
2 0.31093750 0.61484375 0.02500000 0.02968750
2 0.39062500 0.51328125 0.02500000 0.01718750
2 0.12734375 0.49609375 0.01093750 0.01093750
2 0.36796875 0.55156250 0.03593750 0.05312500
2 0.17656250 0.40546875 0.02812500 0.03281250
2 0.34296875 0.60000000 0.01406250 0.02812500
2 0.01093750 0.36796875 0.02187500 0.03281250
2 0.98203125 0.04843750 0.01406250 0.01875000
2 0.42500000 0.36718750 0.01562500 0.01562500
2 0.75468750 0.83593750 0.03437500 0.03125000
2 0.39296875 0.52109375 0.02968750 0.03281250
2 0.00703125 0.57890625 0.01406250 0.01718750
2 0.48281250 0.12578125 0.01250000 0.02343750
2 0.18359375 0.45859375 0.01406250 0.01406250
2 0.33203125 0.53984375 0.03593750 0.02656250
2 0.34296875 0.60000000 0.01406250 0.02812500
2 0.36406250 0.54062500 0.02812500 0.03125000
2 0.98906250 0.93359375 0.02187500 0.04218750
2 0.33515625 0.53984375 0.02968750 0.02656250
2 0.36718750 0.45781250 0.02500000 0.02812500
2 0.30781250 0.53750000 0.01875000 0.01875000
2 0.30625000 0.60781250 0.01562500 0.01562500
2 0.41796875 0.23671875 0.01406250 0.02656250
2 0.44765625 0.53046875 0.04218750 0.03906250
2 0.93046875 0.04062500 0.01718750 0.01562500
2 0.74296875 0.83750000 0.01093750 0.02500000
2 0.41953125 0.45312500 0.01718750 0.03125000
2 0.33593750 0.36796875 0.01250000 0.01406250
2 0.38046875 0.92187500 0.01406250 0.01562500
2 0.17343750 0.39921875 0.02187500 0.02031250
2 0.44062500 0.46640625 0.03437500 0.02343750
2 0.47812500 0.81171875 0.02187500 0.02656250
2 0.48203125 0.68359375 0.01406250 0.02656250
2 0.45234375 0.41250000 0.01406250 0.02187500
2 0.47421875 0.80703125 0.01406250 0.01718750
2 0.35625000 0.53984375 0.03437500 0.03281250
2 0.35390625 0.95703125 0.02343750 0.01718750
2 0.49453125 0.68828125 0.04218750 0.03906250
2 0.41718750 0.22734375 0.02187500 0.05156250
