2 0.97265625 0.65546875 0.02343750 0.01718750
2 0.10937500 0.63515625 0.01562500 0.02031250
2 0.80703125 0.93437500 0.01406250 0.02187500
2 0.81093750 0.94765625 0.02812500 0.04843750
2 0.02031250 0.66875000 0.01250000 0.01562500
2 0.03750000 0.68671875 0.02187500 0.01718750
2 0.16562500 0.64453125 0.02500000 0.01718750
2 0.93750000 0.84687500 0.01875000 0.03125000
2 0.16015625 0.79765625 0.02031250 0.02968750
2 0.99296875 0.71250000 0.01406250 0.02187500
2 0.17500000 0.60625000 0.02187500 0.01875000
2 0.13515625 0.78671875 0.01718750 0.01406250
2 0.15000000 0.57968750 0.02500000 0.02500000
2 0.30859375 0.52578125 0.03593750 0.02343750
2 0.11718750 0.63593750 0.03125000 0.02187500
2 0.13828125 0.65937500 0.02968750 0.02500000
2 0.37265625 0.78046875 0.01718750 0.01718750
2 0.26562500 0.70156250 0.02500000 0.02812500
2 0.33281250 0.88281250 0.01562500 0.01562500
2 0.00859375 0.06093750 0.01718750 0.03437500
2 0.78828125 0.95156250 0.02031250 0.03750000
2 0.91953125 0.69375000 0.01718750 0.01250000
1 0.04296875 0.23125000 0.08593750 0.03750000
1 0.14765625 0.01328125 0.09218750 0.02656250
1 0.61562500 0.03125000 0.05625000 0.06250000
1 0.03671875 0.46718750 0.07343750 0.04375000
1 0.11796875 0.07812500 0.08593750 0.04375000
1 0.01015625 0.06171875 0.02031250 0.03593750
1 0.14921875 0.53828125 0.09531250 0.04218750
1 0.07890625 0.28828125 0.08593750 0.03593750
1 0.25859375 0.22656250 0.07968750 0.04062500
1 0.00625000 0.35312500 0.01250000 0.03437500
1 0.22890625 0.13125000 0.08906250 0.03750000
1 0.95625000 0.34609375 0.08750000 0.03906250
1 0.78593750 0.40781250 0.07187500 0.03750000
1 0.32421875 0.75234375 0.02968750 0.03281250
1 0.02421875 0.01171875 0.04843750 0.02343750
1 0.44453125 0.41640625 0.08593750 0.03593750
1 0.45000000 0.84609375 0.05000000 0.07968750
1 0.47343750 0.20312500 0.08437500 0.06562500
1 0.40468750 0.17187500 0.08437500 0.06250000
1 0.60781250 0.35000000 0.10000000 0.03750000
1 0.27187500 0.75312500 0.03750000 0.03437500
