2 0.08203125 0.94531250 0.02343750 0.02812500
2 0.12109375 0.64921875 0.03281250 0.02968750
2 0.97812500 0.65468750 0.01875000 0.01562500
2 0.80781250 0.95000000 0.04687500 0.04687500
2 0.47031250 0.64296875 0.01562500 0.01406250
2 0.19921875 0.77109375 0.02031250 0.02031250
2 0.89375000 0.98125000 0.00937500 0.01562500
2 0.04843750 0.50937500 0.01562500 0.01875000
2 0.79296875 0.62421875 0.01718750 0.02031250
2 0.99531250 0.71875000 0.00937500 0.01250000
2 0.38437500 0.99453125 0.00937500 0.01093750
2 0.13437500 0.79062500 0.01250000 0.00937500
2 0.14062500 0.66015625 0.02187500 0.02031250
2 0.08828125 0.81171875 0.02343750 0.02031250
2 0.15390625 0.79453125 0.01406250 0.01406250
2 0.88281250 0.93437500 0.02187500 0.02812500
2 0.48125000 0.64062500 0.03750000 0.02187500
2 0.85078125 0.92968750 0.02031250 0.01562500
2 0.81484375 0.95078125 0.03593750 0.04843750
2 0.14140625 0.65859375 0.02031250 0.02031250
2 0.08593750 0.59609375 0.02500000 0.02343750
2 0.94062500 0.85000000 0.01562500 0.02812500
2 0.16328125 0.81250000 0.01406250 0.01562500
2 0.89609375 0.92343750 0.01406250 0.01562500
2 0.62109375 0.90859375 0.01718750 0.04531250
2 0.94296875 0.84375000 0.01093750 0.01562500
2 0.79375000 0.94687500 0.01562500 0.02187500
2 0.03593750 0.85078125 0.02187500 0.02031250
2 0.22421875 0.67968750 0.02656250 0.01562500
2 0.15859375 0.80390625 0.02343750 0.03281250
2 0.37578125 0.67500000 0.02656250 0.02187500
2 0.15625000 0.79531250 0.01875000 0.01562500
2 0.22734375 0.98906250 0.12968750 0.02187500
2 0.04765625 0.85078125 0.03281250 0.02031250
2 0.37500000 0.67500000 0.02500000 0.02187500
2 0.13203125 0.67031250 0.01718750 0.01250000
2 0.00703125 0.85625000 0.01406250 0.01562500
2 0.74218750 0.58281250 0.05000000 0.05937500
2 0.12812500 0.65468750 0.04687500 0.04062500
2 0.33359375 0.89140625 0.01093750 0.01406250
2 0.13750000 0.66328125 0.02812500 0.02656250
2 0.02500000 0.85312500 0.02500000 0.01875000
2 0.00859375 0.58437500 0.01718750 0.01875000
2 0.99375000 0.98750000 0.01250000 0.02500000
2 0.82343750 0.96250000 0.01875000 0.02500000
2 0.79843750 0.95156250 0.02500000 0.04062500
2 0.08750000 0.82500000 0.03125000 0.04687500
2 0.80937500 0.93984375 0.01562500 0.02968750
2 0.49140625 0.63671875 0.01718750 0.01406250
2 0.79218750 0.95546875 0.01875000 0.03906250
2 0.05859375 0.82812500 0.03593750 0.04062500
2 0.46875000 0.98046875 0.01250000 0.01406250
2 0.97656250 0.65468750 0.02187500 0.01562500
2 0.34765625 0.65156250 0.02656250 0.02500000
2 0.24843750 0.79843750 0.03125000 0.02812500
2 0.27421875 0.58750000 0.02031250 0.01875000
1 0.04296875 0.36250000 0.08593750 0.05937500
1 0.69218750 0.01796875 0.08750000 0.03593750
1 0.95156250 0.02265625 0.09687500 0.03593750
1 0.77656250 0.35468750 0.09375000 0.03750000
1 0.84218750 0.50156250 0.09062500 0.04375000
1 0.01718750 0.23203125 0.03437500 0.04531250
1 0.04375000 0.47187500 0.08750000 0.04375000
1 0.23359375 0.03828125 0.08593750 0.04843750
1 0.55078125 0.13984375 0.08906250 0.04218750
1 0.21015625 0.12656250 0.07031250 0.03437500
1 0.46093750 0.94062500 0.03750000 0.07500000
1 0.04140625 0.53984375 0.08281250 0.03906250
1 0.49921875 0.07265625 0.08281250 0.03593750
1 0.25703125 0.47656250 0.08906250 0.04062500
1 0.48906250 0.01484375 0.08750000 0.02968750
1 0.10234375 0.16484375 0.09218750 0.03906250
1 0.04687500 0.41328125 0.09375000 0.03906250
1 0.36953125 0.12890625 0.08906250 0.03906250
1 0.85078125 0.19218750 0.08906250 0.03750000
1 0.99453125 0.41562500 0.01093750 0.03125000
1 0.03984375 0.07734375 0.07968750 0.04531250
1 0.73203125 0.08593750 0.08906250 0.03437500
1 0.96875000 0.14531250 0.06250000 0.03437500
1 0.84453125 0.40937500 0.08906250 0.03750000
1 0.54531250 0.47265625 0.09687500 0.03906250
1 0.45390625 0.18671875 0.09218750 0.04218750
1 0.32109375 0.76562500 0.03593750 0.05625000
1 0.90234375 0.08671875 0.07656250 0.03593750
1 0.65937500 0.19140625 0.09062500 0.03593750
1 0.30546875 0.17734375 0.08906250 0.03906250
1 0.27187500 0.75546875 0.04062500 0.03593750
1 0.98359375 0.20781250 0.03281250 0.03750000
