1 0.71171875 0.10234375 0.08906250 0.04531250
1 0.92890625 0.47031250 0.09218750 0.03437500
1 0.01171875 0.25625000 0.02343750 0.03750000
1 0.41328125 0.26718750 0.09531250 0.04062500
1 0.60390625 0.27734375 0.09218750 0.03906250
1 0.48437500 0.03046875 0.09375000 0.04218750
1 0.87031250 0.04296875 0.09062500 0.03593750
1 0.00546875 0.35312500 0.01093750 0.03437500
1 0.79062500 0.49296875 0.06250000 0.03593750
1 0.96328125 0.28515625 0.07343750 0.03593750
1 0.50000000 0.35468750 0.07812500 0.04687500
1 0.52265625 0.40390625 0.09218750 0.04218750
1 0.37031250 0.20312500 0.09062500 0.03750000
1 0.21640625 0.39062500 0.08906250 0.03750000
1 0.55234375 0.21875000 0.09531250 0.03750000
1 0.98671875 0.10390625 0.02656250 0.03281250
1 0.90234375 0.16406250 0.07968750 0.04375000
1 0.22578125 0.26796875 0.09218750 0.04218750
1 0.18437500 0.13359375 0.10000000 0.04531250
1 0.04296875 0.18281250 0.08593750 0.03750000
1 0.93281250 0.10546875 0.01875000 0.03593750
1 0.83437500 0.37578125 0.09687500 0.03906250
1 0.96015625 0.10625000 0.07968750 0.04062500
1 0.06171875 0.02890625 0.09531250 0.03906250
1 0.63359375 0.15703125 0.09218750 0.03593750
1 0.83437500 0.22421875 0.08125000 0.03906250
0 0.45156250 0.08984375 0.24375000 0.05156250
