1 0.71484375 0.30234375 0.07968750 0.03281250
1 0.40390625 0.55390625 0.09843750 0.03906250
1 0.95546875 0.20234375 0.08281250 0.04843750
1 0.08984375 0.36484375 0.08281250 0.04531250
1 0.23203125 0.36796875 0.10156250 0.03906250
1 0.37968750 0.42656250 0.09375000 0.04062500
1 0.79062500 0.47890625 0.08437500 0.03906250
1 0.63828125 0.36796875 0.09531250 0.03593750
1 0.09609375 0.42968750 0.08906250 0.04062500
1 0.05781250 0.30468750 0.09687500 0.03750000
1 0.94296875 0.54531250 0.08281250 0.04062500
1 0.53671875 0.47890625 0.07968750 0.03593750
1 0.11875000 0.55546875 0.10312500 0.03906250
1 0.51562500 0.36875000 0.09375000 0.03750000
1 0.42578125 0.48359375 0.09218750 0.03593750
1 0.22578125 0.42343750 0.09843750 0.04687500
1 0.76406250 0.35859375 0.09687500 0.03906250
1 0.23984375 0.48906250 0.09531250 0.03750000
1 0.19687500 0.24218750 0.08437500 0.04062500
1 0.64453125 0.42031250 0.08906250 0.04062500
1 0.38984375 0.36406250 0.08593750 0.04687500
1 0.91562500 0.29140625 0.09375000 0.04218750
1 0.66953125 0.47968750 0.08906250 0.04375000
1 0.71796875 0.53906250 0.08593750 0.03750000
1 0.30234375 0.29843750 0.07968750 0.03437500
1 0.52109375 0.42343750 0.10468750 0.04062500
1 0.57968750 0.23281250 0.09062500 0.03437500
1 0.57031250 0.02812500 0.09062500 0.03750000
1 0.77656250 0.42109375 0.10000000 0.04218750
2 0.37187500 0.98593750 0.11875000 0.02812500
2 0.82656250 0.86640625 0.02812500 0.04218750
2 0.67109375 0.97968750 0.02656250 0.02812500
2 0.82343750 0.60781250 0.03125000 0.02187500
2 0.99375000 0.62500000 0.01250000 0.01875000
2 0.96796875 0.80703125 0.02031250 0.02968750
2 0.83359375 0.85468750 0.01406250 0.01562500
2 0.98671875 0.67656250 0.02656250 0.01875000
2 0.64609375 0.99609375 0.01718750 0.00781250
2 0.95781250 0.80468750 0.04062500 0.03437500
2 0.46718750 0.86796875 0.02500000 0.02343750
2 0.99375000 0.76718750 0.01250000 0.02187500
2 0.51562500 0.66953125 0.01875000 0.01093750
2 0.88984375 0.94843750 0.02656250 0.02812500
2 0.94453125 0.79375000 0.01406250 0.01250000
2 0.94218750 0.66562500 0.02187500 0.02187500
2 0.01250000 0.79375000 0.01875000 0.01562500
2 0.83046875 0.57812500 0.02031250 0.02187500
2 0.50546875 0.69140625 0.02031250 0.01406250
2 0.97109375 0.80859375 0.01406250 0.02656250
2 0.25156250 0.66328125 0.01875000 0.02656250
2 0.05781250 0.77734375 0.01875000 0.02343750
2 0.90625000 0.60546875 0.01562500 0.01406250
2 0.81171875 0.60937500 0.01406250 0.01562500
2 0.79453125 0.67109375 0.01718750 0.02031250
2 0.73671875 0.60781250 0.02343750 0.02187500
2 0.74218750 0.60234375 0.03437500 0.03281250
2 0.89609375 0.81250000 0.02031250 0.02187500
2 0.11484375 0.96406250 0.03281250 0.03125000
2 0.85390625 0.60625000 0.02343750 0.01562500
2 0.83593750 0.60625000 0.05937500 0.02187500
2 0.51015625 0.68125000 0.02968750 0.03437500
2 0.99375000 0.75468750 0.01250000 0.04375000
