2 0.43984375 0.67578125 0.02343750 0.05156250
2 0.00546875 0.66875000 0.01093750 0.01562500
2 0.97812500 0.97343750 0.02500000 0.03125000
2 0.38281250 0.69296875 0.01875000 0.03906250
2 0.61171875 0.59218750 0.02343750 0.01562500
2 0.59375000 0.69453125 0.01562500 0.01406250
2 0.61796875 0.67343750 0.01406250 0.01875000
1 0.92656250 0.07968750 0.10000000 0.04062500
1 0.92109375 0.03046875 0.09218750 0.03906250
1 0.50781250 0.14843750 0.10625000 0.04375000
1 0.93515625 0.27031250 0.09218750 0.03750000
1 0.40468750 0.41796875 0.08125000 0.03281250
1 0.10625000 0.27421875 0.08437500 0.03906250
1 0.36171875 0.15390625 0.08281250 0.03593750
1 0.43984375 0.02968750 0.08593750 0.03750000
1 0.06796875 0.40546875 0.08906250 0.03906250
1 0.12343750 0.48906250 0.09375000 0.03750000
1 0.22343750 0.08828125 0.09062500 0.03906250
1 0.20859375 0.20937500 0.07968750 0.03437500
1 0.82734375 0.26796875 0.09531250 0.03906250
1 0.26640625 0.27187500 0.11093750 0.03750000
1 0.61484375 0.08437500 0.07968750 0.03750000
1 0.64687500 0.20703125 0.09375000 0.04218750
1 0.36250000 0.08671875 0.08437500 0.03906250
1 0.92656250 0.35859375 0.09375000 0.03593750
1 0.42343750 0.27500000 0.07500000 0.03750000
1 0.20000000 0.15156250 0.09687500 0.03750000
1 0.75312500 0.08750000 0.09062500 0.04062500
1 0.96015625 0.45546875 0.07968750 0.03906250
1 0.74531250 0.40546875 0.10625000 0.03593750
1 0.30078125 0.03125000 0.08593750 0.03750000
1 0.51328125 0.37890625 0.08281250 0.03593750
1 0.74218750 0.02734375 0.06250000 0.03593750
1 0.52421875 0.27187500 0.09218750 0.03750000
1 0.17578125 0.03515625 0.09531250 0.03906250
1 0.58828125 0.45703125 0.09843750 0.03906250
1 0.48828125 0.08437500 0.09218750 0.03750000
1 0.66718750 0.26796875 0.09062500 0.03906250
1 0.61640625 0.02734375 0.09218750 0.03593750
1 0.80000000 0.15156250 0.10000000 0.03750000
1 0.64531250 0.14375000 0.09062500 0.04062500
1 0.24843750 0.40937500 0.07500000 0.03437500
