1 0.86250000 0.02500000 0.11562500 0.05000000
1 0.01640625 0.68359375 0.03281250 0.09218750
1 0.88750000 0.57812500 0.04687500 0.01562500
1 0.44453125 0.04140625 0.10781250 0.04218750
1 0.95625000 0.57578125 0.04375000 0.01406250
1 0.01875000 0.80234375 0.03750000 0.09218750
1 0.08046875 0.94609375 0.03906250 0.08281250
1 0.06875000 0.70859375 0.04062500 0.09843750
1 0.07421875 0.82812500 0.04218750 0.09062500
1 0.21171875 0.16796875 0.10468750 0.07343750
1 0.02812500 0.96250000 0.04062500 0.07500000
1 0.70312500 0.03125000 0.10937500 0.04375000
1 0.41484375 0.10312500 0.10468750 0.04687500
1 0.57109375 0.03281250 0.09843750 0.03750000
1 0.81640625 0.58203125 0.04531250 0.01406250
1 0.74531250 0.09062500 0.10625000 0.04375000
