2 0.88046875 0.27109375 0.03906250 0.02343750
2 0.35312500 0.39375000 0.02187500 0.01562500
2 0.06562500 0.40234375 0.01875000 0.02343750
2 0.31953125 0.52187500 0.01718750 0.03437500
2 0.33046875 0.02734375 0.01406250 0.02031250
2 0.09609375 0.00390625 0.01718750 0.00781250
2 0.83046875 0.26171875 0.01406250 0.01406250
2 0.43437500 0.56640625 0.03125000 0.03281250
2 0.88359375 0.35703125 0.01718750 0.02968750
2 0.31875000 0.34062500 0.01562500 0.02500000
2 0.82031250 0.87812500 0.01562500 0.02187500
2 0.83281250 0.30234375 0.02187500 0.02031250
2 0.22890625 0.36328125 0.02031250 0.02656250
2 0.06015625 0.40781250 0.02968750 0.03437500
2 0.88906250 0.26796875 0.02187500 0.01718750
2 0.33671875 0.37421875 0.02031250 0.02968750
2 0.08125000 0.22421875 0.01250000 0.01718750
2 0.47343750 0.33750000 0.01562500 0.02812500
2 0.80703125 0.28046875 0.01718750 0.01406250
2 0.46640625 0.82421875 0.02343750 0.02656250
2 0.98984375 0.43515625 0.02031250 0.01718750
2 0.25625000 0.11250000 0.01250000 0.02500000
2 0.30625000 0.00703125 0.01250000 0.01406250
1 0.72421875 0.27578125 0.09843750 0.04218750
1 0.58281250 0.40156250 0.10937500 0.04375000
1 0.98906250 0.27890625 0.02187500 0.03281250
1 0.77812500 0.78281250 0.10312500 0.04062500
1 0.86406250 0.96484375 0.10312500 0.04218750
1 0.36015625 0.67109375 0.09531250 0.04531250
1 0.11093750 0.74375000 0.09687500 0.03750000
1 0.13203125 0.26015625 0.03906250 0.09843750
1 0.94687500 0.77187500 0.10000000 0.04687500
1 0.37343750 0.73125000 0.10000000 0.03750000
1 0.64687500 0.78515625 0.10312500 0.04218750
1 0.07343750 0.90234375 0.10000000 0.04218750
1 0.32109375 0.21171875 0.04218750 0.09531250
1 0.45781250 0.37968750 0.11250000 0.05625000
1 0.90703125 0.86406250 0.10781250 0.04062500
1 0.21250000 0.15390625 0.04375000 0.10156250
1 0.08046875 0.68046875 0.10781250 0.04218750
1 0.84921875 0.40234375 0.11718750 0.04843750
1 0.89687500 0.51406250 0.04687500 0.03437500
1 0.96875000 0.39140625 0.06250000 0.03906250
1 0.61718750 0.72578125 0.10312500 0.03906250
1 0.44218750 0.60390625 0.10312500 0.04218750
1 0.42656250 0.90468750 0.10312500 0.04062500
1 0.51328125 0.78984375 0.10156250 0.04218750
1 0.57500000 0.97031250 0.10000000 0.04062500
1 0.49453125 0.22812500 0.07968750 0.08125000
1 0.16406250 0.97578125 0.10000000 0.04218750
1 0.64375000 0.66328125 0.10625000 0.04218750
1 0.86484375 0.60390625 0.08281250 0.04218750
