1 0.40703125 0.40234375 0.11406250 0.04843750
1 0.72578125 0.70078125 0.10468750 0.05781250
1 0.92656250 0.91718750 0.10312500 0.04375000
1 0.79687500 0.34531250 0.04375000 0.06562500
1 0.01718750 0.61250000 0.03437500 0.03750000
1 0.28515625 0.28125000 0.09531250 0.04062500
1 0.32265625 0.65859375 0.08593750 0.04218750
1 0.03593750 0.38984375 0.07187500 0.05468750
1 0.93203125 0.64062500 0.10781250 0.05000000
1 0.38515625 0.75781250 0.11406250 0.08125000
1 0.55781250 0.71015625 0.11562500 0.04843750
1 0.04765625 0.73046875 0.09531250 0.04218750
1 0.26406250 0.41406250 0.08125000 0.05937500
1 0.14453125 0.40781250 0.10468750 0.04375000
1 0.18984375 0.66562500 0.10156250 0.04062500
1 0.35312500 0.60234375 0.09375000 0.04218750
1 0.79687500 0.36015625 0.04375000 0.09531250
1 0.56640625 0.28125000 0.05781250 0.03750000
1 0.16484375 0.72421875 0.10156250 0.04218750
1 0.04609375 0.67109375 0.09218750 0.04531250
1 0.74765625 0.36093750 0.05468750 0.09687500
1 0.90546875 0.16562500 0.05156250 0.05312500
1 0.58125000 0.65078125 0.05000000 0.05156250
1 0.96093750 0.36406250 0.05000000 0.07500000
1 0.30000000 0.72265625 0.10625000 0.04218750
1 0.05625000 0.23593750 0.08125000 0.08125000
1 0.47500000 0.65703125 0.10000000 0.03906250
1 0.53750000 0.39062500 0.09062500 0.04062500
1 0.10234375 0.79218750 0.10156250 0.04375000
1 0.85781250 0.36171875 0.04375000 0.09218750
