1 0.00937500 0.16953125 0.01875000 0.10156250
1 0.01875000 0.85859375 0.03750000 0.10156250
1 0.75703125 0.07968750 0.11406250 0.07812500
1 0.06484375 0.13203125 0.03593750 0.06093750
1 0.01640625 0.59921875 0.03281250 0.09843750
1 0.44140625 0.04296875 0.10781250 0.04218750
1 0.93359375 0.02578125 0.11718750 0.04531250
1 0.50234375 0.10312500 0.09843750 0.04375000
1 0.56406250 0.03515625 0.10000000 0.04218750
1 0.70000000 0.03515625 0.10625000 0.04218750
1 0.06406250 0.41250000 0.04375000 0.09687500
