2 0.33906250 0.55156250 0.01875000 0.01875000
2 0.38828125 0.45312500 0.06718750 0.05937500
2 0.39531250 0.37968750 0.03437500 0.04375000
2 0.34843750 0.43593750 0.02500000 0.02500000
2 0.39062500 0.23046875 0.02187500 0.02968750
2 0.92812500 0.06171875 0.01562500 0.02031250
2 0.38046875 0.38359375 0.02343750 0.03593750
2 0.24218750 0.29375000 0.00937500 0.01250000
2 0.40312500 0.37968750 0.01875000 0.03437500
2 0.33203125 0.46640625 0.01718750 0.03281250
2 0.71953125 0.85312500 0.03906250 0.03437500
2 0.84609375 0.24296875 0.01093750 0.01406250
2 0.31093750 0.50781250 0.04687500 0.04375000
2 0.09062500 0.52968750 0.00937500 0.00937500
2 0.28515625 0.39609375 0.02031250 0.01718750
2 0.15468750 0.29609375 0.01250000 0.05156250
2 0.99375000 0.45781250 0.01250000 0.01875000
2 0.28203125 0.59453125 0.01406250 0.01718750
2 0.33671875 0.55703125 0.02656250 0.02968750
2 0.30781250 0.51093750 0.01875000 0.02500000
2 0.26328125 0.61171875 0.02343750 0.02656250
2 0.30234375 0.40390625 0.02031250 0.01718750
2 0.36640625 0.34843750 0.02656250 0.03125000
2 0.28750000 0.59375000 0.02500000 0.01562500
2 0.31406250 0.51328125 0.03125000 0.02656250
2 0.99375000 0.37031250 0.01250000 0.03125000
2 0.36875000 0.38281250 0.02500000 0.04062500
2 0.43125000 0.15000000 0.01562500 0.02500000
2 0.28437500 0.56015625 0.01875000 0.02656250
2 0.39921875 0.44687500 0.04531250 0.04687500
2 0.29375000 0.40000000 0.03437500 0.02500000
2 0.14375000 0.47187500 0.02812500 0.04062500
2 0.10937500 0.48359375 0.03437500 0.03281250
2 0.26250000 0.60703125 0.02187500 0.01718750
2 0.33671875 0.53125000 0.02968750 0.03750000
2 0.34296875 0.45312500 0.03906250 0.05937500
2 0.37343750 0.20156250 0.02187500 0.02500000
2 0.37265625 0.47031250 0.02031250 0.02500000
2 0.64296875 0.88828125 0.02656250 0.02031250
2 0.51875000 0.54062500 0.01562500 0.02187500
2 0.37968750 0.34531250 0.01875000 0.04062500
2 0.41093750 0.44296875 0.02187500 0.03906250
2 0.29765625 0.49843750 0.02343750 0.02812500
2 0.38593750 0.18828125 0.01875000 0.03281250
2 0.34296875 0.32968750 0.01718750 0.04062500
2 0.27656250 0.60546875 0.05000000 0.03906250
2 0.35781250 0.11015625 0.01875000 0.02968750
1 0.37656250 0.44765625 0.09687500 0.07031250
1 0.66093750 0.01406250 0.03750000 0.02812500
1 0.72812500 0.98437500 0.06875000 0.03125000
1 0.19921875 0.01015625 0.04531250 0.02031250
1 0.71953125 0.17968750 0.03906250 0.09687500
1 0.60234375 0.11640625 0.03593750 0.09531250
1 0.53984375 0.02578125 0.03593750 0.05156250
1 0.07109375 0.96250000 0.10156250 0.04062500
1 0.53984375 0.26093750 0.03906250 0.09687500
1 0.36171875 0.27734375 0.04531250 0.05781250
1 0.60156250 0.01250000 0.04375000 0.02500000
1 0.16718750 0.89843750 0.09062500 0.04062500
1 0.53906250 0.13359375 0.04375000 0.10468750
1 0.18359375 0.24062500 0.03906250 0.05937500
1 0.15078125 0.36406250 0.08906250 0.08125000
1 0.20703125 0.10000000 0.04218750 0.09687500
1 0.17968750 0.21796875 0.04375000 0.10156250
1 0.05000000 0.43203125 0.10000000 0.04843750
1 0.71562500 0.05156250 0.04062500 0.10000000
1 0.97734375 0.17031250 0.04218750 0.10312500
1 0.59843750 0.26484375 0.04062500 0.10156250
1 0.66093750 0.23437500 0.04062500 0.10312500
1 0.66015625 0.09296875 0.03593750 0.08906250
1 0.18906250 0.95781250 0.10000000 0.04062500
