1 0.05312500 0.98671875 0.03750000 0.02656250
1 0.67500000 0.06640625 0.09062500 0.04531250
1 0.10546875 0.30468750 0.09531250 0.03750000
1 0.95625000 0.06640625 0.08750000 0.03906250
1 0.51484375 0.22578125 0.09531250 0.03593750
1 0.01015625 0.85781250 0.02031250 0.09687500
1 0.97968750 0.31250000 0.04062500 0.04062500
1 0.40078125 0.05703125 0.09218750 0.03593750
1 0.48671875 0.00859375 0.10468750 0.01718750
1 0.12343750 0.66093750 0.04687500 0.09687500
1 0.78828125 0.13125000 0.09843750 0.03750000
1 0.05859375 0.76484375 0.03906250 0.09843750
1 0.97968750 0.67578125 0.04062500 0.03906250
1 0.18203125 0.24218750 0.10468750 0.04375000
1 0.00937500 0.71328125 0.01875000 0.08593750
1 0.01093750 0.97031250 0.02187500 0.05937500
1 0.98593750 0.13125000 0.02812500 0.03750000
1 0.63437500 0.31484375 0.10625000 0.04218750
1 0.14921875 0.00937500 0.10156250 0.01875000
1 0.52109375 0.12578125 0.09843750 0.03906250
1 0.66328125 0.12421875 0.10156250 0.03906250
1 0.68359375 0.01093750 0.10468750 0.02187500
1 0.05703125 0.89531250 0.03906250 0.10000000
2 0.35625000 0.49765625 0.02187500 0.02031250
2 0.20468750 0.68203125 0.01250000 0.03593750
2 0.28750000 0.40625000 0.02500000 0.01562500
