2 0.37109375 0.88984375 0.01718750 0.01718750
2 0.33515625 0.87109375 0.02031250 0.02968750
2 0.15937500 0.65000000 0.02812500 0.02500000
2 0.27109375 0.74453125 0.03593750 0.03593750
2 0.74453125 0.61718750 0.01718750 0.01562500
2 0.86250000 0.95468750 0.01562500 0.02812500
2 0.75625000 0.60546875 0.01250000 0.01718750
2 0.10156250 0.57734375 0.02500000 0.02031250
2 0.06796875 0.59609375 0.02343750 0.02343750
2 0.98984375 0.01171875 0.02031250 0.02343750
2 0.11718750 0.55625000 0.02812500 0.02187500
2 0.86328125 0.88906250 0.02343750 0.02500000
2 0.70546875 0.90703125 0.02031250 0.02343750
2 0.07500000 0.59765625 0.03125000 0.02343750
2 0.13828125 0.65078125 0.02656250 0.02343750
2 0.26484375 0.74140625 0.02343750 0.02968750
2 0.26796875 0.64296875 0.01718750 0.02343750
2 0.13437500 0.55156250 0.04062500 0.02812500
2 0.07421875 0.59531250 0.02968750 0.02187500
2 0.92265625 0.81328125 0.02031250 0.02343750
2 0.16484375 0.79609375 0.01406250 0.01718750
2 0.87500000 0.76875000 0.01875000 0.02187500
2 0.39296875 0.88671875 0.01718750 0.03281250
2 0.66328125 0.90000000 0.11093750 0.03750000
2 0.15000000 0.78828125 0.04375000 0.03281250
2 0.21796875 0.60546875 0.01718750 0.02031250
2 0.13593750 0.77812500 0.01562500 0.01250000
2 0.23750000 0.66250000 0.02187500 0.02812500
2 0.02890625 0.83359375 0.01406250 0.01406250
2 0.11953125 0.62109375 0.03593750 0.02656250
2 0.22343750 0.60546875 0.02187500 0.02031250
2 0.83671875 0.61796875 0.02031250 0.01718750
2 0.07968750 0.59765625 0.02812500 0.02031250
2 0.14140625 0.65000000 0.02968750 0.02500000
2 0.75000000 0.61015625 0.02500000 0.02656250
2 0.22343750 0.60468750 0.02500000 0.02500000
2 0.86796875 0.90625000 0.02343750 0.05312500
2 0.19609375 0.58515625 0.02031250 0.02343750
2 0.12968750 0.62343750 0.01562500 0.02187500
2 0.11484375 0.61718750 0.02656250 0.01875000
2 0.33203125 0.87421875 0.01406250 0.02343750
2 0.01796875 0.84375000 0.03593750 0.03750000
2 0.34609375 0.64453125 0.02968750 0.02968750
2 0.87187500 0.92031250 0.02500000 0.05312500
2 0.78437500 0.89843750 0.02187500 0.03125000
2 0.08984375 0.79531250 0.02031250 0.01875000
2 0.24218750 0.63828125 0.02812500 0.02656250
2 0.81562500 0.78125000 0.02500000 0.01562500
2 0.14218750 0.55078125 0.02812500 0.02656250
2 0.27890625 0.74687500 0.02343750 0.03125000
2 0.11171875 0.56171875 0.02031250 0.02343750
2 0.27812500 0.64687500 0.03437500 0.03125000
2 0.15703125 0.78046875 0.02031250 0.01718750
2 0.73828125 0.58437500 0.05468750 0.06250000
2 0.78125000 0.59218750 0.01562500 0.02812500
2 0.39453125 0.88046875 0.01406250 0.01718750
2 0.10781250 0.61875000 0.01562500 0.01562500
2 0.72656250 0.05625000 0.01875000 0.01250000
2 0.83906250 0.61718750 0.01562500 0.01562500
2 0.16015625 0.78828125 0.02343750 0.03281250
2 0.14687500 0.55000000 0.01875000 0.02500000
2 0.83281250 0.88593750 0.02500000 0.03125000
1 0.42890625 0.21796875 0.08593750 0.05781250
1 0.00625000 0.34531250 0.01250000 0.03437500
1 0.01796875 0.40703125 0.03593750 0.03593750
1 0.80546875 0.34843750 0.08281250 0.07187500
1 0.01562500 0.46718750 0.03125000 0.03750000
1 0.18046875 0.21171875 0.08281250 0.04843750
1 0.01093750 0.22812500 0.02187500 0.03437500
1 0.05468750 0.52031250 0.09062500 0.03750000
1 0.05703125 0.29140625 0.08593750 0.03281250
1 0.53203125 0.01796875 0.07968750 0.03593750
1 0.63593750 0.04296875 0.06562500 0.08593750
1 0.29609375 0.58906250 0.08281250 0.06875000
1 0.41718750 0.14687500 0.08437500 0.06875000
1 0.51875000 0.01640625 0.05312500 0.03281250
1 0.20625000 0.28359375 0.08437500 0.03906250
