1 0.85000000 0.40703125 0.11562500 0.04843750
1 0.63281250 0.60703125 0.10312500 0.04531250
1 0.94843750 0.77890625 0.10312500 0.04218750
1 0.70468750 0.41406250 0.08437500 0.05312500
1 0.03515625 0.52734375 0.04218750 0.09843750
1 0.30937500 0.60781250 0.10000000 0.05000000
1 0.58515625 0.40625000 0.10468750 0.04375000
1 0.87109375 0.71328125 0.09531250 0.04218750
1 0.02421875 0.85390625 0.03906250 0.09843750
1 0.97500000 0.71796875 0.05000000 0.03906250
1 0.57500000 0.72343750 0.10000000 0.04062500
1 0.86875000 0.65703125 0.03750000 0.05781250
1 0.51640625 0.79218750 0.09843750 0.04062500
1 0.64921875 0.78906250 0.10156250 0.04062500
1 0.32578125 0.21796875 0.04218750 0.09218750
1 0.46093750 0.38750000 0.10625000 0.05312500
1 0.49765625 0.23359375 0.07968750 0.08281250
1 0.78750000 0.78593750 0.10000000 0.04062500
1 0.45312500 0.43359375 0.10625000 0.03593750
1 0.75781250 0.66093750 0.06562500 0.04062500
1 0.21640625 0.16015625 0.04218750 0.10468750
1 0.10312500 0.32187500 0.04062500 0.10625000
1 0.09296875 0.57578125 0.03593750 0.09531250
1 0.96953125 0.39609375 0.06093750 0.03593750
1 0.70859375 0.72890625 0.10468750 0.03906250
1 0.43984375 0.61093750 0.09531250 0.03750000
1 0.44375000 0.73359375 0.09375000 0.03906250
1 0.03281250 0.11953125 0.03750000 0.09843750
1 0.72656250 0.28046875 0.09687500 0.03906250
1 0.20078125 0.52265625 0.08281250 0.08906250
1 0.09843750 0.85859375 0.04062500 0.10156250
0 0.55937500 0.66718750 0.26250000 0.06250000
2 0.89218750 0.27421875 0.01875000 0.02031250
2 0.42500000 0.52890625 0.02812500 0.02343750
2 0.40859375 0.54687500 0.03593750 0.01562500
2 0.51718750 0.18125000 0.01562500 0.01875000
2 0.67656250 0.42265625 0.02812500 0.02968750
2 0.88281250 0.60546875 0.04062500 0.07343750
2 0.38125000 0.50546875 0.02187500 0.02031250
2 0.48828125 0.83046875 0.02968750 0.01406250
2 0.24921875 0.44218750 0.02656250 0.03125000
2 0.28125000 0.46015625 0.01875000 0.01718750
2 0.39375000 0.49687500 0.01562500 0.01875000
2 0.38671875 0.50078125 0.02656250 0.02656250
2 0.90859375 0.51875000 0.02656250 0.02812500
2 0.35468750 0.56093750 0.05000000 0.03125000
2 0.88359375 0.51640625 0.01718750 0.02031250
2 0.42890625 0.52890625 0.02031250 0.02031250
2 0.29218750 0.46406250 0.01562500 0.02187500
2 0.50703125 0.57656250 0.01406250 0.01250000
2 0.32343750 0.35546875 0.02187500 0.01718750
2 0.33984375 0.55859375 0.02031250 0.02031250
2 0.41875000 0.50859375 0.01875000 0.01718750
2 0.99062500 0.27968750 0.01875000 0.01875000
2 0.28125000 0.37890625 0.01250000 0.01406250
2 0.28593750 0.46484375 0.02812500 0.02656250
2 0.39453125 0.43750000 0.01718750 0.02187500
2 0.23281250 0.45156250 0.02500000 0.02500000
2 0.58359375 0.15625000 0.12343750 0.07500000
2 0.82109375 0.40625000 0.02343750 0.04062500
2 0.35546875 0.28281250 0.01718750 0.03125000
2 0.65703125 0.28125000 0.01718750 0.01875000
2 0.37031250 0.55625000 0.01875000 0.01875000
2 0.25703125 0.43359375 0.01718750 0.02031250
2 0.24296875 0.44375000 0.04218750 0.03750000
2 0.88359375 0.27578125 0.03593750 0.02343750
2 0.08281250 0.23125000 0.01250000 0.01250000
2 0.83125000 0.26953125 0.01250000 0.01718750
2 0.45156250 0.50937500 0.02500000 0.01875000
2 0.33281250 0.03281250 0.01250000 0.01562500
2 0.48437500 0.50625000 0.02500000 0.01562500
2 0.35625000 0.27890625 0.01562500 0.02031250
2 0.85468750 0.44062500 0.01562500 0.01562500
2 0.87656250 0.27890625 0.02500000 0.01718750
2 0.32578125 0.04921875 0.02968750 0.04843750
2 0.36484375 0.56171875 0.02968750 0.02968750
2 0.42421875 0.52031250 0.03281250 0.03750000
2 0.73125000 0.44453125 0.01562500 0.01718750
2 0.81093750 0.28359375 0.01562500 0.01718750
2 0.34218750 0.56015625 0.02812500 0.02343750
2 0.37890625 0.54531250 0.02656250 0.02187500
2 0.38046875 0.03515625 0.01093750 0.01718750
