1 0.68046875 0.20312500 0.09218750 0.03437500
1 0.11953125 0.31953125 0.08906250 0.03593750
1 0.88984375 0.11406250 0.08906250 0.05000000
1 0.17031250 0.37343750 0.08750000 0.04062500
1 0.79765625 0.38984375 0.08593750 0.03593750
1 0.43593750 0.25546875 0.08437500 0.03906250
1 0.03906250 0.37031250 0.07812500 0.03750000
1 0.31796875 0.25781250 0.08906250 0.03437500
1 0.01250000 0.31406250 0.02500000 0.04062500
1 0.54375000 0.37968750 0.06562500 0.04687500
1 0.35234375 0.43515625 0.09218750 0.04218750
1 0.42812500 0.37968750 0.08125000 0.03750000
1 0.24687500 0.32031250 0.09687500 0.04687500
1 0.73125000 0.97421875 0.09062500 0.02343750
1 0.76796875 0.27109375 0.09531250 0.03906250
1 0.68750000 0.03750000 0.08437500 0.04375000
1 0.30625000 0.37421875 0.06250000 0.04218750
1 0.67421875 0.26484375 0.08281250 0.03906250
1 0.77031250 0.44531250 0.08750000 0.03750000
1 0.51328125 0.32187500 0.09218750 0.03750000
1 0.45000000 0.49921875 0.10000000 0.04218750
1 0.47734375 0.44140625 0.09531250 0.03906250
1 0.66015625 0.43828125 0.09843750 0.04218750
1 0.55312500 0.26718750 0.09062500 0.03437500
1 0.66328125 0.38750000 0.08906250 0.03750000
1 0.78906250 0.20546875 0.11562500 0.03906250
1 0.65156250 0.32109375 0.09062500 0.03593750
1 0.38125000 0.32187500 0.09375000 0.03437500
1 0.55000000 0.20468750 0.10937500 0.03750000
1 0.76562500 0.32968750 0.08437500 0.03750000
