2 0.01015625 0.93671875 0.01406250 0.02343750
2 0.17578125 0.65625000 0.02656250 0.01562500
2 0.05000000 0.92812500 0.01562500 0.02812500
2 0.20234375 0.71250000 0.02343750 0.02500000
2 0.55000000 0.56875000 0.02187500 0.01562500
2 0.38593750 0.68203125 0.02500000 0.02343750
2 0.09531250 0.98125000 0.00937500 0.01562500
2 0.16250000 0.60625000 0.02500000 0.01562500
2 0.85468750 0.58125000 0.03125000 0.01875000
2 0.14062500 0.85078125 0.01562500 0.02968750
1 0.67656250 0.15781250 0.09687500 0.04062500
1 0.94375000 0.02734375 0.09062500 0.04218750
1 0.87968750 0.46718750 0.10000000 0.03750000
1 0.31562500 0.35546875 0.09375000 0.03906250
1 0.17734375 0.02031250 0.09218750 0.04062500
1 0.59765625 0.26875000 0.08906250 0.03750000
1 0.41484375 0.03281250 0.07968750 0.03750000
1 0.77187500 0.02890625 0.09062500 0.03906250
1 0.03125000 0.14062500 0.06250000 0.03437500
1 0.95468750 0.35156250 0.09062500 0.03750000
1 0.34531250 0.51250000 0.08750000 0.04687500
1 0.48906250 0.41250000 0.09062500 0.03437500
1 0.54531250 0.47734375 0.10312500 0.03593750
1 0.06875000 0.47343750 0.09687500 0.04062500
1 0.16015625 0.08203125 0.09218750 0.03593750
1 0.30937500 0.40859375 0.09062500 0.03593750
1 0.37421875 0.21328125 0.09531250 0.04843750
1 0.86171875 0.27343750 0.08593750 0.03750000
1 0.20625000 0.14609375 0.08750000 0.03593750
1 0.04921875 0.20390625 0.08906250 0.03593750
1 0.60625000 0.35000000 0.10000000 0.03750000
1 0.01875000 0.95390625 0.03750000 0.05468750
1 0.42890625 0.09218750 0.08593750 0.04062500
1 0.96953125 0.26875000 0.06093750 0.03750000
1 0.73437500 0.42343750 0.09062500 0.04062500
1 0.59296875 0.09531250 0.08906250 0.04062500
1 0.60078125 0.03281250 0.09218750 0.03750000
1 0.78281250 0.09140625 0.08437500 0.04218750
1 0.74140625 0.27031250 0.09531250 0.03750000
