1 0.86562500 0.08671875 0.08437500 0.03593750
1 0.02421875 0.20078125 0.04843750 0.04218750
1 0.68671875 0.02187500 0.08906250 0.04375000
1 0.47734375 0.13203125 0.09218750 0.03906250
1 0.96406250 0.02109375 0.07187500 0.03593750
1 0.01015625 0.26718750 0.02031250 0.03437500
1 0.90234375 0.27500000 0.09218750 0.04062500
1 0.38828125 0.06406250 0.09218750 0.03750000
1 0.14843750 0.05937500 0.08750000 0.04375000
1 0.71328125 0.44296875 0.09218750 0.03593750
1 0.52109375 0.33750000 0.09218750 0.03750000
1 0.27343750 0.41015625 0.09687500 0.04531250
1 0.05078125 0.43671875 0.08906250 0.03593750
1 0.31015625 0.13125000 0.07968750 0.03750000
1 0.10468750 0.11796875 0.09062500 0.03593750
1 0.34140625 0.32890625 0.09218750 0.03593750
1 0.42187500 0.00703125 0.09375000 0.01406250
1 0.62968750 0.26328125 0.09062500 0.04218750
1 0.09296875 0.32578125 0.07968750 0.03281250
1 0.97265625 0.46015625 0.05468750 0.03906250
1 0.37734375 0.65234375 0.07656250 0.07968750
1 0.47187500 0.38906250 0.09375000 0.03750000
1 0.62734375 0.06953125 0.09218750 0.03593750
1 0.09062500 0.50234375 0.08750000 0.03906250
1 0.67578125 0.13906250 0.09531250 0.04375000
1 0.90625000 0.17500000 0.08750000 0.04375000
1 0.22031250 0.16328125 0.08750000 0.03906250
1 0.26250000 0.72734375 0.03750000 0.03281250
1 0.98281250 0.27890625 0.03437500 0.03906250
1 0.75937500 0.27500000 0.09062500 0.04375000
2 0.16406250 0.96015625 0.03125000 0.03281250
2 0.17578125 0.60000000 0.01718750 0.01875000
2 0.60546875 0.56171875 0.01406250 0.02343750
2 0.57187500 0.59687500 0.04687500 0.02187500
2 0.09687500 0.56250000 0.01875000 0.02500000
2 0.26796875 0.56093750 0.01718750 0.02187500
2 0.37890625 0.33984375 0.01718750 0.01406250
2 0.91953125 0.94921875 0.01718750 0.02031250
2 0.72734375 0.56718750 0.04531250 0.05312500
2 0.59687500 0.90859375 0.02187500 0.01406250
2 0.13750000 0.51796875 0.01562500 0.01718750
2 0.20078125 0.98984375 0.02968750 0.02031250
2 0.19687500 0.61406250 0.01250000 0.02500000
2 0.11953125 0.63593750 0.01406250 0.01562500
2 0.20312500 0.61484375 0.02187500 0.02656250
2 0.11875000 0.61328125 0.01875000 0.02343750
2 0.17265625 0.59765625 0.02031250 0.02343750
2 0.55703125 0.60000000 0.01718750 0.01562500
2 0.17812500 0.60000000 0.01250000 0.01875000
2 0.13125000 0.59453125 0.01250000 0.02031250
2 0.06875000 0.54453125 0.01562500 0.01406250
2 0.14609375 0.76875000 0.02031250 0.03125000
2 0.88593750 0.88203125 0.01562500 0.02343750
2 0.29453125 0.69687500 0.02656250 0.02187500
2 0.11250000 0.65781250 0.01562500 0.01875000
2 0.18515625 0.55000000 0.01718750 0.02500000
2 0.22500000 0.57109375 0.01875000 0.02968750
2 0.20468750 0.61640625 0.01875000 0.02343750
2 0.09921875 0.56093750 0.02031250 0.02500000
2 0.20625000 0.61718750 0.01562500 0.02187500
2 0.17187500 0.59531250 0.02187500 0.02812500
2 0.75000000 0.93750000 0.01875000 0.02812500
2 0.00937500 0.65312500 0.01250000 0.01562500
2 0.57890625 0.59375000 0.02968750 0.01562500
2 0.22109375 0.57265625 0.01406250 0.02656250
2 0.12031250 0.61718750 0.02187500 0.02812500
2 0.16718750 0.59453125 0.01250000 0.02343750
2 0.12265625 0.75703125 0.02031250 0.01406250
2 0.30468750 0.67109375 0.02812500 0.02343750
2 0.07890625 0.77734375 0.03593750 0.02968750
2 0.89375000 0.61250000 0.01562500 0.02187500
2 0.66953125 0.86328125 0.01718750 0.01093750
2 0.58125000 0.62890625 0.01562500 0.01406250
2 0.91796875 0.95234375 0.01406250 0.01406250
2 0.59687500 0.89765625 0.03125000 0.03593750
2 0.14453125 0.75859375 0.01406250 0.01718750
2 0.99296875 0.75468750 0.01406250 0.01562500
2 0.12031250 0.62343750 0.02187500 0.04062500
2 0.68984375 0.89218750 0.01406250 0.02187500
