1 0.87500000 0.07343750 0.09687500 0.03750000
1 0.72578125 0.01875000 0.09531250 0.03750000
1 0.73515625 0.25625000 0.09218750 0.03750000
1 0.02343750 0.20703125 0.04687500 0.03906250
1 0.38281250 0.20078125 0.09062500 0.03593750
1 0.47890625 0.26484375 0.08906250 0.03906250
1 0.57812500 0.14062500 0.10000000 0.03750000
1 0.12031250 0.09218750 0.08125000 0.03750000
1 0.96250000 0.25625000 0.07500000 0.03750000
1 0.34531250 0.26562500 0.08750000 0.04062500
1 0.23750000 0.26562500 0.08750000 0.04062500
1 0.25234375 0.14687500 0.08593750 0.03750000
1 0.21718750 0.20546875 0.09062500 0.03593750
1 0.98125000 0.39296875 0.03750000 0.04843750
1 0.92343750 0.13281250 0.09062500 0.03750000
1 0.71250000 0.07421875 0.09687500 0.03593750
1 0.63203125 0.19609375 0.09531250 0.03593750
1 0.39921875 0.14140625 0.09531250 0.03593750
1 0.97187500 0.06953125 0.05625000 0.04218750
1 0.86328125 0.25468750 0.09531250 0.04062500
1 0.61328125 0.26093750 0.09531250 0.03750000
1 0.31640625 0.08593750 0.09843750 0.03750000
1 0.57265625 0.07968750 0.10468750 0.03750000
1 0.75703125 0.13515625 0.08593750 0.03593750
1 0.28593750 0.48359375 0.09062500 0.03593750
1 0.99531250 0.19140625 0.00937500 0.03281250
0 0.91953125 0.01796875 0.16093750 0.03593750
0 0.03750000 0.02500000 0.07500000 0.05000000
0 0.83984375 0.19687500 0.26406250 0.05312500
0 0.36171875 0.02343750 0.25156250 0.04687500
