1 0.54218750 0.11875000 0.03437500 0.08750000
1 0.30937500 0.56093750 0.09062500 0.07812500
1 0.83046875 0.86328125 0.08593750 0.09218750
1 0.43046875 0.10546875 0.03593750 0.08593750
1 0.14843750 0.85234375 0.09062500 0.06406250
1 0.49140625 0.01953125 0.03593750 0.03906250
1 0.28828125 0.40781250 0.04218750 0.01875000
1 0.60078125 0.30390625 0.03906250 0.08906250
1 0.54531250 0.01718750 0.03750000 0.03437500
1 0.59609375 0.07031250 0.03906250 0.09687500
1 0.53593750 0.23828125 0.04062500 0.09218750
1 0.48515625 0.23750000 0.03906250 0.10000000
1 0.62656250 0.51328125 0.05000000 0.09218750
1 0.49062500 0.10781250 0.03750000 0.09375000
