1 0.09218750 0.98515625 0.03750000 0.02968750
1 0.06875000 0.15234375 0.09687500 0.04843750
1 0.87343750 0.03437500 0.08750000 0.05000000
1 0.73828125 0.30468750 0.09843750 0.04062500
1 0.71562500 0.10546875 0.10625000 0.03906250
1 0.85156250 0.10781250 0.09687500 0.04062500
1 0.03203125 0.71328125 0.03593750 0.09218750
1 0.58437500 0.11015625 0.10625000 0.04218750
1 0.33593750 0.12109375 0.09687500 0.04218750
1 0.05234375 0.01171875 0.10468750 0.02343750
1 0.16015625 0.52656250 0.04531250 0.09375000
1 0.03437500 0.85546875 0.04062500 0.09843750
1 0.47031250 0.11484375 0.08750000 0.03593750
1 0.50000000 0.04531250 0.10000000 0.04375000
1 0.28828125 0.24218750 0.09843750 0.03750000
1 0.08984375 0.76250000 0.03906250 0.10000000
1 0.21875000 0.12968750 0.10000000 0.04062500
1 0.03515625 0.23593750 0.07031250 0.04062500
1 0.03984375 0.96875000 0.04218750 0.06250000
1 0.62421875 0.19531250 0.08281250 0.04062500
1 0.96406250 0.10468750 0.07187500 0.03437500
1 0.23984375 0.00546875 0.08281250 0.01093750
1 0.15000000 0.85546875 0.04687500 0.11093750
1 0.48046875 0.30625000 0.09843750 0.03750000
1 0.21484375 0.30156250 0.09843750 0.03750000
1 0.09296875 0.89218750 0.03906250 0.10000000
1 0.75000000 0.24296875 0.09687500 0.04218750
