1 0.94140625 0.22734375 0.09218750 0.03593750
1 0.73515625 0.06875000 0.10781250 0.04062500
1 0.61796875 0.23593750 0.10156250 0.04062500
1 0.98515625 0.06718750 0.02968750 0.03750000
1 0.79843750 0.85546875 0.04062500 0.09843750
1 0.85546875 0.89296875 0.03906250 0.10156250
1 0.49218750 0.16406250 0.10000000 0.04062500
1 0.91484375 0.85781250 0.03906250 0.10625000
1 0.74140625 0.89531250 0.03906250 0.10312500
1 0.79921875 0.71093750 0.03281250 0.08750000
1 0.85156250 0.98515625 0.03750000 0.02968750
1 0.21484375 0.17109375 0.10156250 0.03906250
1 0.07968750 0.28515625 0.09375000 0.03906250
1 0.73671875 0.76250000 0.03593750 0.07812500
1 0.58437500 0.29921875 0.09375000 0.03906250
1 0.80078125 0.96953125 0.04218750 0.06093750
1 0.61953125 0.14218750 0.09843750 0.05625000
1 0.73750000 0.98203125 0.03750000 0.03593750
1 0.36718750 0.28828125 0.08750000 0.03906250
1 0.31250000 0.97812500 0.04062500 0.04375000
1 0.85625000 0.76250000 0.03750000 0.09687500
2 0.40468750 0.99296875 0.01562500 0.01406250
2 0.84687500 0.43984375 0.03125000 0.02031250
2 0.51953125 0.60546875 0.01406250 0.02343750
2 0.17031250 0.42265625 0.02187500 0.01406250
2 0.55234375 0.46562500 0.02343750 0.01875000
2 0.97890625 0.45625000 0.01718750 0.01250000
2 0.57343750 0.54218750 0.02812500 0.01875000
2 0.86640625 0.56953125 0.01093750 0.01718750
2 0.83906250 0.44218750 0.01562500 0.01562500
2 0.39140625 0.64140625 0.02031250 0.02656250
2 0.43437500 0.76171875 0.02187500 0.04218750
2 0.05859375 0.57109375 0.02031250 0.01718750
2 0.05859375 0.58281250 0.02031250 0.04062500
2 0.30156250 0.54531250 0.02812500 0.02812500
2 0.86640625 0.56562500 0.01093750 0.02500000
2 0.85234375 0.43828125 0.02031250 0.01718750
2 0.01250000 0.58359375 0.01562500 0.01406250
2 0.26875000 0.41953125 0.01562500 0.02656250
2 0.32031250 0.54062500 0.03125000 0.03750000
2 0.32890625 0.55234375 0.01406250 0.01718750
2 0.71953125 0.47109375 0.01718750 0.01718750
2 0.51718750 0.77421875 0.01875000 0.03906250
2 0.30156250 0.56484375 0.01875000 0.02031250
2 0.30234375 0.43125000 0.02031250 0.01250000
2 0.27109375 0.68125000 0.01718750 0.01875000
2 0.29921875 0.43281250 0.02656250 0.01562500
2 0.31562500 0.53203125 0.01875000 0.02031250
2 0.01406250 0.58437500 0.01875000 0.01562500
2 0.38828125 0.64375000 0.02656250 0.03125000
2 0.17734375 0.42343750 0.03593750 0.01562500
2 0.30156250 0.56093750 0.01875000 0.02812500
2 0.49296875 0.86171875 0.01406250 0.01718750
2 0.02968750 0.58671875 0.02812500 0.02656250
2 0.65390625 0.19062500 0.03281250 0.01250000
2 0.24296875 0.49765625 0.01718750 0.01718750
2 0.82890625 0.50312500 0.01718750 0.02187500
2 0.58437500 0.86406250 0.01875000 0.01875000
2 0.41328125 0.98203125 0.02656250 0.03593750
2 0.40937500 0.45390625 0.03125000 0.02343750
2 0.29609375 0.54296875 0.01718750 0.02343750
2 0.18593750 0.42343750 0.02187500 0.01250000
2 0.99453125 0.68359375 0.01093750 0.02656250
2 0.52031250 0.59531250 0.02500000 0.04375000
2 0.04921875 0.59453125 0.02343750 0.02031250
2 0.53359375 0.86328125 0.02031250 0.01718750
2 0.98515625 0.45546875 0.02968750 0.01406250
2 0.60468750 0.56484375 0.03125000 0.02031250
2 0.99453125 0.68906250 0.01093750 0.02187500
2 0.56796875 0.54296875 0.01718750 0.01718750
2 0.51953125 0.58437500 0.02343750 0.02187500
2 0.35703125 0.32578125 0.01718750 0.01718750
2 0.56015625 0.46093750 0.03906250 0.02812500
2 0.74921875 0.56718750 0.01406250 0.01562500
2 0.56796875 0.45703125 0.02343750 0.02031250
2 0.35625000 0.70156250 0.01562500 0.02187500
2 0.03437500 0.58125000 0.01875000 0.01562500
2 0.84218750 0.54218750 0.01250000 0.02187500
