1 0.16953125 0.22734375 0.08906250 0.10156250
1 0.43046875 0.85703125 0.09531250 0.06093750
1 0.66640625 0.02343750 0.03906250 0.04687500
1 0.91250000 0.96171875 0.09687500 0.07656250
1 0.15703125 0.37421875 0.08906250 0.08281250
1 0.54453125 0.27187500 0.03906250 0.09375000
1 0.77968750 0.43281250 0.05312500 0.09062500
1 0.60781250 0.12812500 0.03750000 0.09375000
1 0.54375000 0.03203125 0.03750000 0.06406250
1 0.20703125 0.01484375 0.04218750 0.02968750
1 0.03515625 0.91250000 0.06718750 0.04062500
1 0.36406250 0.19453125 0.05312500 0.06406250
1 0.19609375 0.96250000 0.10156250 0.04375000
1 0.25625000 0.90078125 0.09375000 0.04218750
1 0.60546875 0.01953125 0.03906250 0.03906250
1 0.54218750 0.14531250 0.04375000 0.10625000
1 0.72421875 0.18906250 0.03906250 0.09687500
1 0.18906250 0.24375000 0.05000000 0.06875000
1 0.21484375 0.10937500 0.03906250 0.09687500
1 0.05859375 0.65703125 0.10468750 0.48281250
1 0.72031250 0.05937500 0.04062500 0.10625000
1 0.97968750 0.18046875 0.04062500 0.10156250
1 0.60390625 0.27343750 0.03906250 0.10000000
1 0.64375000 0.69609375 0.07812500 0.08281250
1 0.66640625 0.24453125 0.03906250 0.10156250
1 0.07578125 0.96796875 0.09843750 0.03906250
1 0.66562500 0.10468750 0.03750000 0.09062500
2 0.85390625 0.25000000 0.01093750 0.02500000
2 0.33984375 0.53906250 0.03281250 0.03437500
2 0.30703125 0.52734375 0.01718750 0.02343750
2 0.44218750 0.16328125 0.01562500 0.02031250
2 0.35468750 0.43984375 0.02500000 0.03281250
2 0.93203125 0.07265625 0.01718750 0.02343750
2 0.37890625 0.48046875 0.01406250 0.01718750
2 0.26953125 0.08046875 0.01718750 0.01718750
2 0.41875000 0.43984375 0.01562500 0.02031250
2 0.29296875 0.56250000 0.01718750 0.01875000
2 0.33125000 0.53437500 0.05000000 0.03750000
2 0.35703125 0.55312500 0.05781250 0.05000000
2 0.40781250 0.39062500 0.01875000 0.02500000
2 0.72734375 0.85781250 0.03593750 0.03437500
2 0.39062500 0.46796875 0.04375000 0.04218750
2 0.35546875 0.43593750 0.02343750 0.02500000
2 0.34765625 0.49375000 0.03593750 0.02187500
2 0.11484375 0.50078125 0.02968750 0.01718750
2 0.30546875 0.51171875 0.02343750 0.02656250
2 0.29375000 0.40546875 0.01562500 0.01406250
2 0.99531250 0.46250000 0.00937500 0.02187500
2 0.29140625 0.60468750 0.02343750 0.02187500
2 0.34453125 0.55546875 0.02656250 0.03281250
2 0.35078125 0.56484375 0.03281250 0.03906250
2 0.26953125 0.61796875 0.02656250 0.02968750
2 0.32109375 0.52734375 0.02968750 0.02343750
2 0.99218750 0.37812500 0.01562500 0.03437500
2 0.18437500 0.41171875 0.02187500 0.02968750
2 0.27968750 0.61328125 0.04687500 0.03906250
2 0.33125000 0.48828125 0.01562500 0.02656250
2 0.28984375 0.56640625 0.02343750 0.02656250
2 0.40234375 0.38828125 0.02968750 0.02968750
2 0.32343750 0.52656250 0.02500000 0.02187500
2 0.18671875 0.41875000 0.01718750 0.01562500
2 0.26562500 0.61328125 0.02187500 0.02031250
2 0.09531250 0.53515625 0.00937500 0.01093750
2 0.41875000 0.46328125 0.01562500 0.02343750
2 0.36171875 0.28125000 0.02031250 0.03437500
2 0.35546875 0.56640625 0.03906250 0.04531250
2 0.63984375 0.89375000 0.02343750 0.01562500
2 0.19296875 0.49218750 0.01406250 0.01875000
2 0.33593750 0.53515625 0.03750000 0.03281250
2 0.97109375 0.07656250 0.01406250 0.01875000
2 0.34375000 0.56093750 0.01875000 0.02812500
2 0.34296875 0.55156250 0.03906250 0.05625000
2 0.18203125 0.40390625 0.01718750 0.01406250
2 0.41875000 0.45312500 0.01562500 0.04375000
2 0.85312500 0.25156250 0.00937500 0.01875000
2 0.37343750 0.20312500 0.02812500 0.03750000
2 0.36796875 0.12109375 0.01718750 0.02656250
