2 0.94765625 0.41015625 0.02031250 0.02343750
2 0.53906250 0.44765625 0.01875000 0.01718750
2 0.60625000 0.49843750 0.01562500 0.02187500
2 0.94843750 0.73281250 0.01875000 0.02187500
2 0.44921875 0.50703125 0.02343750 0.03593750
2 0.94921875 0.74062500 0.02031250 0.03750000
2 0.17890625 0.42265625 0.01718750 0.03593750
2 0.91015625 0.91171875 0.01718750 0.02031250
2 0.13906250 0.51406250 0.01875000 0.02500000
2 0.99375000 0.47500000 0.01250000 0.01875000
2 0.81875000 0.46015625 0.01562500 0.01718750
1 0.34062500 0.78671875 0.04375000 0.07968750
1 0.76875000 0.96562500 0.09375000 0.04062500
1 0.00859375 0.43593750 0.01718750 0.08437500
1 0.13437500 0.43906250 0.04375000 0.06875000
1 0.76718750 0.90859375 0.08437500 0.03593750
1 0.12187500 0.18984375 0.04062500 0.08906250
1 0.14765625 0.72968750 0.09843750 0.03750000
1 0.02812500 0.22265625 0.04375000 0.06718750
1 0.23828125 0.61953125 0.08906250 0.03593750
1 0.32968750 0.43515625 0.04687500 0.09218750
1 0.04375000 0.41718750 0.05625000 0.09375000
1 0.56093750 0.38437500 0.03750000 0.09062500
1 0.65312500 0.90703125 0.07812500 0.03281250
1 0.63828125 0.97031250 0.09218750 0.03750000
