1 0.68984375 0.29218750 0.09531250 0.04062500
1 0.97031250 0.29140625 0.05312500 0.03593750
1 0.70703125 0.73359375 0.10781250 0.04218750
1 0.00390625 0.41171875 0.00781250 0.04218750
1 0.44609375 0.74453125 0.10781250 0.04218750
1 0.55078125 0.42031250 0.10468750 0.04687500
1 0.28828125 0.23437500 0.04218750 0.09062500
1 0.86640625 0.72656250 0.11406250 0.05000000
1 0.32890625 0.83671875 0.09843750 0.05781250
1 0.57500000 0.73671875 0.10000000 0.03906250
1 0.11250000 0.96171875 0.09687500 0.07656250
1 0.43125000 0.40156250 0.09062500 0.05312500
1 0.17968750 0.17968750 0.04062500 0.10312500
1 0.45156250 0.68515625 0.09375000 0.04218750
1 0.81406250 0.41718750 0.11562500 0.05000000
1 0.46093750 0.24765625 0.07812500 0.07968750
1 0.94921875 0.40312500 0.09531250 0.04375000
1 0.77421875 0.79375000 0.09531250 0.04062500
1 0.59531250 0.67734375 0.10312500 0.04218750
1 0.59296875 0.79765625 0.08906250 0.04218750
1 0.41015625 0.45390625 0.12031250 0.04843750
2 0.28828125 0.77187500 0.02031250 0.03437500
2 0.05312500 0.25000000 0.01250000 0.02812500
2 0.23515625 0.39687500 0.02343750 0.03125000
2 0.38125000 0.40000000 0.01562500 0.04375000
2 0.31328125 0.46875000 0.02656250 0.02812500
2 0.20703125 0.46093750 0.03281250 0.02500000
2 0.83437500 0.29140625 0.01875000 0.01406250
2 0.19921875 0.37890625 0.02656250 0.02968750
2 0.84296875 0.28671875 0.03593750 0.02343750
2 0.79296875 0.27968750 0.01406250 0.01250000
2 0.78203125 0.28906250 0.03593750 0.03125000
2 0.57109375 0.56015625 0.02031250 0.04531250
2 0.36015625 0.53671875 0.02343750 0.02968750
2 0.56484375 0.56093750 0.04531250 0.04687500
2 0.22421875 0.14296875 0.01718750 0.03906250
2 0.37265625 0.54375000 0.04531250 0.04062500
2 0.36796875 0.53750000 0.03906250 0.03125000
2 0.77500000 0.29375000 0.02187500 0.02187500
2 0.85234375 0.28515625 0.01718750 0.02031250
