2 0.49687500 0.55156250 0.01875000 0.01875000
2 0.04687500 0.38515625 0.01250000 0.02031250
2 0.41875000 0.40078125 0.01562500 0.02031250
2 0.93359375 0.57031250 0.01718750 0.01250000
2 0.48671875 0.23437500 0.01406250 0.02187500
2 0.97812500 0.54531250 0.01875000 0.01250000
2 0.51015625 0.54296875 0.02343750 0.01406250
2 0.94218750 0.56875000 0.01250000 0.01562500
2 0.05000000 0.39296875 0.02187500 0.03593750
2 0.19765625 0.43671875 0.01718750 0.02343750
2 0.75703125 0.41562500 0.01718750 0.02500000
2 0.93750000 0.56953125 0.02187500 0.01718750
2 0.94296875 0.56953125 0.01093750 0.01406250
2 0.54765625 0.57031250 0.03281250 0.01875000
2 0.55390625 0.57109375 0.02031250 0.01718750
2 0.05937500 0.59609375 0.02187500 0.01718750
2 0.29843750 0.41562500 0.02812500 0.03125000
2 0.08984375 0.39375000 0.03593750 0.03125000
2 0.21953125 0.41328125 0.01406250 0.01718750
2 0.23828125 0.44843750 0.09218750 0.05000000
2 0.86406250 0.51875000 0.02500000 0.01562500
2 0.33984375 0.52812500 0.03906250 0.02500000
2 0.32421875 0.41250000 0.02656250 0.02500000
2 0.08281250 0.39765625 0.02187500 0.02343750
2 0.86250000 0.52812500 0.02500000 0.03437500
2 0.75703125 0.50703125 0.02656250 0.04218750
2 0.98437500 0.54453125 0.03125000 0.01406250
2 0.07031250 0.13437500 0.02187500 0.03750000
2 0.75781250 0.22734375 0.00937500 0.02343750
2 0.50468750 0.54921875 0.03437500 0.02343750
2 0.02031250 0.03281250 0.01562500 0.02187500
2 0.76875000 0.55312500 0.01875000 0.01562500
2 0.69609375 0.36484375 0.01406250 0.02968750
2 0.77890625 0.53750000 0.02968750 0.02812500
2 0.76796875 0.48125000 0.01718750 0.01562500
2 0.23593750 0.46015625 0.08750000 0.03281250
1 0.53437500 0.76015625 0.08750000 0.03593750
1 0.87421875 0.81406250 0.09843750 0.03750000
1 0.32187500 0.76953125 0.08750000 0.04218750
1 0.10312500 0.76562500 0.08125000 0.03437500
1 0.40390625 0.81875000 0.09218750 0.03750000
1 0.66484375 0.69609375 0.08906250 0.03593750
1 0.07656250 0.51796875 0.08125000 0.05781250
1 0.75625000 0.93750000 0.08750000 0.03750000
1 0.98828125 0.92890625 0.02343750 0.03593750
1 0.64687500 0.93984375 0.09062500 0.04218750
1 0.03984375 0.81953125 0.07968750 0.03593750
1 0.22109375 0.82343750 0.09218750 0.04062500
1 0.88281250 0.93593750 0.09062500 0.03750000
1 0.22343750 0.59453125 0.08125000 0.05468750
1 0.03593750 0.70781250 0.07187500 0.03750000
1 0.97656250 0.99375000 0.04687500 0.01250000
1 0.95859375 0.87265625 0.08281250 0.04218750
1 0.61328125 0.82187500 0.08281250 0.03750000
1 0.39687500 0.88046875 0.09375000 0.03906250
1 0.68828125 0.87812500 0.07656250 0.04062500
1 0.72812500 0.75703125 0.08125000 0.03906250
0 0.96171875 0.68750000 0.07656250 0.05000000
0 0.17578125 0.95078125 0.23593750 0.06093750
0 0.90781250 0.26562500 0.18437500 0.15937500
0 0.28906250 0.12265625 0.51250000 0.24531250
