1 0.68359375 0.01640625 0.09531250 0.03281250
1 0.04687500 0.03984375 0.09375000 0.04218750
1 0.94921875 0.01015625 0.10156250 0.02031250
1 0.54453125 0.07890625 0.08906250 0.03906250
1 0.81250000 0.15625000 0.11562500 0.04375000
1 0.42421875 0.02265625 0.10468750 0.04531250
1 0.16562500 0.03203125 0.09687500 0.03906250
1 0.08125000 0.19531250 0.10312500 0.05000000
1 0.29921875 0.03203125 0.10468750 0.04218750
1 0.36328125 0.21640625 0.10156250 0.04218750
1 0.10312500 0.10078125 0.10000000 0.04218750
1 0.82578125 0.01562500 0.09531250 0.03125000
1 0.81328125 0.07421875 0.10156250 0.03906250
1 0.95156250 0.06328125 0.09687500 0.03906250
1 0.41406250 0.08984375 0.10312500 0.04531250
1 0.43750000 0.30703125 0.10312500 0.05156250
1 0.68750000 0.55937500 0.09375000 0.04687500
1 0.56328125 0.02109375 0.09843750 0.04218750
1 0.68437500 0.25390625 0.10625000 0.04531250
1 0.04062500 0.34296875 0.08125000 0.05468750
1 0.68750000 0.07578125 0.10312500 0.03906250
1 0.22812500 0.09375000 0.11250000 0.05000000
2 0.87469531 0.52352344 0.01814063 0.02517187
2 0.85696875 0.53677344 0.02331250 0.02667188
