0 0.91328125 0.49296875 0.17343750 0.06093750
0 0.47500000 0.48046875 0.25000000 0.06093750
1 0.87968750 0.16953125 0.09687500 0.03906250
1 0.66250000 0.10703125 0.09375000 0.04218750
1 0.86718750 0.05000000 0.10000000 0.04062500
1 0.76640625 0.28671875 0.08593750 0.03906250
1 0.22265625 0.15703125 0.09843750 0.04531250
1 0.06406250 0.35468750 0.09375000 0.03750000
1 0.29296875 0.03828125 0.08593750 0.04218750
1 0.41640625 0.28203125 0.09531250 0.03593750
1 0.56875000 0.16484375 0.09062500 0.04218750
1 0.47812500 0.04062500 0.09375000 0.03750000
1 0.04140625 0.02265625 0.08281250 0.03906250
1 0.97968750 0.28984375 0.04062500 0.04531250
1 0.09375000 0.50390625 0.10000000 0.03906250
1 0.12265625 0.09453125 0.09531250 0.03593750
1 0.15078125 0.26953125 0.08906250 0.03593750
1 0.39765625 0.09843750 0.08906250 0.03750000
1 0.99296875 0.22812500 0.01406250 0.04062500
1 0.77265625 0.37968750 0.09531250 0.03750000
1 0.42187500 0.40625000 0.09375000 0.03750000
1 0.73203125 0.22656250 0.10468750 0.03750000
1 0.68593750 0.04453125 0.09687500 0.03593750
