2 0.04609375 0.23203125 0.01718750 0.01406250
2 0.31718750 0.40156250 0.01562500 0.03125000
2 0.77187500 0.28281250 0.01875000 0.01875000
2 0.40000000 0.56562500 0.02812500 0.03125000
2 0.47109375 0.61093750 0.04531250 0.03125000
2 0.28437500 0.34843750 0.01875000 0.03125000
2 0.22578125 0.38203125 0.02031250 0.03593750
2 0.28906250 0.53203125 0.02187500 0.02031250
2 0.57265625 0.54765625 0.02656250 0.04531250
2 0.31015625 0.45000000 0.02656250 0.02812500
2 0.79296875 0.26875000 0.01093750 0.01562500
1 0.68984375 0.27968750 0.09531250 0.04062500
1 0.65625000 0.41250000 0.11250000 0.05312500
1 0.97343750 0.27890625 0.05312500 0.03593750
1 0.74843750 0.78437500 0.10312500 0.04062500
1 0.81406250 0.40390625 0.11562500 0.04843750
1 0.90859375 0.59687500 0.10156250 0.04375000
1 0.48437500 0.79296875 0.10000000 0.04218750
1 0.55000000 0.40468750 0.10625000 0.04375000
1 0.00390625 0.98281250 0.00781250 0.03437500
1 0.05859375 0.00937500 0.03906250 0.01875000
1 0.90937500 0.77265625 0.11875000 0.05156250
1 0.09687500 0.91093750 0.10000000 0.04375000
1 0.28828125 0.21718750 0.04218750 0.09062500
1 0.41328125 0.43593750 0.12656250 0.04375000
1 0.83671875 0.95312500 0.09843750 0.04687500
1 0.42500000 0.38828125 0.10312500 0.05468750
1 0.12187500 0.73984375 0.10625000 0.04531250
1 0.17890625 0.16328125 0.04218750 0.10468750
1 0.06250000 0.36640625 0.06562500 0.10468750
1 0.96093750 0.90546875 0.07812500 0.04218750
1 0.61718750 0.78750000 0.10312500 0.04062500
1 0.94765625 0.39140625 0.09531250 0.04218750
1 0.63046875 0.91250000 0.10156250 0.04062500
1 0.46015625 0.23359375 0.07968750 0.08281250
