2 0.68593750 0.39296875 0.01250000 0.02656250
1 0.88515625 0.06796875 0.09843750 0.04531250
1 0.77031250 0.29062500 0.10312500 0.04062500
1 0.01093750 0.21015625 0.02187500 0.03906250
1 0.00546875 0.26328125 0.01093750 0.03593750
1 0.91093750 0.35312500 0.10312500 0.04062500
1 0.15625000 0.44843750 0.04687500 0.02812500
1 0.13046875 0.15859375 0.10156250 0.03906250
1 0.41093750 0.22187500 0.10000000 0.04062500
1 0.23515625 0.27734375 0.10468750 0.04218750
1 0.88828125 0.17031250 0.08906250 0.03437500
1 0.64687500 0.22656250 0.09687500 0.04062500
1 0.45468750 0.16250000 0.10625000 0.04375000
1 0.98515625 0.17265625 0.02968750 0.03906250
1 0.58359375 0.28671875 0.08281250 0.04531250
1 0.46015625 0.34218750 0.09531250 0.03750000
1 0.59843750 0.07812500 0.10937500 0.04062500
1 0.62187500 0.16640625 0.09375000 0.03906250
1 0.76796875 0.16796875 0.10781250 0.03906250
1 0.19375000 0.21484375 0.10937500 0.03906250
