2 0.75859375 0.57968750 0.04531250 0.03125000
2 0.37578125 0.60703125 0.02968750 0.02968750
2 0.14687500 0.78750000 0.02187500 0.02187500
2 0.67890625 0.96796875 0.02031250 0.02343750
2 0.13515625 0.63515625 0.02031250 0.02656250
2 0.22265625 0.67031250 0.02343750 0.01562500
2 0.83281250 0.90625000 0.01875000 0.01875000
2 0.27343750 0.58437500 0.02187500 0.01875000
2 0.51328125 0.55859375 0.02656250 0.02031250
2 0.29218750 0.60781250 0.03125000 0.02812500
2 0.26562500 0.14296875 0.02187500 0.03281250
2 0.26640625 0.74921875 0.02656250 0.03281250
2 0.26875000 0.63671875 0.01875000 0.02656250
2 0.68046875 0.87812500 0.02031250 0.01875000
2 0.24375000 0.42578125 0.01562500 0.01406250
2 0.35625000 0.58203125 0.03437500 0.03281250
2 0.34140625 0.64921875 0.02968750 0.02656250
2 0.04687500 0.59062500 0.02187500 0.01875000
2 0.86015625 0.88750000 0.02343750 0.02187500
2 0.30156250 0.70156250 0.02812500 0.02500000
2 0.49921875 0.75390625 0.01718750 0.01406250
2 0.14531250 0.79296875 0.04062500 0.03593750
2 0.13281250 0.78359375 0.01562500 0.01406250
2 0.21406250 0.56953125 0.02500000 0.02031250
2 0.34453125 0.56328125 0.02968750 0.02656250
2 0.27109375 0.75156250 0.03593750 0.03750000
2 0.40078125 0.55781250 0.02968750 0.02812500
2 0.13046875 0.66015625 0.01718750 0.02031250
2 0.37734375 0.60312500 0.03281250 0.03750000
2 0.30156250 0.69296875 0.02812500 0.03906250
2 0.98203125 0.61015625 0.01406250 0.02031250
2 0.21406250 0.56640625 0.02812500 0.02656250
2 0.27890625 0.63593750 0.03906250 0.02812500
2 0.39921875 0.55937500 0.02656250 0.02500000
2 0.08359375 0.80078125 0.02343750 0.02343750
2 0.30390625 0.68203125 0.02343750 0.01718750
2 0.33203125 0.87890625 0.01718750 0.02656250
2 0.37109375 0.53125000 0.03281250 0.01562500
2 0.33437500 0.87187500 0.02187500 0.04062500
2 0.19765625 0.60625000 0.02343750 0.02187500
2 0.13906250 0.63515625 0.02812500 0.02968750
2 0.01875000 0.84453125 0.01875000 0.01406250
2 0.88281250 0.96875000 0.01250000 0.01562500
2 0.48671875 0.59062500 0.02031250 0.01875000
2 0.55937500 0.54218750 0.02187500 0.01562500
2 0.01640625 0.85000000 0.02343750 0.02500000
2 0.67890625 0.40312500 0.01718750 0.02187500
2 0.37187500 0.52734375 0.03437500 0.02343750
2 0.98750000 0.60468750 0.02500000 0.03125000
2 0.70312500 0.90625000 0.02500000 0.02812500
2 0.08437500 0.81406250 0.03125000 0.05000000
2 0.56328125 0.88828125 0.02031250 0.02343750
2 0.41406250 0.68046875 0.02812500 0.01406250
2 0.45468750 0.64609375 0.02500000 0.02031250
2 0.57031250 0.88906250 0.03125000 0.02812500
2 0.47578125 0.56875000 0.02656250 0.01875000
2 0.15390625 0.79609375 0.02343750 0.03281250
2 0.47187500 0.98671875 0.02187500 0.02656250
2 0.46953125 0.98984375 0.01718750 0.02031250
2 0.89375000 0.85000000 0.01562500 0.01875000
2 0.66640625 0.62734375 0.02968750 0.02343750
1 0.88203125 0.03593750 0.08906250 0.04062500
1 0.79531250 0.09843750 0.07812500 0.03437500
1 0.00859375 0.47890625 0.01718750 0.03593750
1 0.75781250 0.57890625 0.04375000 0.02656250
1 0.01328125 0.29765625 0.02656250 0.03593750
1 0.03671875 0.41718750 0.07343750 0.03750000
1 0.28046875 0.45781250 0.08906250 0.04375000
1 0.83828125 0.20000000 0.09218750 0.03750000
1 0.06875000 0.35546875 0.09375000 0.03593750
1 0.63906250 0.40625000 0.09687500 0.03750000
1 0.96406250 0.14921875 0.07187500 0.03281250
1 0.46250000 0.46562500 0.09375000 0.04062500
1 0.46171875 0.35234375 0.09531250 0.03906250
1 0.23281250 0.41015625 0.08750000 0.03281250
