2 0.38828125 0.65234375 0.02656250 0.01718750
2 0.99453125 0.40156250 0.01093750 0.01562500
2 0.45781250 0.62265625 0.01875000 0.01718750
2 0.09687500 0.61484375 0.02187500 0.01718750
2 0.38203125 0.63906250 0.01406250 0.03437500
2 0.98984375 0.48437500 0.02031250 0.02187500
2 0.46718750 0.62343750 0.03750000 0.01875000
2 0.01328125 0.61406250 0.02031250 0.03125000
2 0.09375000 0.55390625 0.01875000 0.01718750
2 0.99296875 0.48203125 0.01406250 0.01718750
2 0.30312500 0.63125000 0.01562500 0.01562500
2 0.35156250 0.60781250 0.03437500 0.01562500
2 0.38281250 0.63359375 0.01562500 0.02343750
2 0.19375000 0.62109375 0.01562500 0.01406250
2 0.25000000 0.61562500 0.02812500 0.01562500
2 0.38046875 0.65000000 0.01406250 0.01250000
2 0.38828125 0.64062500 0.02656250 0.03750000
2 0.72734375 0.65156250 0.01406250 0.03125000
2 0.38906250 0.63203125 0.02812500 0.02343750
2 0.27265625 0.24375000 0.01718750 0.01250000
2 0.39296875 0.65468750 0.01718750 0.01250000
2 0.91875000 0.46562500 0.01562500 0.01562500
1 0.02812500 0.45468750 0.05625000 0.09375000
1 0.66484375 0.93203125 0.08906250 0.03593750
1 0.75625000 0.98593750 0.08750000 0.02812500
1 0.38671875 0.98671875 0.09218750 0.02656250
1 0.02109375 0.73281250 0.04218750 0.04062500
1 0.42656250 0.83203125 0.09375000 0.03593750
1 0.46562500 0.72031250 0.09062500 0.03437500
1 0.31484375 0.46562500 0.04218750 0.09375000
1 0.10625000 0.22421875 0.04062500 0.08906250
1 0.11875000 0.47421875 0.04687500 0.07031250
1 0.78984375 0.92890625 0.08281250 0.04218750
1 0.26875000 0.98828125 0.08750000 0.02343750
1 0.53281250 0.93437500 0.08437500 0.03750000
1 0.12031250 0.94062500 0.09687500 0.03437500
1 0.02187500 0.94062500 0.04375000 0.04375000
1 0.24375000 0.93515625 0.10312500 0.03906250
1 0.77578125 0.80078125 0.09531250 0.03906250
1 0.54843750 0.40859375 0.04062500 0.09218750
1 0.16015625 0.85703125 0.08593750 0.03906250
1 0.01875000 0.80234375 0.03750000 0.03281250
1 0.47421875 0.77656250 0.09531250 0.04375000
1 0.02500000 0.98984375 0.05000000 0.02031250
1 0.21640625 0.24765625 0.05156250 0.08281250
1 0.89453125 0.76484375 0.08281250 0.03281250
1 0.63593750 0.98671875 0.09062500 0.02656250
1 0.14687500 0.98984375 0.09375000 0.02031250
1 0.39765625 0.93281250 0.09531250 0.03437500
1 0.01484375 0.25703125 0.02968750 0.06718750
1 0.51562500 0.98515625 0.08750000 0.02968750
1 0.62968750 0.72343750 0.05937500 0.03750000
1 0.24140625 0.78359375 0.08906250 0.03906250
