1 0.04609375 0.71015625 0.07968750 0.07343750
1 0.71953125 0.15078125 0.08906250 0.03593750
1 0.36171875 0.48828125 0.08906250 0.03593750
1 0.03593750 0.10000000 0.07187500 0.03750000
1 0.44531250 0.15937500 0.08437500 0.04062500
1 0.47031250 0.10078125 0.08750000 0.04218750
1 0.96328125 0.03828125 0.07343750 0.03906250
1 0.03281250 0.36718750 0.06562500 0.03125000
1 0.09140625 0.21015625 0.09531250 0.04218750
1 0.48515625 0.27968750 0.07343750 0.04062500
1 0.84765625 0.43984375 0.09531250 0.03593750
1 0.58828125 0.21640625 0.09531250 0.03593750
1 0.06171875 0.03515625 0.08906250 0.04218750
1 0.29843750 0.41562500 0.09375000 0.03750000
1 0.59609375 0.41875000 0.08906250 0.03437500
1 0.04296875 0.47500000 0.08593750 0.03750000
1 0.34921875 0.27968750 0.09218750 0.04062500
1 0.50625000 0.03828125 0.10312500 0.04218750
1 0.86640625 0.27734375 0.09843750 0.03906250
1 0.07031250 0.15390625 0.09062500 0.03593750
1 0.92968750 0.36406250 0.10000000 0.04062500
1 0.24609375 0.09296875 0.09218750 0.03593750
1 0.02109375 0.54218750 0.04218750 0.05000000
1 0.76250000 0.09609375 0.10625000 0.04218750
1 0.61640625 0.27968750 0.09531250 0.03750000
1 0.96406250 0.28046875 0.07187500 0.03593750
1 0.54296875 0.36171875 0.09843750 0.04218750
1 0.27734375 0.03671875 0.09843750 0.04218750
1 0.24140625 0.27656250 0.08593750 0.04062500
1 0.73828125 0.27656250 0.09218750 0.03750000
