2 0.84375000 0.03750000 0.01562500 0.02812500
2 0.09140625 0.36953125 0.01093750 0.01406250
2 0.87187500 0.39453125 0.02500000 0.02968750
2 0.06250000 0.39453125 0.01250000 0.01093750
2 0.28281250 0.45703125 0.03125000 0.01718750
2 0.60703125 0.42031250 0.03281250 0.01875000
2 0.91406250 0.53437500 0.02812500 0.01875000
2 0.09296875 0.75546875 0.01406250 0.03593750
2 0.08281250 0.38750000 0.01250000 0.01562500
2 0.87500000 0.40390625 0.01875000 0.01406250
2 0.33515625 0.42343750 0.03281250 0.01875000
2 0.20312500 0.38750000 0.02187500 0.02500000
2 0.17343750 0.56484375 0.02187500 0.02343750
2 0.15390625 0.52109375 0.02656250 0.02031250
2 0.13515625 0.49218750 0.02968750 0.02500000
2 0.84453125 0.15625000 0.01406250 0.01562500
2 0.53750000 0.71015625 0.02500000 0.02656250
2 0.34531250 0.44765625 0.03437500 0.02031250
2 0.60625000 0.95078125 0.01250000 0.02031250
2 0.83203125 0.38671875 0.01718750 0.02031250
2 0.11171875 0.94062500 0.02343750 0.01875000
1 0.73671875 0.02812500 0.04531250 0.05625000
1 0.67421875 0.02187500 0.03593750 0.04375000
1 0.00468750 0.90781250 0.00937500 0.03750000
1 0.54609375 0.01718750 0.03593750 0.03437500
1 0.75625000 0.95703125 0.03437500 0.08593750
1 0.91875000 0.62734375 0.08437500 0.05781250
1 0.67734375 0.80625000 0.04218750 0.09687500
1 0.48515625 0.24140625 0.03906250 0.10156250
1 0.54296875 0.12265625 0.03593750 0.08906250
1 0.74140625 0.24218750 0.03593750 0.09062500
1 0.60390625 0.00703125 0.03281250 0.01406250
1 0.49218750 0.10781250 0.03750000 0.09062500
1 0.53750000 0.24218750 0.03750000 0.09062500
1 0.59687500 0.20546875 0.03437500 0.08906250
1 0.59218750 0.08828125 0.03437500 0.06718750
1 0.67031250 0.34453125 0.04375000 0.10156250
