2 0.97265625 0.44609375 0.01406250 0.02031250
2 0.55703125 0.49531250 0.01406250 0.01875000
2 0.19843750 0.40468750 0.00937500 0.01562500
2 0.93750000 0.51796875 0.02812500 0.02031250
2 0.97265625 0.59531250 0.03906250 0.03125000
2 0.98046875 0.53984375 0.01718750 0.02031250
2 0.84531250 0.42031250 0.01562500 0.01875000
2 0.97656250 0.54062500 0.02500000 0.02187500
2 0.21875000 0.40546875 0.01875000 0.01406250
2 0.97421875 0.48671875 0.01718750 0.01406250
2 0.95234375 0.47265625 0.02031250 0.02656250
2 0.23906250 0.46562500 0.02500000 0.01875000
2 0.85234375 0.38125000 0.02031250 0.01562500
2 0.98828125 0.45546875 0.01718750 0.01406250
2 0.95546875 0.47109375 0.01406250 0.02031250
2 0.84062500 0.44765625 0.01875000 0.02343750
2 0.35546875 0.15234375 0.01406250 0.02343750
2 0.98671875 0.46875000 0.02031250 0.02500000
2 0.96953125 0.56953125 0.02968750 0.02031250
2 0.96328125 0.58984375 0.02031250 0.02031250
2 0.83593750 0.22265625 0.01250000 0.01406250
2 0.22109375 0.50859375 0.02031250 0.02343750
2 0.27656250 0.44218750 0.01875000 0.01562500
1 0.64609375 0.07031250 0.04531250 0.10312500
1 0.74453125 0.06171875 0.03593750 0.09218750
1 0.58515625 0.23984375 0.03593750 0.08906250
1 0.48203125 0.24375000 0.04218750 0.08750000
1 0.47734375 0.01328125 0.03906250 0.02656250
1 0.73281250 0.75703125 0.04062500 0.08906250
1 0.52656250 0.02265625 0.03750000 0.04531250
1 0.42265625 0.04921875 0.03593750 0.08281250
1 0.84140625 0.52968750 0.07343750 0.07187500
1 0.61562500 0.68437500 0.04687500 0.08750000
1 0.65781250 0.83203125 0.05937500 0.08906250
1 0.01875000 0.92968750 0.03750000 0.04375000
1 0.29765625 0.49140625 0.03281250 0.02656250
1 0.72500000 0.26953125 0.03750000 0.09218750
1 0.48203125 0.10156250 0.03281250 0.08750000
1 0.53281250 0.24296875 0.03750000 0.08593750
1 0.59921875 0.55078125 0.04218750 0.08593750
1 0.59296875 0.38125000 0.04218750 0.09062500
1 0.67109375 0.96406250 0.06718750 0.07187500
1 0.58906250 0.08906250 0.03750000 0.09375000
1 0.68984375 0.64921875 0.03906250 0.07343750
1 0.68750000 0.46406250 0.03750000 0.08750000
