2 0.46015625 0.54296875 0.02968750 0.01406250
2 0.63906250 0.48984375 0.01250000 0.01718750
2 0.47656250 0.11171875 0.01562500 0.02031250
2 0.12890625 0.43906250 0.02968750 0.01875000
2 0.89375000 0.27031250 0.01562500 0.01875000
2 0.72343750 0.49609375 0.02187500 0.01406250
2 0.47109375 0.09453125 0.02343750 0.01406250
2 0.57187500 0.45390625 0.01562500 0.02656250
2 0.38203125 0.27812500 0.01406250 0.03125000
2 0.67734375 0.41093750 0.01406250 0.01875000
2 0.73984375 0.61250000 0.01718750 0.05625000
2 0.89062500 0.27109375 0.02187500 0.02031250
2 0.73984375 0.49531250 0.01718750 0.00937500
2 0.35859375 0.42656250 0.01406250 0.01875000
2 0.36093750 0.36093750 0.02500000 0.02500000
2 0.08515625 0.48515625 0.03281250 0.01406250
2 0.32734375 0.35546875 0.02031250 0.01718750
2 0.10781250 0.47500000 0.01250000 0.01250000
2 0.99296875 0.43828125 0.01406250 0.02343750
2 0.30625000 0.50937500 0.03125000 0.01562500
2 0.89062500 0.26953125 0.01875000 0.01718750
2 0.57187500 0.45390625 0.01562500 0.02656250
2 0.91953125 0.36484375 0.01718750 0.01406250
2 0.31328125 0.50937500 0.01718750 0.01250000
2 0.46796875 0.54453125 0.04531250 0.02031250
2 0.63593750 0.49453125 0.01875000 0.01718750
2 0.28828125 0.51796875 0.01718750 0.01406250
2 0.39375000 0.26015625 0.01562500 0.02343750
2 0.42187500 0.31718750 0.04062500 0.03437500
2 0.30078125 0.51328125 0.04218750 0.02343750
2 0.58437500 0.40937500 0.01562500 0.01875000
2 0.36171875 0.42656250 0.02031250 0.02187500
2 0.43203125 0.50000000 0.02343750 0.01875000
2 0.30546875 0.39062500 0.02031250 0.01875000
2 0.70390625 0.85234375 0.01718750 0.01718750
2 0.71406250 0.58437500 0.01562500 0.00937500
2 0.55312500 0.45234375 0.04062500 0.03906250
2 0.21015625 0.43437500 0.01093750 0.01562500
2 0.63906250 0.40625000 0.01562500 0.01562500
2 0.30468750 0.50859375 0.02812500 0.01406250
2 0.71953125 0.49453125 0.01406250 0.01093750
2 0.35859375 0.42500000 0.01718750 0.01875000
2 0.73593750 0.60937500 0.01875000 0.05625000
2 0.46328125 0.54296875 0.02031250 0.01406250
2 0.32187500 0.43593750 0.01875000 0.02500000
2 0.09140625 0.48125000 0.04531250 0.02187500
2 0.00546875 0.33281250 0.01093750 0.02500000
2 0.93203125 0.35703125 0.01406250 0.01718750
2 0.57890625 0.45234375 0.02968750 0.02031250
2 0.42343750 0.08671875 0.02187500 0.01718750
2 0.88671875 0.22031250 0.01093750 0.01250000
2 0.58671875 0.45000000 0.01718750 0.01562500
2 0.39687500 0.24765625 0.01875000 0.02656250
2 0.98593750 0.37109375 0.02500000 0.02343750
2 0.63203125 0.49062500 0.02656250 0.02500000
2 0.72734375 0.49687500 0.01406250 0.01250000
2 0.36562500 0.42656250 0.01562500 0.01875000
2 0.48125000 0.54609375 0.01875000 0.02031250
2 0.62343750 0.48984375 0.01250000 0.02031250
2 0.62890625 0.48671875 0.02031250 0.01718750
2 0.63984375 0.40625000 0.01718750 0.01562500
2 0.66796875 0.47031250 0.01093750 0.01875000
2 0.92656250 0.36015625 0.02500000 0.02343750
2 0.43281250 0.31328125 0.01875000 0.02656250
2 0.47343750 0.10546875 0.02500000 0.03281250
2 0.73046875 0.49531250 0.03593750 0.01562500
2 0.39609375 0.24531250 0.01718750 0.02187500
1 0.64375000 0.05625000 0.04062500 0.10000000
1 0.41562500 0.98046875 0.09687500 0.03906250
1 0.76250000 0.04140625 0.04375000 0.08281250
1 0.71406250 0.00390625 0.02812500 0.00781250
1 0.57734375 0.22421875 0.03906250 0.09531250
1 0.42656250 0.31484375 0.05000000 0.03906250
1 0.07656250 0.37500000 0.10312500 0.04687500
1 0.25078125 0.04843750 0.03906250 0.09687500
1 0.52109375 0.07968750 0.04531250 0.09687500
1 0.69921875 0.97968750 0.09843750 0.04062500
1 0.22109375 0.16406250 0.04843750 0.10312500
1 0.97500000 0.67265625 0.05000000 0.03906250
1 0.29062500 0.91796875 0.09062500 0.03593750
1 0.47265625 0.84687500 0.09843750 0.04062500
1 0.05000000 0.97421875 0.09375000 0.03906250
1 0.33359375 0.17500000 0.04218750 0.09687500
1 0.36953125 0.60546875 0.09531250 0.03906250
1 0.17656250 0.31484375 0.08437500 0.08281250
1 0.20468750 0.85312500 0.10312500 0.04062500
1 0.69921875 0.22031250 0.04218750 0.09687500
1 0.01875000 0.85312500 0.03750000 0.03750000
1 0.70312500 0.10390625 0.04062500 0.09843750
1 0.97734375 0.92109375 0.04531250 0.03593750
1 0.75781250 0.17968750 0.04062500 0.10000000
1 0.68593750 0.90625000 0.11250000 0.03750000
1 0.61328125 0.82421875 0.09843750 0.05781250
1 0.50859375 0.26953125 0.04531250 0.10468750
1 0.57968750 0.07890625 0.04062500 0.09843750
1 0.66406250 0.73984375 0.11250000 0.04218750
1 0.03046875 0.91484375 0.06093750 0.04218750
1 0.64296875 0.18671875 0.03906250 0.09531250
