1 0.91796875 0.02343750 0.08593750 0.03750000
1 0.38984375 0.22421875 0.12343750 0.05156250
1 0.51171875 0.59296875 0.04531250 0.01406250
1 0.44375000 0.59453125 0.05000000 0.01406250
1 0.24921875 0.10312500 0.10468750 0.04062500
1 0.71640625 0.57734375 0.09531250 0.04531250
1 0.54843750 0.09296875 0.10000000 0.03906250
1 0.46875000 0.03046875 0.10000000 0.03906250
1 0.03359375 0.19218750 0.06718750 0.05625000
1 0.04531250 0.04765625 0.09062500 0.03906250
1 0.98203125 0.08359375 0.03593750 0.04218750
1 0.65312500 0.59062500 0.04375000 0.01562500
1 0.30781250 0.04375000 0.10312500 0.03750000
1 0.17500000 0.03828125 0.10000000 0.03906250
1 0.99062500 0.02578125 0.01875000 0.03906250
1 0.38828125 0.10078125 0.10156250 0.03906250
1 0.11718750 0.10859375 0.10000000 0.04218750
1 0.58281250 0.59140625 0.04687500 0.01406250
1 0.60078125 0.03281250 0.10156250 0.04062500
1 0.69609375 0.09375000 0.10781250 0.04062500
1 0.74921875 0.02968750 0.09843750 0.03750000
1 0.83437500 0.08593750 0.10937500 0.04062500
