2 0.88359375 0.27500000 0.02031250 0.02187500
2 0.32031250 0.54140625 0.01875000 0.02343750
2 0.80546875 0.28359375 0.02656250 0.02031250
2 0.05625000 0.48906250 0.04062500 0.03125000
2 0.40781250 0.38593750 0.01562500 0.04687500
2 0.08359375 0.50781250 0.03593750 0.03125000
2 0.12968750 0.52578125 0.03750000 0.02968750
2 0.31171875 0.35156250 0.01718750 0.03437500
2 0.13203125 0.41484375 0.02968750 0.02343750
2 0.05312500 0.51406250 0.03125000 0.02187500
2 0.21250000 0.45937500 0.02187500 0.02812500
2 0.01328125 0.46796875 0.02031250 0.01406250
2 0.20000000 0.54375000 0.02812500 0.02187500
2 0.42343750 0.55859375 0.01875000 0.01718750
2 0.12343750 0.56718750 0.02812500 0.03750000
2 0.20937500 0.57265625 0.01875000 0.02968750
2 0.27343750 0.53828125 0.02500000 0.02656250
2 0.31328125 0.36328125 0.02031250 0.05781250
2 0.22343750 0.61796875 0.02500000 0.03906250
2 0.33671875 0.52890625 0.05156250 0.05156250
2 0.09062500 0.55156250 0.03437500 0.03125000
2 0.95156250 0.34921875 0.02187500 0.05156250
2 0.42500000 0.56328125 0.02500000 0.02656250
2 0.17187500 0.55390625 0.04375000 0.02968750
2 0.32578125 0.53046875 0.02968750 0.04218750
2 0.03828125 0.45312500 0.03281250 0.02812500
2 0.35625000 0.39453125 0.01562500 0.01406250
2 0.12500000 0.55781250 0.02500000 0.01875000
2 0.85156250 0.37031250 0.02812500 0.03125000
0 0.29687500 0.67265625 0.25625000 0.06093750
1 0.51015625 0.79218750 0.09843750 0.04062500
1 0.98671875 0.28359375 0.02656250 0.02968750
1 0.77265625 0.78593750 0.10156250 0.04062500
1 0.93750000 0.77812500 0.10312500 0.04062500
1 0.97578125 0.65781250 0.04843750 0.04062500
1 0.57890625 0.40859375 0.10468750 0.04218750
1 0.96093750 0.71875000 0.07812500 0.03750000
1 0.60312500 0.73046875 0.10000000 0.03906250
1 0.64218750 0.78750000 0.10312500 0.04062500
1 0.05781250 0.74687500 0.09062500 0.04062500
1 0.31796875 0.22031250 0.04218750 0.09062500
1 0.21093750 0.16328125 0.04375000 0.10156250
1 0.44609375 0.73046875 0.09843750 0.04218750
1 0.46562500 0.39140625 0.09062500 0.05781250
1 0.84140625 0.40703125 0.11406250 0.04843750
1 0.55000000 0.66796875 0.06562500 0.03906250
1 0.48984375 0.23437500 0.07968750 0.08125000
1 0.72031250 0.28437500 0.09375000 0.04375000
1 0.96328125 0.39765625 0.07031250 0.03906250
1 0.26171875 0.48984375 0.04531250 0.02343750
1 0.82031250 0.71718750 0.10312500 0.03750000
