1 0.89687500 0.40312500 0.10312500 0.04687500
1 0.42578125 0.65703125 0.09843750 0.03906250
1 0.97734375 0.35078125 0.04531250 0.06718750
1 0.75625000 0.93515625 0.09375000 0.04218750
1 0.02890625 0.87968750 0.05781250 0.03750000
1 0.30000000 0.70156250 0.10000000 0.04062500
1 0.16953125 0.88203125 0.09531250 0.03906250
1 0.35937500 0.87656250 0.09375000 0.04375000
1 0.38828125 0.40546875 0.04218750 0.07031250
1 0.02421875 0.93906250 0.04843750 0.04062500
1 0.89609375 0.93593750 0.10468750 0.04687500
1 0.85000000 0.87890625 0.10000000 0.04218750
1 0.25546875 0.94218750 0.09843750 0.03750000
1 0.13125000 0.94375000 0.10312500 0.03750000
1 0.79140625 0.98515625 0.09218750 0.02968750
1 0.29375000 0.98828125 0.10625000 0.02343750
1 0.03671875 0.98750000 0.07343750 0.02500000
1 0.52109375 0.87812500 0.09843750 0.04062500
1 0.31562500 0.41171875 0.04375000 0.08906250
1 0.52578125 0.93593750 0.10468750 0.04375000
1 0.54765625 0.98750000 0.09531250 0.02500000
1 0.42812500 0.98828125 0.09687500 0.02343750
1 0.39140625 0.93671875 0.09843750 0.03906250
1 0.03046875 0.41718750 0.05468750 0.06250000
1 0.64375000 0.93515625 0.08437500 0.03906250
1 0.17890625 0.98750000 0.10781250 0.02500000
