1 0.91562500 0.73125000 0.08750000 0.03437500
1 0.59375000 0.89921875 0.08750000 0.03593750
1 0.69296875 0.73593750 0.08906250 0.03750000
1 0.56171875 0.60546875 0.03593750 0.01718750
1 0.94296875 0.62187500 0.03906250 0.01875000
1 0.95312500 0.90859375 0.09062500 0.03281250
1 0.12812500 0.57890625 0.03437500 0.02656250
1 0.62343750 0.84531250 0.09687500 0.04062500
1 0.15156250 0.47812500 0.04062500 0.03437500
1 0.82812500 0.90859375 0.09687500 0.03906250
1 0.00703125 0.46640625 0.01406250 0.04531250
1 0.96953125 0.84921875 0.06093750 0.03906250
1 0.98515625 0.79296875 0.02968750 0.03593750
1 0.09062500 0.61718750 0.08750000 0.05937500
1 0.56875000 0.72812500 0.09687500 0.03750000
1 0.59296875 0.56328125 0.05781250 0.02031250
1 0.15937500 0.51953125 0.02812500 0.02031250
1 0.56640625 0.66953125 0.09218750 0.03906250
1 0.88984375 0.79140625 0.09843750 0.04218750
1 0.38515625 0.66562500 0.08906250 0.03750000
1 0.73593750 0.78984375 0.08750000 0.03906250
1 0.98984375 0.72812500 0.02031250 0.05000000
1 0.85781250 0.84921875 0.08750000 0.03593750
1 0.72968750 0.96875000 0.08750000 0.04375000
1 0.62187500 0.96875000 0.09062500 0.04062500
1 0.60625000 0.78828125 0.09062500 0.03593750
1 0.71015625 0.90312500 0.09218750 0.03750000
1 0.73593750 0.84687500 0.08437500 0.03437500
1 0.80781250 0.73359375 0.08125000 0.03593750
2 0.04140625 0.89921875 0.02031250 0.02656250
2 0.76640625 0.63046875 0.02031250 0.01406250
2 0.17890625 0.44843750 0.01718750 0.02187500
2 0.04453125 0.04140625 0.01718750 0.02968750
2 0.81562500 0.61406250 0.02500000 0.02187500
2 0.08750000 0.95468750 0.02187500 0.03750000
2 0.04687500 0.99375000 0.01875000 0.01250000
2 0.64531250 0.63750000 0.04062500 0.02187500
2 0.44375000 0.93671875 0.01250000 0.02343750
2 0.63593750 0.63828125 0.02187500 0.02031250
