1 0.85000000 0.11171875 0.09375000 0.03593750
1 0.98046875 0.05078125 0.03906250 0.03593750
1 0.77890625 0.28984375 0.08906250 0.03593750
1 0.98750000 0.11406250 0.02500000 0.04062500
1 0.55000000 0.22500000 0.09062500 0.03437500
1 0.70234375 0.16796875 0.07343750 0.03281250
1 0.43281250 0.28437500 0.09687500 0.03750000
1 0.58984375 0.16562500 0.10468750 0.03750000
1 0.20468750 0.10390625 0.08750000 0.03593750
1 0.93593750 0.36718750 0.07500000 0.08437500
1 0.32343750 0.28437500 0.08750000 0.04062500
1 0.87656250 0.05859375 0.09062500 0.03593750
1 0.90625000 0.22890625 0.10000000 0.03593750
1 0.54921875 0.29218750 0.09843750 0.03750000
1 0.65625000 0.28671875 0.09375000 0.03593750
1 0.48750000 0.10781250 0.10000000 0.04062500
1 0.51250000 0.04609375 0.08750000 0.03593750
1 0.33203125 0.16328125 0.08593750 0.03593750
1 0.30546875 0.21875000 0.09218750 0.03750000
1 0.78906250 0.22343750 0.09687500 0.03750000
1 0.96250000 0.49296875 0.07500000 0.03281250
1 0.33046875 0.10703125 0.08281250 0.04218750
1 0.42656250 0.22343750 0.09687500 0.03750000
1 0.22187500 0.16093750 0.09375000 0.04062500
1 0.19062500 0.21328125 0.09062500 0.03593750
1 0.07187500 0.51250000 0.09375000 0.06250000
1 0.67265625 0.22421875 0.09218750 0.03593750
1 0.40468750 0.04921875 0.08125000 0.03593750
1 0.93593750 0.17187500 0.09062500 0.03750000
1 0.69140625 0.48593750 0.09531250 0.04687500
1 0.45390625 0.16562500 0.08906250 0.03437500
1 0.28906250 0.05156250 0.09062500 0.03437500
1 0.16406250 0.04375000 0.09687500 0.03750000
1 0.61484375 0.10937500 0.09531250 0.03437500
1 0.21796875 0.28437500 0.09218750 0.04062500
1 0.80859375 0.17031250 0.08593750 0.03750000
1 0.73515625 0.11328125 0.08906250 0.03593750
1 0.99453125 0.22968750 0.01093750 0.03437500
0 0.70546875 0.04687500 0.25468750 0.05312500
