2 0.91718750 0.42187500 0.01875000 0.01875000
2 0.34453125 0.61015625 0.01406250 0.01718750
2 0.73671875 0.48203125 0.02031250 0.01406250
2 0.53281250 0.51796875 0.01250000 0.01406250
2 0.87968750 0.38515625 0.01250000 0.01406250
2 0.09375000 0.56640625 0.01562500 0.02968750
2 0.34609375 0.53046875 0.02031250 0.01406250
2 0.26875000 0.55312500 0.01562500 0.03125000
2 0.85703125 0.55234375 0.03593750 0.02343750
2 0.26953125 0.54375000 0.01718750 0.05312500
2 0.00703125 0.59609375 0.01406250 0.03593750
2 0.84687500 0.55703125 0.01875000 0.01718750
2 0.36015625 0.60937500 0.01406250 0.01562500
2 0.85156250 0.40859375 0.01250000 0.01093750
2 0.35156250 0.61015625 0.02500000 0.01718750
2 0.22968750 0.54687500 0.02187500 0.04687500
2 0.35234375 0.61015625 0.02968750 0.02031250
2 0.99453125 0.39453125 0.01093750 0.01406250
2 0.99531250 0.57890625 0.00937500 0.01093750
2 0.73593750 0.48984375 0.02187500 0.02968750
2 0.00703125 0.60625000 0.01406250 0.01562500
2 0.98984375 0.48046875 0.02031250 0.02031250
2 0.86328125 0.55000000 0.02343750 0.01875000
2 0.53906250 0.51796875 0.02500000 0.01406250
2 0.73671875 0.49687500 0.02031250 0.01875000
2 0.73593750 0.49062500 0.02187500 0.02812500
1 0.10468750 0.84453125 0.09687500 0.03593750
1 0.67968750 0.68750000 0.08437500 0.04062500
1 0.02656250 0.44609375 0.05312500 0.09218750
1 0.90468750 0.70078125 0.07500000 0.03906250
1 0.50234375 0.74921875 0.10156250 0.04218750
1 0.04843750 0.77500000 0.09687500 0.04062500
1 0.22968750 0.75234375 0.10000000 0.04218750
1 0.31250000 0.45781250 0.04375000 0.09062500
1 0.09921875 0.21562500 0.04531250 0.09062500
1 0.02031250 0.93281250 0.04062500 0.04375000
1 0.93203125 0.87031250 0.08906250 0.03750000
1 0.26484375 0.98593750 0.08906250 0.02812500
1 0.52734375 0.92968750 0.08593750 0.03750000
1 0.51250000 0.98281250 0.09062500 0.03437500
1 0.14140625 0.98671875 0.10156250 0.02656250
1 0.23984375 0.92968750 0.10468750 0.03750000
1 0.37421875 0.67656250 0.09531250 0.03750000
1 0.29140625 0.82265625 0.09531250 0.03906250
1 0.75390625 0.98359375 0.08906250 0.03281250
1 0.72656250 0.77187500 0.10312500 0.04062500
1 0.54687500 0.40234375 0.04062500 0.09218750
1 0.11484375 0.46640625 0.04531250 0.07031250
1 0.78750000 0.92187500 0.08437500 0.03750000
1 0.17890625 0.30859375 0.08906250 0.06406250
1 0.02421875 0.98593750 0.04843750 0.02812500
1 0.90468750 0.76640625 0.08437500 0.03906250
1 0.55468750 0.84453125 0.09375000 0.03593750
1 0.38281250 0.98437500 0.09375000 0.03125000
1 0.39453125 0.92812500 0.09843750 0.03437500
1 0.01250000 0.25078125 0.02500000 0.07031250
1 0.63281250 0.98437500 0.09062500 0.03125000
1 0.66328125 0.92812500 0.08281250 0.03750000
1 0.11640625 0.93515625 0.09531250 0.03593750
1 0.16953125 0.69140625 0.10156250 0.04218750
1 0.76953125 0.83515625 0.08593750 0.03593750
