1 0.62656250 0.08750000 0.09062500 0.04062500
1 0.76640625 0.15078125 0.08593750 0.03593750
1 0.98437500 0.02656250 0.03125000 0.03437500
1 0.83750000 0.02890625 0.07500000 0.03593750
1 0.79296875 0.27109375 0.09218750 0.03593750
1 0.94375000 0.40937500 0.08437500 0.05312500
1 0.60703125 0.20859375 0.08281250 0.03593750
1 0.60234375 0.15000000 0.09531250 0.03750000
1 0.97656250 0.26562500 0.04687500 0.03750000
1 0.35234375 0.28828125 0.08906250 0.04843750
1 0.91015625 0.14609375 0.10468750 0.04531250
1 0.11328125 0.34609375 0.07968750 0.06093750
1 0.76718750 0.08671875 0.08437500 0.03906250
1 0.74453125 0.20781250 0.08906250 0.04062500
1 0.57734375 0.03359375 0.09531250 0.03906250
1 0.98750000 0.08437500 0.02187500 0.03437500
1 0.92421875 0.35000000 0.09218750 0.03750000
1 0.59296875 0.26718750 0.09218750 0.04687500
1 0.70390625 0.03046875 0.08593750 0.03593750
1 0.89218750 0.08281250 0.09062500 0.03750000
0 0.87578125 0.49296875 0.24843750 0.06093750
2 0.87890625 0.70078125 0.01718750 0.02343750
2 0.13203125 0.66640625 0.01718750 0.01718750
2 0.28125000 0.71953125 0.01250000 0.01718750
2 0.41093750 0.58828125 0.01875000 0.01718750
2 0.30703125 0.67421875 0.01718750 0.02031250
2 0.79375000 0.68359375 0.01875000 0.02968750
2 0.26328125 0.61093750 0.02656250 0.02187500
2 0.38750000 0.68125000 0.02187500 0.02500000
2 0.14531250 0.85078125 0.01875000 0.02656250
2 0.20859375 0.94765625 0.02031250 0.02656250
