2 0.10390625 0.61796875 0.01718750 0.02031250
1 0.50546875 0.82890625 0.10468750 0.04218750
1 0.53906250 0.88515625 0.08125000 0.02968750
1 0.73281250 0.70781250 0.05937500 0.03437500
1 0.43906250 0.88906250 0.08750000 0.03750000
1 0.61250000 0.76640625 0.07812500 0.03593750
1 0.06562500 0.65703125 0.08750000 0.03593750
1 0.48593750 0.76562500 0.09062500 0.03750000
1 0.93437500 0.94687500 0.09375000 0.03750000
1 0.92109375 0.76015625 0.09843750 0.03906250
1 0.36093750 0.83437500 0.08437500 0.03750000
1 0.43046875 0.71015625 0.07656250 0.03593750
1 0.29921875 0.71328125 0.08593750 0.03906250
1 0.91953125 0.88281250 0.08593750 0.04062500
1 0.31640625 0.89140625 0.08906250 0.04218750
1 0.91875000 0.82968750 0.08750000 0.03750000
1 0.67656250 0.88359375 0.09062500 0.04218750
1 0.20859375 0.65546875 0.09218750 0.03906250
1 0.82343750 0.94687500 0.10312500 0.04375000
1 0.77500000 0.83125000 0.09687500 0.03750000
1 0.17421875 0.71640625 0.09531250 0.03906250
1 0.75000000 0.76796875 0.09062500 0.03593750
1 0.33906250 0.95312500 0.09687500 0.03750000
1 0.22187500 0.77031250 0.09062500 0.03750000
1 0.19843750 0.83281250 0.09687500 0.03750000
1 0.20312500 0.95234375 0.10000000 0.03906250
1 0.64296875 0.82578125 0.08593750 0.03906250
1 0.40937500 0.64765625 0.09062500 0.04218750
1 0.95937500 0.70703125 0.08125000 0.03593750
1 0.78828125 0.88828125 0.09218750 0.03593750
1 0.71015625 0.94921875 0.09531250 0.03906250
1 0.48359375 0.95468750 0.08593750 0.03750000
1 0.60468750 0.70781250 0.09375000 0.03437500
1 0.60000000 0.95000000 0.09687500 0.04062500
1 0.20312500 0.89140625 0.08437500 0.03593750
1 0.84140625 0.70937500 0.08906250 0.03750000
1 0.36093750 0.76875000 0.08437500 0.03750000
