2 0.20234375 0.62109375 0.02031250 0.01406250
2 0.99453125 0.39453125 0.01093750 0.01406250
2 0.94218750 0.73593750 0.02500000 0.02500000
2 0.22890625 0.56484375 0.01718750 0.02343750
2 0.98281250 0.46953125 0.01875000 0.01718750
2 0.72187500 0.65625000 0.00937500 0.03125000
2 0.04375000 0.19296875 0.04062500 0.05781250
2 0.20781250 0.62109375 0.03125000 0.01406250
2 0.94140625 0.59296875 0.01718750 0.02343750
2 0.22812500 0.55234375 0.02187500 0.04531250
2 0.01328125 0.15703125 0.02343750 0.03281250
2 0.99296875 0.46015625 0.01406250 0.02343750
2 0.64218750 0.65156250 0.03750000 0.01562500
2 0.84531250 0.47812500 0.01562500 0.02187500
2 0.98671875 0.46328125 0.02656250 0.02968750
1 0.39375000 0.93515625 0.09062500 0.03593750
1 0.02578125 0.45703125 0.05156250 0.09843750
1 0.01953125 0.94375000 0.03906250 0.04375000
1 0.75546875 0.98750000 0.08906250 0.02500000
1 0.01250000 0.25937500 0.02500000 0.06875000
1 0.94453125 0.83437500 0.08281250 0.05937500
1 0.26562500 0.99062500 0.08750000 0.01875000
1 0.51406250 0.98671875 0.09062500 0.02656250
1 0.11640625 0.94453125 0.09531250 0.03593750
1 0.27500000 0.67343750 0.08437500 0.03437500
1 0.09843750 0.22343750 0.04375000 0.09062500
1 0.24062500 0.93906250 0.10312500 0.03750000
1 0.31015625 0.46640625 0.04218750 0.09218750
1 0.69140625 0.79765625 0.08281250 0.04218750
1 0.38906250 0.98828125 0.08125000 0.02343750
1 0.11406250 0.47578125 0.04687500 0.07031250
1 0.02421875 0.99140625 0.04843750 0.01718750
1 0.52734375 0.93671875 0.07968750 0.03281250
1 0.21328125 0.20781250 0.04843750 0.08125000
1 0.98125000 0.65390625 0.03750000 0.04218750
1 0.78984375 0.92890625 0.08593750 0.03906250
1 0.63437500 0.98750000 0.09062500 0.02500000
1 0.54609375 0.40859375 0.04218750 0.09218750
1 0.66484375 0.93359375 0.08906250 0.03593750
1 0.12578125 0.99296875 0.09843750 0.01406250
