2 0.35703125 0.57421875 0.02343750 0.02031250
2 0.33593750 0.57968750 0.02812500 0.02500000
2 0.11875000 0.41406250 0.03125000 0.02812500
2 0.35937500 0.41406250 0.01875000 0.02500000
2 0.90234375 0.30781250 0.02031250 0.01875000
2 0.99531250 0.32187500 0.00937500 0.01562500
2 0.83203125 0.30703125 0.03593750 0.02968750
2 0.89375000 0.31015625 0.03750000 0.02343750
2 0.82109375 0.31328125 0.01718750 0.01718750
2 0.11484375 0.41171875 0.02343750 0.02343750
2 0.18906250 0.05468750 0.01875000 0.01562500
2 0.31171875 0.47812500 0.02343750 0.03125000
2 0.85625000 0.47031250 0.01875000 0.01250000
2 0.35703125 0.35234375 0.01093750 0.02031250
2 0.05937500 0.27968750 0.02812500 0.02812500
2 0.27421875 0.49453125 0.02656250 0.03593750
2 0.12734375 0.44218750 0.02343750 0.02500000
2 0.28046875 0.13671875 0.01718750 0.03906250
2 0.12109375 0.42812500 0.03593750 0.05625000
2 0.27968750 0.48828125 0.01562500 0.02656250
2 0.52734375 0.19609375 0.02343750 0.02343750
2 0.12578125 0.42031250 0.02031250 0.01562500
2 0.84296875 0.29921875 0.01718750 0.01718750
2 0.41718750 0.57031250 0.03437500 0.01875000
2 0.39921875 0.45000000 0.02031250 0.02187500
2 0.73828125 0.47265625 0.02656250 0.01718750
2 0.26718750 0.62031250 0.01875000 0.02500000
2 0.35937500 0.42578125 0.02187500 0.04843750
2 0.23046875 0.06250000 0.01406250 0.01875000
2 0.34531250 0.57812500 0.04687500 0.02812500
2 0.04062500 0.29921875 0.04375000 0.04218750
2 0.82656250 0.31171875 0.02500000 0.02031250
2 0.45781250 0.85000000 0.02187500 0.01562500
2 0.99531250 0.32734375 0.00937500 0.02656250
2 0.76718750 0.43515625 0.01562500 0.03281250
2 0.26875000 0.49921875 0.01562500 0.02656250
2 0.28046875 0.12578125 0.01406250 0.02343750
1 0.85546875 0.43984375 0.11406250 0.04843750
1 0.38203125 0.93750000 0.10468750 0.04375000
1 0.59062500 0.42812500 0.10312500 0.04375000
1 0.63515625 0.30625000 0.09843750 0.05937500
1 0.97187500 0.43281250 0.05625000 0.03750000
1 0.56640625 0.69140625 0.10468750 0.03906250
1 0.03046875 0.68750000 0.06093750 0.04062500
1 0.83828125 0.75312500 0.10156250 0.04062500
1 0.92734375 0.69531250 0.10468750 0.04062500
1 0.66406250 0.81171875 0.10000000 0.03906250
1 0.05390625 0.95234375 0.08906250 0.04218750
1 0.33828125 0.22734375 0.04531250 0.09218750
1 0.23125000 0.16796875 0.04375000 0.10468750
1 0.83437500 0.98906250 0.10312500 0.02187500
1 0.26250000 0.74531250 0.09375000 0.03750000
1 0.67734375 0.62656250 0.09843750 0.04687500
1 0.46796875 0.40156250 0.11093750 0.05312500
1 0.98593750 0.81953125 0.02812500 0.03906250
1 0.79062500 0.82031250 0.10312500 0.03750000
1 0.34531250 0.05390625 0.04687500 0.08281250
1 0.52187500 0.81406250 0.10000000 0.03750000
1 0.55234375 0.75312500 0.08593750 0.04375000
1 0.72578125 0.91015625 0.09531250 0.03593750
1 0.51015625 0.25078125 0.07968750 0.08281250
1 0.28359375 0.98750000 0.09531250 0.02500000
1 0.73750000 0.30937500 0.09687500 0.04375000
1 0.36015625 0.68437500 0.10468750 0.04062500
