2 0.88203125 0.48593750 0.03593750 0.01875000
2 0.81406250 0.54453125 0.02187500 0.02343750
2 0.86015625 0.54296875 0.02031250 0.02343750
2 0.73593750 0.48593750 0.01250000 0.02812500
2 0.51328125 0.53750000 0.02343750 0.02187500
2 0.74296875 0.56015625 0.01406250 0.02343750
2 0.71250000 0.42265625 0.01250000 0.02343750
1 0.90703125 0.19609375 0.08906250 0.03593750
1 0.64140625 0.19921875 0.09218750 0.03906250
1 0.31328125 0.32421875 0.09843750 0.03906250
1 0.79687500 0.31328125 0.10000000 0.04218750
1 0.43203125 0.26406250 0.08906250 0.04062500
1 0.85781250 0.37421875 0.09687500 0.03906250
1 0.63359375 0.37343750 0.09531250 0.04062500
1 0.22500000 0.20468750 0.09687500 0.04062500
1 0.19687500 0.26250000 0.08125000 0.03750000
1 0.09843750 0.13906250 0.09687500 0.03750000
1 0.11093750 0.20468750 0.10312500 0.04062500
1 0.78515625 0.19531250 0.10468750 0.03750000
1 0.33515625 0.20859375 0.09843750 0.04218750
1 0.99375000 0.19375000 0.01250000 0.03750000
1 0.54921875 0.32578125 0.09843750 0.03906250
1 0.04687500 0.07812500 0.09375000 0.04062500
1 0.49921875 0.20156250 0.10156250 0.04375000
1 0.13046875 0.32031250 0.09843750 0.03750000
1 0.87812500 0.25468750 0.08437500 0.03750000
