2 0.16484375 0.97500000 0.03593750 0.04375000
2 0.12109375 0.62343750 0.02031250 0.02812500
2 0.12578125 0.64296875 0.02343750 0.01718750
2 0.64140625 0.50312500 0.02031250 0.02500000
2 0.72109375 0.97500000 0.02343750 0.02187500
2 0.55859375 0.56093750 0.03281250 0.02500000
2 0.02343750 0.56796875 0.02812500 0.01718750
2 0.72890625 0.57343750 0.04843750 0.05625000
2 0.59843750 0.63046875 0.02500000 0.01718750
2 0.50078125 0.54921875 0.03906250 0.02656250
2 0.26718750 0.56640625 0.01875000 0.01718750
2 0.20000000 0.99375000 0.02812500 0.01250000
2 0.26640625 0.56406250 0.02031250 0.02187500
2 0.06796875 0.59062500 0.01718750 0.02187500
2 0.14140625 0.56562500 0.02031250 0.02500000
2 0.53906250 0.57031250 0.02812500 0.01875000
2 0.43125000 0.54453125 0.03750000 0.02968750
2 0.62734375 0.66953125 0.02343750 0.02031250
2 0.34609375 0.56406250 0.01718750 0.01250000
2 0.42265625 0.57968750 0.02031250 0.01875000
2 0.42890625 0.57578125 0.03281250 0.02656250
2 0.01250000 0.54296875 0.02500000 0.01718750
2 0.86250000 0.61250000 0.02812500 0.02187500
2 0.26562500 0.73750000 0.04375000 0.02812500
2 0.46015625 0.59218750 0.02343750 0.01875000
2 0.24062500 0.60390625 0.01875000 0.02031250
2 0.14531250 0.77109375 0.01875000 0.01718750
2 0.27187500 0.56250000 0.02812500 0.02500000
2 0.12343750 0.63046875 0.02812500 0.04218750
2 0.13125000 0.56562500 0.04062500 0.02812500
2 0.23437500 0.60468750 0.03125000 0.02187500
2 0.19062500 0.58203125 0.02500000 0.02343750
2 0.50937500 0.54687500 0.02500000 0.02187500
2 0.35312500 0.55625000 0.03125000 0.02812500
2 0.77187500 0.92187500 0.01562500 0.01250000
2 0.25625000 0.73515625 0.02500000 0.02343750
2 0.13203125 0.59531250 0.02968750 0.02500000
2 0.01484375 0.34296875 0.02968750 0.03906250
2 0.50156250 0.87500000 0.02500000 0.02500000
2 0.01640625 0.81875000 0.01406250 0.01562500
2 0.58906250 0.60625000 0.02187500 0.01875000
2 0.35781250 0.55234375 0.02187500 0.02343750
2 0.61953125 0.70781250 0.01718750 0.01562500
2 0.12265625 0.76875000 0.01718750 0.01562500
2 0.49062500 0.55156250 0.01875000 0.02187500
2 0.46171875 0.58203125 0.03906250 0.03906250
2 0.08671875 0.55781250 0.02031250 0.01562500
2 0.47578125 0.51484375 0.02656250 0.02343750
2 0.50546875 0.87656250 0.04531250 0.03437500
2 0.64687500 0.50312500 0.03437500 0.02500000
2 0.71093750 0.53281250 0.02812500 0.02187500
2 0.23984375 0.60390625 0.02031250 0.02031250
2 0.14609375 0.77812500 0.02343750 0.03125000
2 0.67187500 0.54843750 0.02500000 0.02500000
1 0.96015625 0.03203125 0.07968750 0.03593750
1 0.67656250 0.02968750 0.09062500 0.03437500
1 0.59218750 0.12890625 0.08750000 0.03906250
1 0.10468750 0.14062500 0.09062500 0.03750000
1 0.00468750 0.27500000 0.00937500 0.03750000
1 0.26718750 0.34062500 0.08750000 0.03750000
1 0.03828125 0.39531250 0.07656250 0.03750000
1 0.97187500 0.42187500 0.05625000 0.03750000
1 0.47812500 0.07343750 0.09687500 0.03750000
1 0.00625000 0.21796875 0.01250000 0.03593750
1 0.32500000 0.46171875 0.10000000 0.03906250
1 0.99218750 0.14687500 0.01562500 0.03437500
1 0.22734375 0.39609375 0.08906250 0.03906250
1 0.99375000 0.37421875 0.01250000 0.02968750
1 0.22031250 0.09375000 0.08750000 0.03750000
1 0.67812500 0.07890625 0.09375000 0.03906250
1 0.57109375 0.36093750 0.10156250 0.04375000
1 0.98671875 0.09218750 0.02656250 0.04687500
1 0.83828125 0.47656250 0.09531250 0.05312500
1 0.46093750 0.16406250 0.09375000 0.04062500
1 0.25312500 0.01093750 0.09687500 0.02187500
1 0.46406250 0.40859375 0.09062500 0.03593750
1 0.76250000 0.19375000 0.09687500 0.04062500
