0 0.13046875 0.03750000 0.23906250 0.05312500
1 0.82578125 0.04921875 0.09218750 0.03593750
1 0.75000000 0.17031250 0.09062500 0.04062500
1 0.95234375 0.04843750 0.09531250 0.04062500
1 0.62500000 0.16640625 0.10312500 0.03906250
1 0.45156250 0.28593750 0.09687500 0.03750000
1 0.30234375 0.21640625 0.08281250 0.03593750
1 0.52968750 0.22343750 0.08750000 0.03125000
1 0.91250000 0.23046875 0.10000000 0.03906250
1 0.53828125 0.05156250 0.09531250 0.04062500
1 0.02031250 0.21328125 0.04062500 0.05156250
1 0.78750000 0.29218750 0.09687500 0.03750000
1 0.40781250 0.22265625 0.08750000 0.03906250
1 0.02343750 0.09375000 0.04687500 0.03437500
1 0.99375000 0.23203125 0.01250000 0.03281250
1 0.32656250 0.28359375 0.07812500 0.03906250
1 0.96875000 0.17421875 0.06250000 0.03906250
1 0.67656250 0.28984375 0.09375000 0.03906250
1 0.21406250 0.27734375 0.09375000 0.03906250
1 0.21562500 0.10000000 0.08750000 0.04062500
1 0.43359375 0.15703125 0.09218750 0.03906250
1 0.90312500 0.29531250 0.08437500 0.03750000
1 0.27265625 0.15703125 0.07343750 0.03593750
1 0.11484375 0.15468750 0.09531250 0.03750000
1 0.98750000 0.29453125 0.02500000 0.04218750
1 0.86875000 0.11250000 0.08750000 0.04375000
1 0.74921875 0.10781250 0.10156250 0.03750000
1 0.63828125 0.22656250 0.08281250 0.04062500
1 0.44453125 0.10390625 0.09218750 0.03906250
1 0.96171875 0.11328125 0.07656250 0.05156250
1 0.56406250 0.28515625 0.09375000 0.03906250
1 0.76875000 0.22500000 0.08750000 0.04062500
1 0.35703125 0.04765625 0.08593750 0.03906250
1 0.58828125 0.10859375 0.09531250 0.04218750
1 0.68281250 0.04921875 0.10000000 0.03906250
1 0.33828125 0.44453125 0.08906250 0.04218750
1 0.85937500 0.16953125 0.09375000 0.03906250
