2 0.75234375 0.15703125 0.03281250 0.03593750
2 0.12421875 0.48906250 0.04218750 0.02187500
2 0.78359375 0.15703125 0.03281250 0.03281250
2 0.32968750 0.56953125 0.02812500 0.03906250
2 0.41875000 0.65000000 0.01875000 0.02500000
2 0.42968750 0.47968750 0.04062500 0.03750000
2 0.76796875 0.15781250 0.06406250 0.03750000
2 0.30234375 0.44062500 0.02656250 0.02812500
2 0.34687500 0.74375000 0.02187500 0.01562500
2 0.49843750 0.94375000 0.02500000 0.06250000
2 0.76796875 0.17343750 0.06406250 0.06875000
2 0.75234375 0.17343750 0.03281250 0.06875000
2 0.75546875 0.19453125 0.01406250 0.02968750
0 0.16875000 0.32109375 0.25625000 0.06093750
1 0.07031250 0.20078125 0.09687500 0.03906250
1 0.95937500 0.06171875 0.08125000 0.08593750
1 0.89296875 0.95234375 0.03906250 0.08593750
1 0.88515625 0.70937500 0.04218750 0.09687500
1 0.01875000 0.31250000 0.03750000 0.04062500
1 0.38828125 0.11093750 0.09843750 0.05000000
1 0.88828125 0.83203125 0.03906250 0.09218750
1 0.35781250 0.98515625 0.04062500 0.02968750
1 0.61250000 0.78828125 0.05000000 0.09531250
1 0.58281250 0.97734375 0.03750000 0.04531250
1 0.25546875 0.25546875 0.10468750 0.03906250
1 0.35859375 0.82343750 0.05468750 0.09687500
1 0.83984375 0.96328125 0.03906250 0.07343750
1 0.76875000 0.66796875 0.04375000 0.08906250
1 0.20156250 0.19765625 0.10312500 0.03906250
1 0.09296875 0.25703125 0.10468750 0.04531250
1 0.73671875 0.47890625 0.05468750 0.09218750
1 0.97343750 0.46328125 0.05312500 0.09843750
1 0.83281250 0.80703125 0.04062500 0.09531250
1 0.77968750 0.89531250 0.04062500 0.09375000
1 0.58359375 0.21953125 0.07968750 0.07968750
1 0.25937500 0.46484375 0.05000000 0.02343750
1 0.83046875 0.68437500 0.03593750 0.09062500
