2 0.97734375 0.26171875 0.02343750 0.03906250
2 0.65234375 0.93437500 0.03593750 0.08750000
2 0.89687500 0.57656250 0.02187500 0.02500000
2 0.92578125 0.63984375 0.02031250 0.02031250
2 0.92812500 0.62812500 0.03437500 0.04375000
2 0.97656250 0.56953125 0.02500000 0.01718750
2 0.94687500 0.77500000 0.02187500 0.02812500
2 0.95468750 0.57187500 0.02812500 0.02187500
2 0.46328125 0.56093750 0.02968750 0.01875000
2 0.93437500 0.63125000 0.04062500 0.03750000
2 0.97421875 0.25390625 0.01718750 0.02343750
2 0.08281250 0.64687500 0.01875000 0.01875000
2 0.62890625 0.53906250 0.02031250 0.01875000
2 0.51406250 0.64296875 0.02812500 0.01406250
2 0.97109375 0.25468750 0.01093750 0.01875000
2 0.94843750 0.63281250 0.01562500 0.02187500
2 0.96875000 0.57109375 0.03125000 0.02031250
2 0.49531250 0.63046875 0.01562500 0.01093750
2 0.96718750 0.75000000 0.05937500 0.07812500
2 0.16093750 0.64062500 0.03125000 0.01562500
2 0.55859375 0.55156250 0.02343750 0.01875000
2 0.60468750 0.59765625 0.01562500 0.01406250
2 0.65312500 0.52031250 0.04062500 0.01875000
2 0.37500000 0.55546875 0.02187500 0.01406250
2 0.91171875 0.58515625 0.05156250 0.04218750
2 0.63437500 0.53046875 0.02812500 0.03281250
2 0.38437500 0.96484375 0.04687500 0.07031250
2 0.78984375 0.20859375 0.02656250 0.04218750
2 0.96015625 0.55390625 0.05781250 0.05781250
2 0.65781250 0.57109375 0.01875000 0.02343750
2 0.65234375 0.95078125 0.03281250 0.05468750
2 0.96562500 0.57187500 0.04687500 0.02187500
2 0.94375000 0.76953125 0.01562500 0.01718750
2 0.92265625 0.62187500 0.02343750 0.02812500
2 0.97343750 0.97578125 0.05312500 0.04843750
2 0.23671875 0.72265625 0.02031250 0.02343750
2 0.64765625 0.55468750 0.04218750 0.02187500
2 0.99218750 0.99375000 0.01562500 0.01250000
2 0.61718750 0.60156250 0.04062500 0.02500000
2 0.65000000 0.52578125 0.04687500 0.02968750
2 0.87578125 0.78046875 0.01718750 0.01718750
2 0.94531250 0.53906250 0.02812500 0.02812500
2 0.90078125 0.57734375 0.02968750 0.02656250
2 0.92734375 0.59609375 0.02656250 0.02656250
2 0.92265625 0.76484375 0.01406250 0.01718750
2 0.45937500 0.62656250 0.03437500 0.01875000
1 0.16718750 0.37656250 0.09062500 0.04375000
1 0.65156250 0.32656250 0.09062500 0.03437500
1 0.35078125 0.44218750 0.09218750 0.03750000
1 0.51093750 0.32656250 0.09062500 0.03750000
1 0.79218750 0.50312500 0.08125000 0.03750000
1 0.80000000 0.39375000 0.08750000 0.03437500
1 0.01250000 0.31875000 0.02500000 0.03750000
1 0.42656250 0.38515625 0.08125000 0.03593750
1 0.03906250 0.37500000 0.07812500 0.03750000
1 0.76875000 0.45000000 0.08437500 0.03750000
1 0.32890625 0.25937500 0.08593750 0.04062500
1 0.13828125 0.20156250 0.09531250 0.03750000
1 0.29453125 0.37890625 0.08593750 0.04218750
1 0.66328125 0.39296875 0.08906250 0.03593750
1 0.11562500 0.32343750 0.09062500 0.03750000
1 0.54375000 0.38515625 0.06562500 0.04843750
1 0.30468750 0.03437500 0.08437500 0.06875000
1 0.37968750 0.32500000 0.09375000 0.03750000
1 0.47578125 0.44687500 0.09531250 0.03750000
1 0.09140625 0.01171875 0.09218750 0.02343750
1 0.56562500 0.26718750 0.08437500 0.04062500
1 0.65937500 0.44296875 0.09687500 0.03906250
1 0.46171875 0.20468750 0.09843750 0.03750000
1 0.76562500 0.33359375 0.08750000 0.03593750
1 0.24609375 0.32500000 0.09843750 0.04375000
1 0.68046875 0.57031250 0.10468750 0.04687500
