1 0.86562500 0.14062500 0.08750000 0.03437500
1 0.58750000 0.52500000 0.05000000 0.02500000
1 0.88515625 0.01328125 0.08281250 0.02656250
1 0.96250000 0.54765625 0.07500000 0.04843750
1 0.04453125 0.32421875 0.08906250 0.03593750
1 0.27421875 0.32656250 0.09843750 0.03750000
1 0.82109375 0.39453125 0.09218750 0.04531250
1 0.54062500 0.20625000 0.08437500 0.03750000
1 0.30703125 0.44765625 0.09531250 0.03906250
1 0.51640625 0.38281250 0.08906250 0.05312500
1 0.05937500 0.43906250 0.10000000 0.03750000
1 0.18906250 0.37968750 0.08750000 0.04062500
1 0.65390625 0.21562500 0.07968750 0.03125000
1 0.66093750 0.27890625 0.09375000 0.03593750
1 0.26875000 0.13046875 0.10000000 0.04531250
1 0.90234375 0.07421875 0.09531250 0.04218750
1 0.52578125 0.32500000 0.09843750 0.04687500
1 0.68828125 0.57187500 0.09843750 0.03750000
1 0.50468750 0.27343750 0.09375000 0.03750000
1 0.27031250 0.05546875 0.09687500 0.04218750
1 0.51796875 0.44453125 0.07968750 0.03593750
1 0.01796875 0.01718750 0.03593750 0.03437500
1 0.68750000 0.58906250 0.10000000 0.07187500
1 0.76796875 0.27343750 0.08281250 0.03750000
1 0.66328125 0.01484375 0.09218750 0.02968750
1 0.76796875 0.21718750 0.08593750 0.03750000
1 0.70156250 0.11875000 0.08750000 0.03437500
1 0.94375000 0.33984375 0.09062500 0.03593750
2 0.90781250 0.57500000 0.03750000 0.02500000
2 0.34218750 0.55234375 0.01562500 0.01718750
2 0.94531250 0.77734375 0.02187500 0.03281250
2 0.32421875 0.54921875 0.01718750 0.02343750
2 0.49218750 0.57265625 0.03437500 0.02031250
2 0.00859375 0.09140625 0.01718750 0.03593750
2 0.58671875 0.52421875 0.04843750 0.02343750
2 0.33359375 0.55000000 0.03281250 0.02187500
