2 0.95468750 0.05468750 0.01562500 0.03437500
2 0.89531250 0.01562500 0.01875000 0.03125000
2 0.71328125 0.57421875 0.02031250 0.01718750
2 0.95312500 0.78515625 0.02187500 0.02968750
2 0.36328125 0.59296875 0.01718750 0.01718750
2 0.11406250 0.54531250 0.03750000 0.01250000
2 0.43750000 0.57109375 0.05000000 0.02343750
2 0.93281250 0.64921875 0.02187500 0.02343750
2 0.95468750 0.04765625 0.01562500 0.02031250
2 0.94375000 0.78359375 0.04062500 0.03281250
2 0.96406250 0.62031250 0.02187500 0.03750000
2 0.42578125 0.56875000 0.02656250 0.01875000
2 0.93125000 0.77578125 0.01562500 0.01718750
2 0.45312500 0.56953125 0.02187500 0.01718750
2 0.28359375 0.56328125 0.01718750 0.02031250
2 0.37031250 0.58984375 0.03125000 0.02343750
2 0.85546875 0.57421875 0.02968750 0.02031250
2 0.21718750 0.58125000 0.02812500 0.01562500
2 0.99296875 0.01250000 0.01406250 0.02187500
2 0.89375000 0.57656250 0.02500000 0.02500000
2 0.82187500 0.57500000 0.02187500 0.01562500
2 0.99218750 0.01953125 0.01562500 0.03593750
2 0.90078125 0.59921875 0.02656250 0.02031250
2 0.97265625 0.98046875 0.03906250 0.03906250
2 0.50625000 0.64375000 0.01250000 0.00937500
2 0.87187500 0.57265625 0.02187500 0.02343750
2 0.66015625 0.96328125 0.03593750 0.05156250
2 0.42343750 0.56875000 0.02187500 0.01875000
0 0.17109375 0.96250000 0.12656250 0.07500000
0 0.11953125 0.46093750 0.23906250 0.05312500
0 0.25546875 0.46250000 0.51093750 0.05625000
0 0.38281250 0.46328125 0.25312500 0.05468750
1 0.07968750 0.33281250 0.08750000 0.04375000
1 0.02343750 0.38750000 0.04687500 0.04375000
1 0.38906250 0.40312500 0.10000000 0.03750000
1 0.52578125 0.39531250 0.08906250 0.03750000
1 0.63437500 0.34218750 0.10312500 0.04062500
1 0.36796875 0.33671875 0.09531250 0.03906250
1 0.73984375 0.52578125 0.08906250 0.03593750
1 0.21015625 0.34218750 0.09531250 0.03750000
1 0.90703125 0.52734375 0.08906250 0.04218750
1 0.77109375 0.22578125 0.08906250 0.03906250
1 0.11171875 0.39218750 0.09218750 0.04062500
1 0.49921875 0.34296875 0.09218750 0.03593750
1 0.78515625 0.40390625 0.08906250 0.03593750
1 0.25078125 0.39296875 0.09531250 0.04218750
1 0.76953125 0.28046875 0.08593750 0.03906250
1 0.64843750 0.39765625 0.09375000 0.03593750
1 0.45703125 0.11015625 0.05781250 0.09218750
1 0.77734375 0.46015625 0.09531250 0.04218750
1 0.62031250 0.45703125 0.10312500 0.03906250
1 0.03281250 0.00781250 0.06562500 0.01562500
1 0.62031250 0.28593750 0.09375000 0.03750000
1 0.75703125 0.34140625 0.08593750 0.03593750
