2 0.94531250 0.60468750 0.03750000 0.01250000
2 0.68125000 0.60000000 0.01250000 0.02187500
2 0.66406250 0.65156250 0.02812500 0.02187500
2 0.69843750 0.54062500 0.01875000 0.03437500
2 0.84296875 0.54687500 0.03281250 0.02187500
1 0.88671875 0.40156250 0.10468750 0.04375000
1 0.97187500 0.34296875 0.05625000 0.06718750
1 0.74921875 0.93828125 0.09531250 0.04218750
1 0.88984375 0.93828125 0.10468750 0.04531250
1 0.02656250 0.94765625 0.05312500 0.03906250
1 0.38125000 0.94296875 0.10000000 0.03906250
1 0.03125000 0.99218750 0.06250000 0.01562500
1 0.97421875 0.87968750 0.05156250 0.03750000
1 0.12031250 0.95156250 0.10312500 0.04062500
1 0.78750000 0.98593750 0.09687500 0.02812500
1 0.24609375 0.94765625 0.09843750 0.03593750
1 0.30156250 0.41562500 0.04375000 0.09062500
1 0.63593750 0.94140625 0.08437500 0.03906250
1 0.98281250 0.50781250 0.03437500 0.02187500
1 0.41953125 0.99062500 0.09843750 0.01875000
1 0.02031250 0.42421875 0.04062500 0.06718750
1 0.51640625 0.94140625 0.10781250 0.04218750
1 0.37578125 0.39843750 0.04218750 0.09062500
1 0.16796875 0.99218750 0.11093750 0.01562500
1 0.53906250 0.98984375 0.09687500 0.02031250
1 0.28593750 0.99296875 0.10312500 0.01406250
1 0.81562500 0.88203125 0.09687500 0.03906250
