1 0.03437500 0.24921875 0.06875000 0.03906250
1 0.81718750 0.18437500 0.09062500 0.03750000
1 0.03906250 0.30468750 0.07812500 0.03437500
1 0.43281250 0.30703125 0.10000000 0.03906250
1 0.78359375 0.36640625 0.08593750 0.03906250
1 0.52968750 0.24609375 0.10625000 0.04531250
1 0.01484375 0.19531250 0.02968750 0.04687500
1 0.57734375 0.36953125 0.11093750 0.04218750
1 0.06093750 0.35625000 0.09375000 0.04062500
1 0.30859375 0.18984375 0.09218750 0.03593750
1 0.29921875 0.31015625 0.10156250 0.04218750
1 0.41328125 0.03281250 0.10156250 0.04375000
1 0.13671875 0.25390625 0.10156250 0.03906250
1 0.75937500 0.24609375 0.09375000 0.04218750
1 0.18203125 0.30703125 0.10781250 0.03906250
1 0.68046875 0.31484375 0.08906250 0.03906250
1 0.89843750 0.24843750 0.10312500 0.04375000
1 0.55078125 0.30625000 0.09843750 0.04062500
1 0.39609375 0.24765625 0.09843750 0.03906250
1 0.69453125 0.31562500 0.06093750 0.03750000
1 0.53437500 0.19218750 0.09687500 0.04062500
1 0.64765625 0.24687500 0.08281250 0.03750000
1 0.26093750 0.25312500 0.09687500 0.03437500
1 0.98906250 0.37500000 0.02187500 0.03750000
1 0.79609375 0.30234375 0.09218750 0.03906250
0 0.92421875 0.31484375 0.15156250 0.05468750
0 0.27421875 0.37265625 0.26718750 0.06406250
2 0.71484375 0.41406250 0.01093750 0.02500000
