2 0.81953125 0.17421875 0.01406250 0.02656250
2 0.15468750 0.59062500 0.02812500 0.02187500
2 0.16171875 0.64687500 0.02343750 0.01875000
2 0.26718750 0.74609375 0.03125000 0.04218750
2 0.01328125 0.85000000 0.02656250 0.02500000
2 0.02109375 0.41171875 0.02031250 0.03593750
2 0.34296875 0.40234375 0.01718750 0.03281250
2 0.01875000 0.41953125 0.01562500 0.02343750
2 0.01875000 0.42031250 0.01562500 0.02187500
2 0.81640625 0.11406250 0.01718750 0.02500000
2 0.14921875 0.65312500 0.04843750 0.03125000
2 0.96562500 0.76015625 0.01562500 0.01718750
2 0.25000000 0.58203125 0.01875000 0.02656250
2 0.22265625 0.67031250 0.02031250 0.01562500
2 0.26562500 0.75468750 0.02812500 0.02812500
2 0.08828125 0.55078125 0.02343750 0.02031250
2 0.15156250 0.60468750 0.02500000 0.01562500
2 0.25078125 0.62656250 0.02343750 0.02187500
2 0.96250000 0.76015625 0.02187500 0.02031250
2 0.08593750 0.80078125 0.02187500 0.02031250
2 0.35156250 0.40312500 0.01875000 0.03125000
2 0.20546875 0.20625000 0.01718750 0.01562500
2 0.18281250 0.20156250 0.01875000 0.01562500
2 0.20156250 0.31484375 0.02187500 0.01406250
2 0.26640625 0.73906250 0.02343750 0.02500000
2 0.34531250 0.48359375 0.01562500 0.02968750
2 0.24687500 0.62656250 0.01875000 0.02187500
2 0.13828125 0.65625000 0.02656250 0.02812500
2 0.33281250 0.39765625 0.01875000 0.02343750
2 0.15234375 0.60390625 0.02656250 0.01718750
2 0.14687500 0.20312500 0.02187500 0.01562500
2 0.15390625 0.59531250 0.02968750 0.03125000
2 0.02265625 0.40312500 0.01406250 0.01875000
2 0.35234375 0.41015625 0.01718750 0.01718750
2 0.33203125 0.88046875 0.01406250 0.02031250
2 0.99609375 0.74453125 0.00781250 0.01406250
2 0.14218750 0.65000000 0.01875000 0.01562500
2 0.01875000 0.84453125 0.01562500 0.01406250
2 0.35546875 0.91250000 0.01093750 0.03125000
2 0.29375000 0.24687500 0.01562500 0.01875000
2 0.99296875 0.38906250 0.01406250 0.01562500
2 0.37421875 0.76406250 0.02656250 0.02812500
2 0.13203125 0.78203125 0.01406250 0.01406250
2 0.14375000 0.20312500 0.01875000 0.01562500
2 0.35234375 0.39843750 0.01718750 0.02500000
2 0.15625000 0.78671875 0.01562500 0.02031250
2 0.37500000 0.85156250 0.02187500 0.03125000
2 0.78125000 0.15703125 0.01562500 0.01406250
2 0.31015625 0.40000000 0.01718750 0.02500000
2 0.52890625 0.00937500 0.01718750 0.01875000
2 0.15781250 0.79375000 0.01875000 0.03437500
1 0.01250000 0.16250000 0.02500000 0.30312500
1 0.20468750 0.59140625 0.04062500 0.02343750
1 0.04218750 0.02031250 0.08437500 0.04062500
1 0.32421875 0.60000000 0.07656250 0.07500000
1 0.15468750 0.52343750 0.08750000 0.03437500
1 0.82109375 0.77734375 0.08593750 0.11406250
1 0.45937500 0.03671875 0.03750000 0.07343750
1 0.01015625 0.53750000 0.02031250 0.04062500
1 0.01171875 0.35390625 0.02343750 0.03593750
1 0.45546875 0.81015625 0.03593750 0.09218750
1 0.73984375 0.95625000 0.04531250 0.08750000
1 0.46718750 0.32500000 0.03750000 0.09062500
1 0.66718750 0.15937500 0.03750000 0.09375000
1 0.98828125 0.97812500 0.02343750 0.04375000
1 0.52187500 0.55000000 0.03437500 0.09062500
1 0.53046875 0.90078125 0.04218750 0.09843750
1 0.52109375 0.17968750 0.03906250 0.08750000
1 0.11640625 0.57656250 0.04218750 0.02500000
1 0.46484375 0.99296875 0.03906250 0.01406250
1 0.66406250 0.57812500 0.03437500 0.08750000
