1 0.01250000 0.09843750 0.02500000 0.03437500
1 0.43125000 0.28281250 0.09687500 0.03750000
1 0.70078125 0.16875000 0.07343750 0.03437500
1 0.96796875 0.05312500 0.06406250 0.03437500
1 0.93593750 0.17265625 0.09375000 0.03906250
1 0.02656250 0.15859375 0.05312500 0.03281250
1 0.30312500 0.16171875 0.08750000 0.03593750
1 0.88281250 0.29218750 0.10312500 0.04062500
1 0.61640625 0.22343750 0.09218750 0.03750000
1 0.49765625 0.10703125 0.09531250 0.03593750
1 0.20703125 0.04531250 0.08281250 0.03750000
1 0.32031250 0.28359375 0.08437500 0.03906250
1 0.87421875 0.06015625 0.09531250 0.03593750
1 0.65312500 0.28750000 0.09375000 0.03750000
1 0.90390625 0.23046875 0.10156250 0.03593750
1 0.54765625 0.29218750 0.09843750 0.03750000
1 0.22109375 0.28203125 0.10468750 0.03906250
1 0.37031250 0.22421875 0.08750000 0.03593750
1 0.49062500 0.16406250 0.10000000 0.04062500
1 0.78593750 0.22500000 0.09687500 0.03750000
1 0.97656250 0.29218750 0.04687500 0.04062500
1 0.26328125 0.10390625 0.09843750 0.04531250
1 0.11093750 0.21718750 0.09375000 0.03750000
1 0.84921875 0.11171875 0.09218750 0.03593750
1 0.39687500 0.04609375 0.09062500 0.03593750
1 0.98515625 0.11562500 0.02968750 0.03750000
1 0.02968750 0.04453125 0.05937500 0.03281250
1 0.67656250 0.11250000 0.09062500 0.03750000
1 0.81093750 0.17109375 0.09375000 0.03906250
1 0.99453125 0.23203125 0.01093750 0.03593750
1 0.77109375 0.29140625 0.08906250 0.03906250
0 0.67265625 0.04687500 0.25781250 0.05312500
