1 0.97500000 0.35781250 0.05000000 0.06562500
1 0.71171875 0.94531250 0.08281250 0.03750000
1 0.35546875 0.82187500 0.09531250 0.03750000
1 0.95234375 0.99218750 0.09531250 0.01562500
1 0.90312500 0.65078125 0.10312500 0.04843750
1 0.25546875 0.76640625 0.10156250 0.03906250
1 0.09687500 0.89140625 0.10312500 0.04218750
1 0.33515625 0.89531250 0.09843750 0.04062500
1 0.90703125 0.88281250 0.08906250 0.03750000
1 0.99375000 0.88125000 0.01250000 0.03437500
1 0.06718750 0.95078125 0.08437500 0.03593750
1 0.22578125 0.89218750 0.09531250 0.04062500
1 0.07500000 0.71484375 0.10000000 0.03906250
1 0.89453125 0.41093750 0.10468750 0.04687500
1 0.02968750 0.99296875 0.05937500 0.01406250
1 0.64140625 0.88671875 0.09218750 0.03906250
1 0.31484375 0.42421875 0.04218750 0.08906250
1 0.78437500 0.88281250 0.10312500 0.03750000
1 0.50000000 0.88828125 0.10000000 0.04218750
1 0.64296875 0.98984375 0.08593750 0.02031250
1 0.30625000 0.95234375 0.08750000 0.03906250
1 0.03046875 0.43125000 0.05468750 0.06250000
1 0.38671875 0.40703125 0.04218750 0.08906250
1 0.18750000 0.99609375 0.09375000 0.00781250
2 0.81875000 0.51328125 0.02812500 0.02031250
2 0.78046875 0.52031250 0.01718750 0.02187500
2 0.89765625 0.53750000 0.02343750 0.01875000
