1 0.42500000 0.90781250 0.09687500 0.04687500
1 0.89921875 0.73906250 0.09531250 0.03437500
1 0.39921875 0.78437500 0.09218750 0.04062500
1 0.42109375 0.84531250 0.10468750 0.04375000
1 0.82812500 0.97187500 0.09687500 0.03750000
1 0.61484375 0.97031250 0.09531250 0.04062500
1 0.15625000 0.83750000 0.09375000 0.03750000
1 0.15937500 0.56640625 0.08750000 0.06406250
1 0.48125000 0.72578125 0.09375000 0.04218750
1 0.73593750 0.73984375 0.09375000 0.03906250
1 0.18437500 0.77890625 0.09062500 0.04843750
1 0.94609375 0.98125000 0.09843750 0.03750000
1 0.79765625 0.85546875 0.09218750 0.03906250
1 0.71953125 0.97187500 0.08593750 0.04062500
1 0.63203125 0.67656250 0.08593750 0.04062500
1 0.16562500 0.90468750 0.09375000 0.03750000
1 0.72812500 0.79609375 0.08437500 0.04218750
1 0.88281250 0.67421875 0.09062500 0.03906250
1 0.99609375 0.85625000 0.00781250 0.03437500
2 0.29765625 0.52812500 0.02343750 0.02812500
2 0.36250000 0.57421875 0.02187500 0.02031250
2 0.69296875 0.60937500 0.01406250 0.02187500
