1 0.75937500 0.66015625 0.07187500 0.08906250
1 0.89453125 0.83906250 0.07656250 0.07187500
1 0.51093750 0.26484375 0.03437500 0.08906250
1 0.56718750 0.17421875 0.03750000 0.09531250
1 0.03046875 0.93750000 0.06093750 0.03750000
1 0.11171875 0.86250000 0.09218750 0.06875000
1 0.51406250 0.03750000 0.03437500 0.07500000
1 0.51406250 0.15156250 0.03437500 0.08125000
1 0.62343750 0.28515625 0.04375000 0.09531250
1 0.56953125 0.27734375 0.03281250 0.06718750
1 0.56406250 0.05312500 0.03437500 0.09375000
1 0.61640625 0.08671875 0.03593750 0.08281250
1 0.22656250 0.65078125 0.07500000 0.05468750
2 0.34140625 0.45546875 0.01718750 0.01718750
2 0.29062500 0.41875000 0.01562500 0.01562500
2 0.33203125 0.47109375 0.03593750 0.05468750
2 0.19218750 0.44531250 0.02187500 0.02187500
2 0.36484375 0.41171875 0.02656250 0.04531250
2 0.36875000 0.33281250 0.01562500 0.03125000
2 0.38515625 0.29218750 0.03281250 0.04375000
2 0.89375000 0.13359375 0.01562500 0.03281250
2 0.86875000 0.03828125 0.01875000 0.02968750
2 0.25859375 0.30468750 0.01406250 0.01250000
2 0.95312500 0.44609375 0.01250000 0.01406250
2 0.36796875 0.42500000 0.02031250 0.02500000
2 0.94843750 0.53046875 0.03125000 0.02343750
2 0.24296875 0.11093750 0.01406250 0.02187500
2 0.18359375 0.46718750 0.01718750 0.02187500
2 0.32812500 0.45234375 0.01875000 0.02031250
2 0.20234375 0.47656250 0.01406250 0.01562500
2 0.31250000 0.17578125 0.01562500 0.02031250
2 0.20078125 0.46796875 0.01718750 0.03281250
2 0.00859375 0.46171875 0.01718750 0.02656250
2 0.37656250 0.29609375 0.01875000 0.02968750
2 0.88828125 0.13984375 0.02343750 0.04218750
2 0.00390625 0.85859375 0.00781250 0.00781250
2 0.23593750 0.40156250 0.01875000 0.02187500
2 0.11093750 0.40937500 0.01562500 0.01250000
2 0.88437500 0.14687500 0.01875000 0.02812500
2 0.19375000 0.97500000 0.01562500 0.02187500
2 0.36796875 0.33125000 0.01406250 0.02187500
2 0.33359375 0.45234375 0.02968750 0.02031250
2 0.07109375 0.85546875 0.01406250 0.01718750
2 0.11718750 0.44218750 0.01250000 0.01562500
2 0.40312500 0.26562500 0.02187500 0.03750000
2 0.23906250 0.40312500 0.01562500 0.01875000
2 0.39062500 0.29687500 0.02187500 0.03437500
2 0.59531250 0.45781250 0.01562500 0.02187500
2 0.34531250 0.35937500 0.01875000 0.02187500
2 0.32187500 0.49296875 0.01875000 0.01406250
2 0.39453125 0.27812500 0.01406250 0.02500000
2 0.32500000 0.48437500 0.01562500 0.02500000
2 0.23046875 0.40078125 0.01093750 0.02031250
2 0.19140625 0.45937500 0.03281250 0.04687500
2 0.88828125 0.16406250 0.02343750 0.09062500
2 0.95703125 0.52890625 0.01406250 0.02031250
2 0.35625000 0.35546875 0.04062500 0.03281250
2 0.06796875 0.98515625 0.01406250 0.02343750
2 0.37890625 0.42578125 0.03906250 0.02656250
2 0.36953125 0.41406250 0.03593750 0.04687500
2 0.95078125 0.44531250 0.01718750 0.01875000
2 0.25937500 0.47812500 0.01875000 0.02187500
2 0.40078125 0.26015625 0.01718750 0.02656250
2 0.35703125 0.39765625 0.01406250 0.01718750
2 0.36718750 0.35390625 0.01562500 0.02343750
2 0.27890625 0.04062500 0.01406250 0.03125000
2 0.29140625 0.18046875 0.01093750 0.01718750
2 0.59531250 0.47031250 0.01875000 0.04687500
2 0.37031250 0.32265625 0.01875000 0.04218750
2 0.27265625 0.55859375 0.02343750 0.02031250
2 0.66718750 0.28671875 0.01250000 0.01718750
2 0.89375000 0.20000000 0.01250000 0.01875000
2 0.36562500 0.16484375 0.02187500 0.03281250
2 0.35156250 0.19531250 0.01875000 0.06562500
