1 0.84453125 0.40312500 0.11406250 0.04687500
1 0.44140625 0.87500000 0.10468750 0.04062500
1 0.58281250 0.40468750 0.10625000 0.04375000
1 0.98750000 0.26875000 0.02500000 0.05000000
1 0.76484375 0.71875000 0.07968750 0.03750000
1 0.92734375 0.89375000 0.11406250 0.05000000
1 0.41328125 0.60859375 0.09531250 0.03906250
1 0.14843750 0.74218750 0.08125000 0.04062500
1 0.45078125 0.67031250 0.10156250 0.04062500
1 0.21250000 0.52734375 0.08750000 0.07968750
1 0.32187500 0.21562500 0.04375000 0.09375000
1 0.94453125 0.77656250 0.10156250 0.04375000
1 0.32109375 0.95390625 0.10781250 0.04531250
1 0.97109375 0.71484375 0.05781250 0.03906250
1 0.64609375 0.78437500 0.10156250 0.04062500
1 0.02656250 0.98203125 0.05312500 0.03593750
1 0.21406250 0.15937500 0.04375000 0.10312500
1 0.75703125 0.66093750 0.10156250 0.04062500
1 0.45859375 0.38750000 0.11093750 0.05312500
1 0.96250000 0.39375000 0.06250000 0.03750000
1 0.77500000 0.78359375 0.10000000 0.03906250
1 0.56250000 0.72734375 0.10000000 0.04218750
1 0.32109375 0.04531250 0.04218750 0.08437500
1 0.51328125 0.78984375 0.10156250 0.04218750
1 0.49375000 0.23046875 0.08125000 0.08281250
1 0.55156250 0.92734375 0.09687500 0.04218750
1 0.72343750 0.27968750 0.09687500 0.04062500
1 0.98906250 0.66093750 0.02187500 0.03750000
0 0.62265625 0.98906250 0.25781250 0.02187500
2 0.88671875 0.27109375 0.02031250 0.02031250
2 0.42656250 0.55781250 0.02187500 0.01875000
2 0.49921875 0.61015625 0.04218750 0.02968750
2 0.80546875 0.28125000 0.01406250 0.01562500
2 0.42812500 0.56640625 0.02812500 0.03906250
2 0.08281250 0.40625000 0.02500000 0.01562500
2 0.65625000 0.42187500 0.05937500 0.03125000
2 0.88359375 0.27109375 0.01718750 0.01718750
2 0.20625000 0.05312500 0.01562500 0.01562500
2 0.98671875 0.43828125 0.02031250 0.01718750
2 0.56640625 0.43125000 0.02968750 0.01562500
2 0.90312500 0.51640625 0.02500000 0.03281250
2 0.47109375 0.82500000 0.02343750 0.02500000
2 0.35390625 0.42109375 0.02031250 0.02343750
2 0.34921875 0.39843750 0.01718750 0.02187500
2 0.85625000 0.53593750 0.01562500 0.02187500
2 0.40625000 0.43125000 0.04062500 0.03125000
2 0.16796875 0.38046875 0.01406250 0.01718750
2 0.39453125 0.43203125 0.01718750 0.01718750
2 0.92578125 0.53203125 0.02343750 0.01406250
2 0.98046875 0.47968750 0.01406250 0.02500000
2 0.23125000 0.36250000 0.01562500 0.02500000
2 0.25781250 0.13984375 0.01562500 0.04843750
2 0.31953125 0.51562500 0.01718750 0.02812500
2 0.81953125 0.87656250 0.01718750 0.02187500
2 0.35156250 0.40937500 0.02187500 0.04375000
2 0.88906250 0.37109375 0.03125000 0.05781250
2 0.86875000 0.27890625 0.02500000 0.01718750
2 0.60000000 0.53515625 0.01875000 0.02343750
2 0.96328125 0.53828125 0.02968750 0.01718750
2 0.65546875 0.27968750 0.01718750 0.01562500
2 0.23281250 0.34843750 0.03437500 0.05625000
2 0.16250000 0.38359375 0.02500000 0.02343750
2 0.99609375 0.43281250 0.00781250 0.00937500
2 0.08203125 0.41093750 0.02968750 0.02500000
2 0.87812500 0.27343750 0.04062500 0.02500000
2 0.82734375 0.26718750 0.01718750 0.01562500
2 0.98906250 0.66171875 0.02187500 0.03906250
2 0.64062500 0.42890625 0.03125000 0.02031250
2 0.60468750 0.54687500 0.02812500 0.04687500
2 0.26406250 0.60781250 0.02500000 0.01875000
2 0.08125000 0.23046875 0.01250000 0.01718750
2 0.59687500 0.54843750 0.05312500 0.05000000
2 0.56953125 0.35000000 0.01406250 0.02812500
2 0.22812500 0.36171875 0.02187500 0.02656250
2 0.30703125 0.00859375 0.01406250 0.01718750
