2 0.89375000 0.14218750 0.02187500 0.04062500
2 0.37421875 0.34687500 0.02656250 0.02812500
2 0.40859375 0.30546875 0.01718750 0.03281250
2 0.53046875 0.46015625 0.01406250 0.02031250
2 0.39765625 0.32812500 0.02343750 0.02812500
2 0.38281250 0.31562500 0.01562500 0.02187500
2 0.12578125 0.38984375 0.01406250 0.01406250
2 0.36953125 0.18828125 0.03281250 0.08593750
2 0.39531250 0.33125000 0.02187500 0.02187500
2 0.71718750 0.61171875 0.05937500 0.02656250
2 0.25390625 0.40078125 0.02656250 0.02343750
2 0.18359375 0.46953125 0.01718750 0.01406250
2 0.23906250 0.40156250 0.02187500 0.02187500
2 0.03125000 0.58906250 0.01562500 0.01875000
2 0.19921875 0.48437500 0.02031250 0.01875000
2 0.08359375 0.54921875 0.02656250 0.02343750
2 0.35703125 0.31406250 0.01718750 0.02500000
2 0.02421875 0.58750000 0.02656250 0.02187500
2 0.17187500 0.47812500 0.04375000 0.03125000
2 0.70390625 0.61015625 0.03593750 0.02343750
2 0.26640625 0.47656250 0.01093750 0.01562500
2 0.23281250 0.40000000 0.01250000 0.01875000
2 0.00703125 0.46093750 0.01406250 0.02812500
2 0.01718750 0.45859375 0.01562500 0.02343750
2 0.87343750 0.04062500 0.02187500 0.03437500
2 0.15468750 0.35000000 0.01562500 0.02187500
2 0.19765625 0.48515625 0.02031250 0.01718750
2 0.07578125 0.61484375 0.02343750 0.02656250
2 0.35625000 0.31875000 0.01562500 0.01562500
2 0.09843750 0.41406250 0.01562500 0.01250000
2 0.01328125 0.06562500 0.02031250 0.02187500
2 0.38515625 0.29687500 0.01718750 0.02187500
2 0.07421875 0.54921875 0.01718750 0.02343750
2 0.01953125 0.58828125 0.01718750 0.02031250
2 0.50625000 0.17031250 0.13750000 0.12812500
2 0.11953125 0.40859375 0.01093750 0.01093750
2 0.15937500 0.48515625 0.01875000 0.01718750
2 0.40312500 0.33125000 0.01562500 0.01875000
2 0.72890625 0.61015625 0.02656250 0.02343750
2 0.35625000 0.22890625 0.01562500 0.02343750
2 0.08203125 0.54843750 0.02343750 0.02187500
2 0.08203125 0.54921875 0.02656250 0.02343750
2 0.00625000 0.85078125 0.01250000 0.02343750
2 0.98984375 0.56875000 0.01093750 0.01250000
2 0.49609375 0.45312500 0.01406250 0.01250000
2 0.26171875 0.07656250 0.04218750 0.08750000
2 0.50000000 0.44765625 0.01875000 0.02343750
2 0.94140625 0.25859375 0.02031250 0.02343750
2 0.61796875 0.49921875 0.01406250 0.01718750
2 0.37421875 0.33984375 0.02656250 0.01718750
2 0.90546875 0.01796875 0.05156250 0.03593750
2 0.48515625 0.11953125 0.07656250 0.08593750
2 0.39531250 0.31171875 0.04062500 0.04843750
2 0.38359375 0.30703125 0.01718750 0.03906250
2 0.40468750 0.30859375 0.01875000 0.03593750
2 0.06875000 0.61562500 0.01250000 0.02187500
2 0.50312500 0.44453125 0.01250000 0.01718750
2 0.07500000 0.61484375 0.02187500 0.02656250
2 0.98984375 0.44453125 0.02031250 0.02031250
2 0.03125000 0.58906250 0.01562500 0.01875000
2 0.35078125 0.14531250 0.02031250 0.05937500
1 0.62656250 0.12734375 0.04375000 0.09218750
1 0.33046875 0.88671875 0.08906250 0.04531250
1 0.62187500 0.70078125 0.09375000 0.04531250
1 0.04765625 0.71171875 0.09531250 0.04843750
1 0.24062500 0.70000000 0.08125000 0.04375000
1 0.12031250 0.80468750 0.08125000 0.03437500
1 0.87890625 0.77265625 0.08906250 0.03593750
1 0.57421875 0.27656250 0.03281250 0.06875000
1 0.03359375 0.95625000 0.06718750 0.07812500
1 0.12343750 0.87500000 0.09375000 0.04062500
1 0.51875000 0.15156250 0.03750000 0.08437500
1 0.35625000 0.80781250 0.10000000 0.04062500
1 0.56953125 0.05468750 0.03593750 0.09062500
1 0.15625000 0.75625000 0.08750000 0.03750000
1 0.72812500 0.88828125 0.10000000 0.03906250
1 0.51562500 0.26562500 0.03437500 0.08750000
1 0.91250000 0.83125000 0.08750000 0.03437500
1 0.62734375 0.03281250 0.04218750 0.05625000
1 0.03906250 0.98125000 0.07812500 0.03750000
1 0.74765625 0.07187500 0.04531250 0.09375000
1 0.97421875 0.89687500 0.05156250 0.03750000
1 0.45078125 0.75468750 0.09531250 0.03750000
1 0.94218750 0.55703125 0.08750000 0.07031250
1 0.67734375 0.77265625 0.09531250 0.03906250
1 0.51796875 0.03828125 0.03593750 0.07656250
1 0.54921875 0.83281250 0.09218750 0.03750000
1 0.72578125 0.82968750 0.09531250 0.03437500
1 0.57109375 0.17421875 0.04531250 0.09531250
1 0.62421875 0.24062500 0.03281250 0.08437500
1 0.55078125 0.89140625 0.09531250 0.03593750
1 0.38281250 0.51015625 0.06250000 0.07343750
1 0.87031250 0.71171875 0.10000000 0.04531250
0 0.92656250 0.33046875 0.14687500 0.21093750
0 0.92656250 0.95937500 0.14687500 0.05312500
0 0.35000000 0.14375000 0.02187500 0.05937500
