2 0.13203125 0.96796875 0.01093750 0.01406250
2 0.77265625 0.02890625 0.01718750 0.02343750
2 0.74296875 0.19140625 0.01093750 0.03593750
2 0.81875000 0.26562500 0.01562500 0.02187500
2 0.98046875 0.18125000 0.01718750 0.03125000
2 0.96718750 0.19375000 0.03125000 0.02187500
2 0.84296875 0.14453125 0.01718750 0.02968750
2 0.95703125 0.44375000 0.03593750 0.03125000
2 0.21250000 0.40468750 0.01875000 0.01562500
2 0.13437500 0.79453125 0.01250000 0.01406250
2 0.23671875 0.03984375 0.01718750 0.02968750
2 0.56328125 0.51328125 0.01406250 0.02031250
2 0.15859375 0.48828125 0.04218750 0.02968750
2 0.65546875 0.53281250 0.01093750 0.01562500
2 0.84140625 0.78359375 0.01718750 0.02031250
2 0.55937500 0.48593750 0.01250000 0.03750000
2 0.12812500 0.95703125 0.01250000 0.01406250
2 0.15390625 0.86406250 0.01718750 0.01562500
2 0.13046875 0.96250000 0.01406250 0.02500000
2 0.31562500 0.21875000 0.01250000 0.02187500
2 0.87734375 0.10468750 0.02656250 0.01875000
2 0.74609375 0.01406250 0.01718750 0.02812500
2 0.19531250 0.39921875 0.01562500 0.02031250
2 0.79765625 0.96250000 0.01718750 0.02812500
2 0.01406250 0.68203125 0.02812500 0.02656250
2 0.14609375 0.86406250 0.03281250 0.01562500
2 0.79531250 0.60390625 0.01562500 0.03281250
2 0.82890625 0.03984375 0.02343750 0.03281250
2 0.55859375 0.48046875 0.01093750 0.02656250
2 0.15078125 0.48906250 0.02656250 0.02812500
2 0.85546875 0.12656250 0.01718750 0.02500000
2 0.85781250 0.38828125 0.02500000 0.02343750
2 0.00703125 0.98750000 0.01406250 0.02500000
2 0.85000000 0.01796875 0.02812500 0.01718750
2 0.96796875 0.43750000 0.01406250 0.01875000
2 0.83281250 0.04687500 0.01562500 0.01875000
2 0.76328125 0.64375000 0.01718750 0.01875000
2 0.79609375 0.96250000 0.01406250 0.02812500
2 0.88828125 0.18359375 0.01718750 0.02031250
2 0.79531250 0.61171875 0.01250000 0.01718750
2 0.82421875 0.03671875 0.01718750 0.02656250
2 0.83125000 0.14843750 0.01250000 0.01875000
2 0.81640625 0.73906250 0.01093750 0.03125000
2 0.20468750 0.40078125 0.03437500 0.02343750
2 0.74296875 0.01796875 0.01093750 0.02031250
2 0.13828125 0.96640625 0.02343750 0.01718750
2 0.93515625 0.51328125 0.02968750 0.02031250
2 0.79531250 0.59609375 0.01250000 0.01718750
1 0.77812500 0.35468750 0.05312500 0.08437500
1 0.58750000 0.36015625 0.04687500 0.09218750
1 0.94687500 0.62109375 0.09062500 0.05468750
1 0.84453125 0.50703125 0.06718750 0.07031250
1 0.53671875 0.91171875 0.03906250 0.09218750
1 0.01875000 0.92812500 0.03750000 0.04687500
1 0.46875000 0.25937500 0.03750000 0.09687500
1 0.51640625 0.62265625 0.03906250 0.09218750
1 0.71328125 0.95703125 0.03906250 0.08593750
1 0.52031250 0.37109375 0.03437500 0.08593750
1 0.74609375 0.50781250 0.02343750 0.05937500
1 0.46953125 0.03281250 0.04218750 0.06562500
1 0.59531250 0.54531250 0.03437500 0.08125000
1 0.66953125 0.57265625 0.03906250 0.09531250
1 0.58125000 0.06875000 0.04062500 0.08750000
1 0.66250000 0.17187500 0.05000000 0.09687500
