1 0.71953125 0.22031250 0.11406250 0.03750000
1 0.74218750 0.16406250 0.07812500 0.03437500
1 0.94687500 0.05390625 0.09687500 0.03906250
1 0.59218750 0.21484375 0.08750000 0.03906250
1 0.61250000 0.28046875 0.10000000 0.03906250
1 0.85078125 0.29062500 0.09531250 0.03750000
1 0.62187500 0.10625000 0.09062500 0.04375000
1 0.98671875 0.17187500 0.02656250 0.04062500
1 0.93046875 0.22656250 0.08281250 0.02812500
1 0.73203125 0.28515625 0.08593750 0.03906250
1 0.89843750 0.16406250 0.09375000 0.03750000
1 0.81953125 0.22734375 0.08281250 0.03593750
1 0.21093750 0.71562500 0.02500000 0.01875000
1 0.62500000 0.16093750 0.09687500 0.03750000
1 0.95859375 0.28984375 0.08281250 0.03906250
1 0.82421875 0.05234375 0.07656250 0.03593750
1 0.86250000 0.10703125 0.09375000 0.03593750
1 0.69921875 0.21875000 0.07343750 0.03437500
1 0.98046875 0.11250000 0.03906250 0.04062500
1 0.74375000 0.10468750 0.08437500 0.04375000
1 0.23515625 0.94687500 0.13593750 0.10625000
0 0.66015625 0.04375000 0.24531250 0.05625000
