2 0.31640625 0.98046875 0.02343750 0.03281250
2 0.93515625 0.51250000 0.01406250 0.01562500
2 0.91875000 0.45312500 0.01250000 0.01562500
2 0.90859375 0.60468750 0.01718750 0.01562500
2 0.96171875 0.81093750 0.02656250 0.04375000
2 0.93203125 0.60000000 0.02031250 0.02187500
2 0.87890625 0.59921875 0.02031250 0.02031250
2 0.04531250 0.61093750 0.01875000 0.01875000
2 0.76171875 0.59687500 0.02031250 0.02187500
2 0.94453125 0.66718750 0.01406250 0.01562500
2 0.89453125 0.01953125 0.01718750 0.03281250
2 0.17500000 0.31562500 0.01875000 0.04062500
2 0.99375000 0.63750000 0.01250000 0.01562500
2 0.75390625 0.59921875 0.03281250 0.02656250
2 0.96875000 0.80625000 0.01875000 0.03125000
2 0.93515625 0.51250000 0.01406250 0.01562500
2 0.95937500 0.62109375 0.01875000 0.01718750
2 0.41328125 0.68281250 0.02656250 0.02500000
2 0.91875000 0.60078125 0.02812500 0.02343750
2 0.93906250 0.67812500 0.01562500 0.01562500
2 0.74531250 0.60234375 0.01562500 0.01718750
2 0.94140625 0.67343750 0.02031250 0.02500000
2 0.82968750 0.60468750 0.04375000 0.02500000
2 0.74140625 0.24765625 0.02343750 0.02968750
2 0.87343750 0.02187500 0.05937500 0.03750000
2 0.05859375 0.78593750 0.02343750 0.02500000
2 0.37578125 0.66875000 0.02968750 0.04062500
2 0.93906250 0.67968750 0.01562500 0.01562500
2 0.51171875 0.67187500 0.01718750 0.00937500
2 0.46640625 0.87109375 0.02031250 0.02031250
2 0.99296875 0.65625000 0.01406250 0.02812500
2 0.94687500 0.66640625 0.01250000 0.01406250
2 0.99218750 0.63906250 0.01562500 0.01875000
2 0.99296875 0.65781250 0.01406250 0.02500000
2 0.40859375 0.68125000 0.02031250 0.02187500
2 0.05859375 0.61640625 0.04531250 0.03281250
2 0.85468750 0.02031250 0.02187500 0.02500000
2 0.90390625 0.88437500 0.03906250 0.15312500
2 0.36718750 0.98593750 0.12812500 0.02812500
2 0.93906250 0.67890625 0.01562500 0.01406250
2 0.74453125 0.60078125 0.01406250 0.01718750
2 0.92031250 0.60078125 0.04062500 0.02656250
2 0.88125000 0.60000000 0.01875000 0.01875000
2 0.86015625 0.02265625 0.03281250 0.02968750
2 0.87968750 0.59687500 0.01875000 0.01875000
2 0.90781250 0.60468750 0.01562500 0.01562500
2 0.97187500 0.81250000 0.01250000 0.02187500
2 0.24921875 0.66562500 0.02343750 0.03125000
2 0.96796875 0.61953125 0.02968750 0.01718750
2 0.05000000 0.61171875 0.02812500 0.02031250
2 0.05468750 0.91328125 0.04375000 0.04531250
2 0.15156250 0.98437500 0.02187500 0.01562500
2 0.86328125 0.61875000 0.01718750 0.01562500
2 0.67265625 0.98437500 0.03281250 0.03125000
2 0.89453125 0.01328125 0.01718750 0.02031250
2 0.85312500 0.61640625 0.03750000 0.02031250
2 0.83125000 0.86406250 0.03437500 0.04062500
2 0.89687500 0.81406250 0.01875000 0.01875000
2 0.80781250 0.60703125 0.01875000 0.01718750
2 0.97265625 0.81406250 0.01093750 0.01875000
2 0.94062500 0.66953125 0.01562500 0.01718750
2 0.75859375 0.59921875 0.02656250 0.02656250
2 0.80625000 0.60703125 0.01562500 0.01718750
2 0.86718750 0.83125000 0.03437500 0.03750000
2 0.85781250 0.02734375 0.02812500 0.03906250
2 0.91875000 0.56484375 0.01562500 0.01718750
2 0.83125000 0.85703125 0.01562500 0.02031250
2 0.87343750 0.02421875 0.05937500 0.04218750
2 0.99375000 0.76562500 0.01250000 0.03125000
2 0.85468750 0.01718750 0.02187500 0.01875000
2 0.99375000 0.63906250 0.01250000 0.01875000
2 0.92578125 0.60078125 0.02968750 0.02656250
2 0.94531250 0.79453125 0.01562500 0.01406250
1 0.76093750 0.30468750 0.09062500 0.03750000
1 0.64062500 0.30468750 0.09062500 0.03437500
1 0.10078125 0.36875000 0.08906250 0.04062500
1 0.79531250 0.24062500 0.08437500 0.04375000
1 0.66953125 0.48125000 0.09531250 0.04687500
1 0.51328125 0.37109375 0.09218750 0.03593750
1 0.81875000 0.54140625 0.09062500 0.03906250
1 0.77500000 0.42187500 0.09687500 0.04375000
1 0.09453125 0.43203125 0.08906250 0.03906250
1 0.38984375 0.42890625 0.09218750 0.03906250
1 0.14296875 0.31406250 0.08906250 0.05000000
1 0.01796875 0.48828125 0.03593750 0.03593750
1 0.22968750 0.37109375 0.10000000 0.03593750
1 0.00937500 0.37265625 0.01875000 0.03906250
1 0.28671875 0.49296875 0.09531250 0.03593750
1 0.78906250 0.48046875 0.08437500 0.03593750
1 0.50859375 0.54609375 0.08593750 0.03593750
1 0.55156250 0.48046875 0.08125000 0.03593750
1 0.22421875 0.42890625 0.09843750 0.04218750
1 0.38750000 0.36640625 0.08437500 0.04531250
1 0.00625000 0.43359375 0.01250000 0.03593750
1 0.64453125 0.42187500 0.08906250 0.04062500
1 0.27500000 0.31015625 0.09062500 0.03593750
1 0.76328125 0.36406250 0.09218750 0.04062500
1 0.01406250 0.55468750 0.02812500 0.03437500
1 0.39375000 0.30859375 0.09062500 0.04218750
1 0.66328125 0.54375000 0.09843750 0.03750000
1 0.40156250 0.24687500 0.09375000 0.03437500
1 0.42500000 0.48671875 0.09375000 0.03593750
1 0.66875000 0.24531250 0.08750000 0.03437500
1 0.51953125 0.42578125 0.10468750 0.04218750
1 0.52031250 0.30390625 0.08750000 0.03593750
1 0.53281250 0.24921875 0.08437500 0.03593750
1 0.12421875 0.49140625 0.10781250 0.03906250
1 0.63750000 0.36953125 0.09687500 0.03593750
