2 0.98750000 0.75937500 0.01562500 0.04687500
2 0.94453125 0.40625000 0.02031250 0.02500000
2 0.63906250 0.68359375 0.02187500 0.02343750
2 0.35703125 0.59375000 0.02031250 0.01250000
2 0.33750000 0.35781250 0.02500000 0.01875000
2 0.93671875 0.88203125 0.02031250 0.01406250
2 0.95546875 0.68828125 0.01406250 0.04531250
1 0.79765625 0.90468750 0.09218750 0.04375000
1 0.01171875 0.43046875 0.02343750 0.08906250
1 0.13750000 0.43515625 0.04687500 0.07031250
1 0.78281250 0.96718750 0.08750000 0.04375000
1 0.12812500 0.18750000 0.04062500 0.08750000
1 0.03281250 0.21796875 0.04375000 0.06406250
1 0.26093750 0.72734375 0.08750000 0.06718750
1 0.05000000 0.41406250 0.05312500 0.09375000
1 0.56640625 0.38203125 0.03906250 0.09218750
1 0.55312500 0.96328125 0.09375000 0.03593750
1 0.32343750 0.82343750 0.06562500 0.08437500
1 0.67812500 0.96406250 0.09375000 0.04375000
