2 0.33906250 0.98906250 0.18125000 0.02187500
2 0.95937500 0.62031250 0.02187500 0.01875000
2 0.96718750 0.12421875 0.01562500 0.01406250
2 0.69687500 0.59140625 0.02187500 0.01406250
2 0.94062500 0.67265625 0.02187500 0.02343750
2 0.83125000 0.85703125 0.01562500 0.01718750
2 0.97343750 0.61796875 0.01875000 0.01406250
2 0.95859375 0.62109375 0.02031250 0.01718750
2 0.91015625 0.60234375 0.02343750 0.01718750
2 0.93750000 0.12656250 0.02500000 0.01562500
2 0.84765625 0.60937500 0.02031250 0.01250000
2 0.05312500 0.78750000 0.02812500 0.03125000
2 0.93828125 0.67734375 0.01718750 0.01406250
2 0.96328125 0.62031250 0.02968750 0.01875000
2 0.46562500 0.87265625 0.02500000 0.02343750
2 0.92031250 0.60000000 0.04062500 0.02187500
2 0.70312500 0.67578125 0.02500000 0.02343750
2 0.93515625 0.44296875 0.02031250 0.01406250
2 0.50781250 0.66953125 0.01250000 0.01406250
2 0.99375000 0.64609375 0.01250000 0.02031250
2 0.96875000 0.13359375 0.01562500 0.02968750
2 0.67187500 0.98437500 0.03125000 0.03125000
2 0.87031250 0.59921875 0.01562500 0.01718750
2 0.78046875 0.91953125 0.12031250 0.14531250
2 0.96718750 0.13359375 0.01562500 0.03281250
2 0.93046875 0.60000000 0.02343750 0.02187500
2 0.96875000 0.81484375 0.01562500 0.01718750
2 0.86718750 0.83281250 0.03750000 0.03750000
2 0.94453125 0.13359375 0.06406250 0.03281250
2 0.87656250 0.60000000 0.02500000 0.01875000
2 0.93437500 0.04687500 0.01250000 0.02187500
2 0.80625000 0.60781250 0.02187500 0.01875000
2 0.91875000 0.12890625 0.01250000 0.01406250
2 0.88203125 0.60156250 0.01406250 0.01562500
2 0.93828125 0.38203125 0.01406250 0.01406250
2 0.70703125 0.67734375 0.01718750 0.02031250
2 0.93046875 0.12734375 0.03593750 0.01718750
2 0.32265625 0.98437500 0.02968750 0.03125000
2 0.94375000 0.79453125 0.01562500 0.01406250
1 0.75859375 0.30468750 0.08906250 0.03750000
1 0.63906250 0.30468750 0.09062500 0.03437500
1 0.79218750 0.24218750 0.08750000 0.04375000
1 0.68984375 0.24609375 0.04531250 0.03593750
1 0.51093750 0.37265625 0.09375000 0.03593750
1 0.04531250 0.00546875 0.07812500 0.01093750
1 0.00703125 0.37343750 0.01406250 0.03750000
1 0.22734375 0.37265625 0.09843750 0.03281250
1 0.09296875 0.43515625 0.08906250 0.03906250
1 0.38750000 0.43046875 0.09375000 0.03906250
1 0.78671875 0.48125000 0.08906250 0.03750000
1 0.44375000 0.24921875 0.08437500 0.03593750
1 0.11875000 0.31953125 0.09062500 0.04218750
1 0.87812500 0.54375000 0.08437500 0.03750000
1 0.55078125 0.48203125 0.08281250 0.03593750
1 0.12265625 0.49375000 0.10781250 0.04062500
1 0.25546875 0.31171875 0.08906250 0.03593750
1 0.38515625 0.36718750 0.08593750 0.04375000
1 0.22421875 0.42968750 0.09843750 0.04062500
1 0.00546875 0.43437500 0.01093750 0.03437500
1 0.66796875 0.24609375 0.08906250 0.03593750
1 0.28437500 0.49453125 0.09375000 0.03593750
1 0.64140625 0.42421875 0.09218750 0.03906250
1 0.09921875 0.36953125 0.09218750 0.04218750
1 0.46875000 0.60156250 0.04062500 0.02187500
1 0.76015625 0.36328125 0.09218750 0.03906250
1 0.01640625 0.48984375 0.03281250 0.03593750
1 0.39375000 0.31015625 0.08750000 0.04218750
1 0.42265625 0.48828125 0.09218750 0.03593750
1 0.05312500 0.25156250 0.09687500 0.03750000
1 0.51718750 0.42656250 0.10312500 0.04062500
1 0.66406250 0.54765625 0.09375000 0.03593750
1 0.51875000 0.30390625 0.08750000 0.03593750
1 0.66562500 0.48281250 0.10000000 0.04687500
1 0.63593750 0.37109375 0.09687500 0.03593750
1 0.31015625 0.55156250 0.08906250 0.03750000
1 0.77500000 0.42187500 0.10000000 0.04375000
