2 0.28203125 0.60390625 0.01718750 0.01718750
2 0.99531250 0.40468750 0.00937500 0.01562500
2 0.30390625 0.55859375 0.02343750 0.02031250
2 0.31484375 0.53593750 0.02031250 0.01562500
2 0.01250000 0.61015625 0.02500000 0.01406250
2 0.96093750 0.48906250 0.02187500 0.01875000
2 0.28984375 0.60312500 0.03281250 0.01875000
2 0.81796875 0.48281250 0.01406250 0.01250000
2 0.27500000 0.56640625 0.01562500 0.01718750
2 0.38906250 0.52968750 0.02187500 0.01250000
2 0.61562500 0.39921875 0.01875000 0.01718750
2 0.90390625 0.47109375 0.01718750 0.01718750
1 0.33125000 0.98828125 0.09375000 0.02343750
1 0.03203125 0.45937500 0.05781250 0.09687500
1 0.66875000 0.63750000 0.08750000 0.04062500
1 0.01250000 0.79296875 0.02500000 0.03906250
1 0.22265625 0.21328125 0.04843750 0.08281250
1 0.13671875 0.68125000 0.09531250 0.03750000
1 0.89609375 0.97890625 0.08906250 0.04218750
1 0.10781250 0.22734375 0.04062500 0.08906250
1 0.12265625 0.47890625 0.04531250 0.07031250
1 0.23125000 0.94296875 0.09062500 0.03906250
1 0.43515625 0.74375000 0.09531250 0.03750000
1 0.02500000 0.93984375 0.05000000 0.04531250
1 0.20937500 0.77031250 0.10625000 0.04062500
1 0.31718750 0.46875000 0.04375000 0.09062500
1 0.60000000 0.69140625 0.10000000 0.03593750
1 0.64375000 0.93359375 0.09375000 0.03906250
1 0.56796875 0.79843750 0.09218750 0.03750000
1 0.33125000 0.66015625 0.08750000 0.03593750
1 0.01718750 0.26171875 0.03437500 0.07031250
1 0.61093750 0.98984375 0.09375000 0.02031250
1 0.55078125 0.41250000 0.04218750 0.09062500
1 0.64609375 0.74296875 0.07656250 0.03593750
1 0.97187500 0.87734375 0.05625000 0.04531250
