1 0.47421875 0.48750000 0.09218750 0.03750000
1 0.10156250 0.35468750 0.10000000 0.03750000
1 0.98125000 0.00390625 0.03750000 0.00781250
1 0.80703125 0.37421875 0.08593750 0.03593750
1 0.62968750 0.16406250 0.09687500 0.03750000
1 0.01953125 0.48359375 0.03906250 0.03906250
1 0.97734375 0.36875000 0.04531250 0.04375000
1 0.95078125 0.29609375 0.09843750 0.03593750
1 0.36015625 0.36953125 0.08281250 0.03593750
1 0.21328125 0.46640625 0.08906250 0.03906250
1 0.77343750 0.49296875 0.09375000 0.03593750
1 0.61093750 0.28281250 0.11875000 0.04687500
1 0.83593750 0.28906250 0.09687500 0.03750000
1 0.14140625 0.41328125 0.08906250 0.03593750
1 0.86640625 0.11093750 0.09218750 0.03750000
1 0.95781250 0.05781250 0.08437500 0.03750000
1 0.99531250 0.43046875 0.00937500 0.03281250
1 0.90234375 0.16640625 0.09218750 0.03906250
1 0.77265625 0.16718750 0.07343750 0.03437500
1 0.72187500 0.28515625 0.08437500 0.04531250
1 0.62812500 0.10859375 0.09062500 0.04218750
1 0.98203125 0.11640625 0.03593750 0.04218750
1 0.51953125 0.43359375 0.08906250 0.03593750
1 0.82968750 0.05703125 0.07500000 0.03593750
1 0.59765625 0.37656250 0.09218750 0.03750000
1 0.77890625 0.42265625 0.09218750 0.03593750
1 0.74687500 0.10781250 0.08437500 0.04062500
1 0.79375000 0.22421875 0.08750000 0.03593750
1 0.23828125 0.95000000 0.14218750 0.10000000
0 0.66875000 0.04531250 0.24062500 0.05312500
0 0.60234375 0.23203125 0.24843750 0.06406250
