1 0.75703125 0.30468750 0.08906250 0.03750000
1 0.63750000 0.30468750 0.09062500 0.03437500
1 0.00625000 0.37421875 0.01250000 0.03593750
1 0.79062500 0.24062500 0.09062500 0.04375000
1 0.68984375 0.24531250 0.04531250 0.03750000
1 0.67031250 0.48281250 0.10312500 0.04687500
1 0.41093750 0.55156250 0.10312500 0.04062500
1 0.09140625 0.43593750 0.08906250 0.03750000
1 0.26250000 0.01015625 0.07500000 0.02031250
1 0.38593750 0.43046875 0.09375000 0.03906250
1 0.78593750 0.48125000 0.08437500 0.03750000
1 0.06562500 0.31796875 0.09687500 0.04843750
1 0.93281250 0.54375000 0.09062500 0.04375000
1 0.28359375 0.49453125 0.09531250 0.03593750
1 0.54843750 0.48203125 0.08125000 0.03593750
1 0.50937500 0.37187500 0.09375000 0.03750000
1 0.22421875 0.42968750 0.09843750 0.04062500
1 0.38203125 0.36796875 0.08906250 0.04218750
1 0.75859375 0.36328125 0.09218750 0.03906250
1 0.00468750 0.43437500 0.00937500 0.03125000
1 0.66562500 0.25000000 0.09062500 0.04687500
1 0.22500000 0.37265625 0.10000000 0.03593750
1 0.64296875 0.42265625 0.09531250 0.03906250
1 0.21718750 0.31171875 0.09062500 0.03593750
1 0.09531250 0.36953125 0.09062500 0.04218750
1 0.01718750 0.48906250 0.03437500 0.03437500
1 0.39140625 0.31093750 0.08906250 0.04687500
1 0.76171875 0.54296875 0.09218750 0.04218750
1 0.27968750 0.25546875 0.08750000 0.03906250
1 0.42031250 0.48828125 0.09062500 0.03593750
1 0.51484375 0.42656250 0.10156250 0.04062500
1 0.58437500 0.55078125 0.09375000 0.03593750
1 0.51718750 0.30390625 0.08750000 0.03593750
1 0.12109375 0.49453125 0.10781250 0.03906250
1 0.63437500 0.37109375 0.09687500 0.03593750
1 0.23046875 0.55390625 0.08906250 0.03593750
1 0.77109375 0.42187500 0.09531250 0.04375000
2 0.93046875 0.27500000 0.01093750 0.02500000
2 0.93906250 0.67187500 0.02187500 0.02187500
2 0.93515625 0.10703125 0.01093750 0.01406250
2 0.95703125 0.62031250 0.01718750 0.01875000
2 0.94531250 0.17578125 0.03437500 0.01718750
2 0.49062500 0.59609375 0.02812500 0.01718750
2 0.24531250 0.61640625 0.03750000 0.02343750
2 0.94218750 0.39453125 0.01875000 0.01406250
2 0.87656250 0.59921875 0.02500000 0.02031250
2 0.80703125 0.60625000 0.01718750 0.02187500
2 0.80859375 0.67265625 0.02031250 0.02031250
2 0.93906250 0.33281250 0.01250000 0.01250000
2 0.99375000 0.64453125 0.01250000 0.01406250
