1 0.91718750 0.03906250 0.08750000 0.03437500
1 0.80859375 0.04218750 0.08281250 0.03437500
1 0.83281250 0.21718750 0.09375000 0.03750000
1 0.62421875 0.15625000 0.09843750 0.04062500
1 0.92187500 0.27812500 0.09375000 0.04375000
1 0.97187500 0.15781250 0.05625000 0.03750000
1 0.59531250 0.20703125 0.09062500 0.03593750
1 0.73671875 0.10000000 0.08593750 0.04062500
1 0.00625000 0.45468750 0.01250000 0.03437500
1 0.38203125 0.31406250 0.08281250 0.04687500
1 0.12109375 0.35703125 0.09531250 0.06093750
1 0.60859375 0.09843750 0.08906250 0.03750000
1 0.99062500 0.03671875 0.01875000 0.04843750
1 0.23671875 0.29375000 0.07656250 0.04062500
1 0.89296875 0.09843750 0.10156250 0.04062500
1 0.95625000 0.21875000 0.08750000 0.03437500
1 0.73828125 0.15625000 0.08281250 0.03437500
1 0.56875000 0.03828125 0.10000000 0.03906250
1 0.98671875 0.10078125 0.02656250 0.03593750
1 0.71171875 0.21250000 0.09218750 0.04062500
1 0.69375000 0.04453125 0.08750000 0.03593750
1 0.85937500 0.15781250 0.08750000 0.03437500
2 0.48046875 0.15625000 0.01093750 0.01562500
2 0.44218750 0.24140625 0.01562500 0.02031250
2 0.25390625 0.54218750 0.01406250 0.03750000
2 0.34765625 0.15390625 0.01718750 0.02968750
2 0.06640625 0.82578125 0.02031250 0.02031250
2 0.34531250 0.15625000 0.01250000 0.02187500
2 0.21171875 0.75390625 0.02656250 0.03281250
2 0.13906250 0.04687500 0.02500000 0.03125000
2 0.43515625 0.11953125 0.02031250 0.01406250
2 0.13125000 0.67734375 0.01562500 0.02968750
2 0.59687500 0.59062500 0.01875000 0.02187500
2 0.30156250 0.17656250 0.01875000 0.02500000
2 0.08125000 0.61406250 0.01562500 0.02500000
