1 0.55781250 0.71015625 0.09687500 0.03906250
1 0.04218750 0.41640625 0.05937500 0.09531250
1 0.76718750 0.91171875 0.08437500 0.03906250
1 0.02500000 0.76093750 0.05000000 0.03750000
1 0.30156250 0.76718750 0.08750000 0.03437500
1 0.30078125 0.89609375 0.10156250 0.04218750
1 0.04687500 0.89765625 0.09375000 0.05468750
1 0.13281250 0.43671875 0.04375000 0.07031250
1 0.00703125 0.43281250 0.01406250 0.08437500
1 0.92734375 0.84453125 0.08906250 0.03906250
1 0.53671875 0.90156250 0.08906250 0.03437500
1 0.50156250 0.96796875 0.09687500 0.03593750
1 0.33203125 0.43593750 0.05156250 0.08750000
1 0.11171875 0.70390625 0.09843750 0.03906250
1 0.14296875 0.81796875 0.09843750 0.04843750
1 0.76640625 0.96718750 0.08281250 0.04062500
1 0.56250000 0.38515625 0.04062500 0.09218750
1 0.34375000 0.70390625 0.09375000 0.03593750
1 0.60078125 0.64296875 0.09218750 0.03593750
1 0.57109375 0.76875000 0.08906250 0.03750000
1 0.39375000 0.39765625 0.09375000 0.07343750
1 0.97656250 0.68593750 0.04687500 0.04062500
1 0.54843750 0.83203125 0.09375000 0.03906250
1 0.12500000 0.18828125 0.05000000 0.08906250
1 0.38828125 0.95390625 0.07656250 0.07656250
1 0.02968750 0.22109375 0.04062500 0.06718750
1 0.65781250 0.97343750 0.09062500 0.03750000
1 0.17421875 0.90703125 0.08281250 0.03906250
1 0.83359375 0.72734375 0.10156250 0.03906250
1 0.24296875 0.95390625 0.08906250 0.03593750
1 0.83750000 0.78125000 0.09375000 0.03750000
1 0.65156250 0.90859375 0.07812500 0.03281250
