0 0.66015625 0.73906250 0.24531250 0.07500000
1 0.94765625 0.74218750 0.09843750 0.03750000
1 0.30000000 0.58515625 0.02812500 0.02343750
1 0.82343750 0.74062500 0.07500000 0.03750000
1 0.61171875 0.96718750 0.09531250 0.03750000
1 0.74375000 0.79218750 0.08437500 0.04375000
1 0.14375000 0.47968750 0.03750000 0.01875000
1 0.62109375 0.79296875 0.08906250 0.04218750
1 0.89843750 0.85078125 0.09375000 0.03906250
1 0.29453125 0.55781250 0.03906250 0.02187500
1 0.98671875 0.85859375 0.02656250 0.03906250
1 0.70546875 0.90625000 0.08593750 0.03437500
1 0.34687500 0.58906250 0.03125000 0.02500000
1 0.39218750 0.58750000 0.02812500 0.02500000
1 0.59218750 0.90312500 0.08750000 0.03750000
1 0.59296875 0.56406250 0.06093750 0.02187500
1 0.85156250 0.97734375 0.09687500 0.03906250
1 0.93046875 0.91484375 0.08281250 0.03281250
1 0.18359375 0.51953125 0.02968750 0.01718750
1 0.95859375 0.97734375 0.08281250 0.03593750
1 0.35781250 0.56328125 0.03437500 0.02656250
1 0.97968750 0.80078125 0.04062500 0.04218750
1 0.74218750 0.85078125 0.07500000 0.03593750
1 0.62500000 0.84765625 0.09687500 0.03906250
1 0.16718750 0.44375000 0.03437500 0.01562500
1 0.82031250 0.91562500 0.08437500 0.03750000
1 0.73359375 0.97343750 0.08906250 0.04062500
1 0.86328125 0.79531250 0.09531250 0.03750000
