2 0.81562500 0.46562500 0.01875000 0.02187500
2 0.11562500 0.53906250 0.03125000 0.02187500
2 0.00312500 0.41718750 0.00625000 0.01250000
2 0.73515625 0.52031250 0.02031250 0.01562500
2 0.08515625 0.41953125 0.01718750 0.02031250
2 0.04375000 0.04687500 0.01562500 0.03125000
2 0.00546875 0.49062500 0.01093750 0.02187500
2 0.25859375 0.53671875 0.02031250 0.02343750
2 0.11328125 0.78593750 0.02343750 0.15000000
2 0.24609375 0.89609375 0.01093750 0.01406250
2 0.34531250 0.42187500 0.01562500 0.01562500
2 0.08281250 0.42421875 0.01875000 0.02968750
2 0.17734375 0.44843750 0.01406250 0.01875000
2 0.96328125 0.60390625 0.02656250 0.01718750
2 0.25859375 0.62734375 0.02968750 0.02656250
2 0.44062500 0.93750000 0.01562500 0.02187500
2 0.43750000 0.58281250 0.02500000 0.01875000
2 0.12187500 0.87421875 0.02187500 0.04843750
2 0.43828125 0.58828125 0.02656250 0.02968750
2 0.72187500 0.55000000 0.02187500 0.04062500
2 0.19296875 0.88359375 0.01406250 0.01718750
2 0.12109375 0.53750000 0.02031250 0.01875000
2 0.12578125 0.85781250 0.01406250 0.01562500
2 0.01718750 0.03593750 0.01250000 0.02500000
2 0.00703125 0.89687500 0.01406250 0.02187500
2 0.30390625 0.43750000 0.01093750 0.01562500
2 0.97421875 0.57500000 0.02968750 0.02500000
2 0.48671875 0.69921875 0.02343750 0.02343750
2 0.52031250 0.90859375 0.01562500 0.02968750
2 0.49218750 0.69765625 0.01250000 0.02031250
2 0.44375000 0.61171875 0.01875000 0.02031250
2 0.04062500 0.39375000 0.01562500 0.02187500
2 0.47265625 0.58125000 0.02968750 0.03125000
2 0.47343750 0.57734375 0.02812500 0.02343750
2 0.19296875 0.89765625 0.01406250 0.04531250
2 0.48750000 0.59765625 0.02187500 0.02031250
2 0.28046875 0.43359375 0.01406250 0.02031250
2 0.24453125 0.90703125 0.01406250 0.03906250
2 0.95781250 0.60468750 0.01562500 0.01562500
1 0.91328125 0.73359375 0.08906250 0.03593750
1 0.59218750 0.90156250 0.09062500 0.03750000
1 0.69140625 0.73828125 0.08906250 0.03593750
1 0.31953125 0.62500000 0.03906250 0.02500000
1 0.12500000 0.58046875 0.03437500 0.02656250
1 0.85625000 0.85312500 0.08750000 0.03437500
1 0.83437500 0.97109375 0.09687500 0.03906250
1 0.26562500 0.56250000 0.03437500 0.02500000
1 0.96953125 0.85546875 0.06093750 0.03906250
1 0.32421875 0.60468750 0.04531250 0.03125000
1 0.60546875 0.79218750 0.08906250 0.03437500
1 0.98828125 0.73359375 0.02343750 0.05156250
1 0.20859375 0.54531250 0.03593750 0.02500000
1 0.27968750 0.68750000 0.08750000 0.04062500
1 0.88671875 0.79453125 0.09843750 0.04218750
1 0.73125000 0.79453125 0.08125000 0.04218750
1 0.95000000 0.91250000 0.09062500 0.03437500
1 0.62187500 0.84843750 0.09375000 0.04062500
1 0.04843750 0.60000000 0.08437500 0.07500000
1 0.95000000 0.98125000 0.10000000 0.03750000
1 0.73281250 0.84921875 0.08437500 0.03593750
1 0.82890625 0.91093750 0.09531250 0.03750000
1 0.70703125 0.90546875 0.09218750 0.03906250
1 0.56640625 0.73125000 0.09843750 0.03750000
1 0.61796875 0.97031250 0.08906250 0.04062500
1 0.15156250 0.47812500 0.04375000 0.03750000
1 0.80546875 0.73671875 0.08281250 0.03593750
1 0.72500000 0.97265625 0.08750000 0.03906250
1 0.77031250 0.66953125 0.08437500 0.03593750
1 0.98359375 0.79609375 0.03281250 0.03593750
