2 0.08046875 0.46250000 0.01406250 0.02500000
2 0.08984375 0.45156250 0.01406250 0.01875000
2 0.02578125 0.57968750 0.03281250 0.03437500
2 0.05859375 0.58437500 0.03593750 0.03750000
2 0.18281250 0.57656250 0.02187500 0.03437500
2 0.08515625 0.45859375 0.02343750 0.03281250
2 0.09687500 0.58593750 0.01875000 0.02187500
2 0.74296875 0.44921875 0.01406250 0.02656250
2 0.08046875 0.52968750 0.01718750 0.01875000
2 0.77812500 0.38437500 0.01250000 0.02500000
1 0.11953125 0.10078125 0.10156250 0.04218750
1 0.72500000 0.57421875 0.09687500 0.04531250
1 0.13906250 0.35000000 0.10625000 0.05000000
1 0.38359375 0.09375000 0.10468750 0.04062500
1 0.80078125 0.17734375 0.10781250 0.04843750
1 0.65156250 0.26640625 0.10937500 0.04531250
1 0.25234375 0.09609375 0.10468750 0.03906250
1 0.18125000 0.19062500 0.10937500 0.05000000
1 0.93984375 0.07968750 0.09218750 0.04062500
1 0.38515625 0.22890625 0.10156250 0.04531250
1 0.44687500 0.02812500 0.09687500 0.04375000
1 0.54765625 0.08515625 0.11718750 0.04843750
1 0.82734375 0.08046875 0.10156250 0.03906250
1 0.70468750 0.08515625 0.10937500 0.04531250
