2 0.22343750 0.45546875 0.02187500 0.02656250
2 0.91484375 0.78281250 0.02343750 0.03125000
2 0.32890625 0.13437500 0.02031250 0.05937500
2 0.86796875 0.14609375 0.01406250 0.03281250
2 0.19765625 0.48593750 0.02031250 0.02500000
2 0.23203125 0.38750000 0.02031250 0.01875000
2 0.21015625 0.38281250 0.00781250 0.01562500
2 0.91015625 0.72421875 0.02656250 0.03281250
2 0.99296875 0.79687500 0.01406250 0.02500000
2 0.16718750 0.45546875 0.00937500 0.01718750
2 0.34687500 0.29296875 0.01562500 0.02031250
2 0.96953125 0.44609375 0.03281250 0.02031250
2 0.35703125 0.29453125 0.03281250 0.02656250
1 0.75546875 0.08828125 0.03906250 0.09531250
1 0.39453125 0.87968750 0.08593750 0.06562500
1 0.54531250 0.24453125 0.04062500 0.08906250
1 0.40703125 0.38593750 0.05468750 0.07500000
1 0.49921875 0.02187500 0.03593750 0.04375000
1 0.01015625 0.95937500 0.02031250 0.03437500
1 0.67656250 0.65234375 0.05625000 0.08906250
1 0.54843750 0.12343750 0.03437500 0.09062500
1 0.60625000 0.01171875 0.03750000 0.02343750
1 0.65312500 0.35156250 0.04062500 0.08750000
1 0.49765625 0.11328125 0.03593750 0.09531250
1 0.08828125 0.60156250 0.08906250 0.05312500
1 0.61015625 0.10000000 0.03593750 0.09062500
1 0.57343750 0.58515625 0.05312500 0.07656250
1 0.49453125 0.70625000 0.06718750 0.06562500
1 0.55390625 0.02031250 0.03593750 0.04062500
1 0.26171875 0.92500000 0.07031250 0.05000000
1 0.60312500 0.21406250 0.04062500 0.09375000
1 0.73046875 0.33906250 0.03593750 0.09062500
