0 0.66250000 0.04765625 0.25000000 0.06093750
1 0.82500000 0.05625000 0.07500000 0.03750000
1 0.74296875 0.16640625 0.07656250 0.03593750
1 0.85156250 0.29218750 0.09687500 0.03750000
1 0.93828125 0.56328125 0.09843750 0.04531250
1 0.95859375 0.29296875 0.08281250 0.03593750
1 0.73046875 0.28828125 0.08593750 0.04218750
1 0.62578125 0.16328125 0.09531250 0.03906250
1 0.89843750 0.16640625 0.09375000 0.04218750
1 0.81953125 0.23125000 0.08593750 0.03750000
1 0.86250000 0.10937500 0.09375000 0.03750000
1 0.94375000 0.05703125 0.09062500 0.03906250
1 0.62031250 0.10781250 0.08750000 0.04062500
1 0.97968750 0.11484375 0.04062500 0.04531250
1 0.61015625 0.28203125 0.09218750 0.03906250
1 0.82187500 0.00468750 0.08437500 0.00937500
1 0.70468750 0.22187500 0.08437500 0.03437500
1 0.74296875 0.10781250 0.08593750 0.04375000
1 0.59296875 0.21718750 0.08593750 0.03750000
1 0.98593750 0.17343750 0.02812500 0.03750000
1 0.92734375 0.23046875 0.08593750 0.03281250
