0 0.67578125 0.48828125 0.24843750 0.06406250
1 0.92812500 0.07890625 0.10000000 0.03906250
1 0.96406250 0.02656250 0.07187500 0.03437500
1 0.72968750 0.26796875 0.09375000 0.03906250
1 0.92656250 0.40468750 0.09687500 0.05000000
1 0.89609375 0.27031250 0.09218750 0.03750000
1 0.36796875 0.15234375 0.08593750 0.03593750
1 0.51171875 0.14609375 0.10468750 0.04531250
1 0.64765625 0.14296875 0.08593750 0.04218750
1 0.43750000 0.02812500 0.07500000 0.03437500
1 0.30468750 0.03125000 0.08437500 0.03750000
1 0.99531250 0.27109375 0.00937500 0.03281250
1 0.84609375 0.02890625 0.08593750 0.03593750
1 0.69140625 0.34921875 0.09218750 0.03906250
1 0.09843750 0.27812500 0.08750000 0.04375000
1 0.61875000 0.08437500 0.08437500 0.03437500
1 0.22734375 0.08750000 0.09218750 0.04062500
1 0.32343750 0.20625000 0.09375000 0.04375000
1 0.20625000 0.20859375 0.08437500 0.03593750
1 0.96953125 0.34296875 0.06093750 0.03593750
1 0.36718750 0.08593750 0.08437500 0.04062500
1 0.20234375 0.15078125 0.09531250 0.03906250
1 0.75703125 0.08671875 0.08906250 0.03906250
1 0.66796875 0.20468750 0.08906250 0.03750000
1 0.98437500 0.14453125 0.03125000 0.03593750
1 0.74140625 0.02578125 0.06406250 0.03593750
1 0.53281250 0.26640625 0.09062500 0.03906250
1 0.17890625 0.03359375 0.09531250 0.03906250
1 0.67578125 0.39765625 0.07656250 0.07343750
1 0.49218750 0.08281250 0.09062500 0.03750000
1 0.61406250 0.02578125 0.09375000 0.03593750
1 0.67421875 0.40859375 0.07656250 0.04843750
1 0.29921875 0.27031250 0.09531250 0.03750000
1 0.98906250 0.20312500 0.02187500 0.03125000
1 0.77890625 0.15078125 0.09531250 0.03906250
