1 0.65234375 0.08203125 0.03906250 0.09531250
1 0.07421875 0.26953125 0.09843750 0.03906250
1 0.55312500 0.28750000 0.04375000 0.09687500
1 0.60234375 0.39921875 0.04218750 0.09843750
1 0.88203125 0.98359375 0.04531250 0.03281250
1 0.66718750 0.34609375 0.03750000 0.09218750
1 0.05078125 0.33671875 0.08593750 0.03593750
1 0.19687500 0.33125000 0.09375000 0.03750000
1 0.20312500 0.20781250 0.09687500 0.04062500
1 0.81406250 0.57421875 0.04062500 0.10156250
1 0.52968750 0.64062500 0.05625000 0.10312500
1 0.64531250 0.82265625 0.03750000 0.08593750
1 0.03359375 0.38984375 0.06718750 0.03593750
1 0.19062500 0.26640625 0.10000000 0.04218750
1 0.55078125 0.04296875 0.04218750 0.08593750
1 0.24218750 0.39453125 0.09062500 0.03593750
1 0.73984375 0.50078125 0.04531250 0.10156250
1 0.34375000 0.99140625 0.04062500 0.01718750
1 0.82031250 0.95156250 0.04375000 0.09687500
1 0.72734375 0.36875000 0.04843750 0.09687500
1 0.86640625 0.33125000 0.03593750 0.08125000
1 0.58750000 0.57031250 0.04375000 0.10000000
1 0.70000000 0.98750000 0.04062500 0.02500000
1 0.39531250 0.42187500 0.09375000 0.05312500
1 0.08203125 0.21171875 0.09843750 0.03906250
1 0.74765625 0.65625000 0.04531250 0.09375000
1 0.80234375 0.32890625 0.04218750 0.10468750
1 0.34140625 0.91093750 0.03906250 0.09687500
0 0.76093750 0.86875000 0.06250000 0.26250000
2 0.44218750 0.69921875 0.02500000 0.02343750
2 0.45000000 0.78203125 0.02500000 0.04218750
2 0.42187500 0.51171875 0.03750000 0.02343750
2 0.41328125 0.57421875 0.02656250 0.02031250
2 0.27812500 0.47656250 0.04687500 0.03125000
2 0.39296875 0.68046875 0.01406250 0.01718750
2 0.05703125 0.50625000 0.01406250 0.01562500
2 0.33046875 0.16953125 0.01093750 0.01406250
2 0.40468750 0.66953125 0.01250000 0.01718750
2 0.72187500 0.83281250 0.01250000 0.01562500
2 0.03203125 0.62968750 0.02031250 0.01562500
2 0.34218750 0.60625000 0.01562500 0.01562500
2 0.71328125 0.06328125 0.01406250 0.02031250
2 0.33046875 0.18125000 0.01406250 0.01250000
2 0.29296875 0.48750000 0.01718750 0.02187500
2 0.36562500 0.61562500 0.01875000 0.02187500
2 0.38359375 0.63828125 0.02031250 0.02343750
2 0.37968750 0.14218750 0.02187500 0.01875000
2 0.21250000 0.49062500 0.02500000 0.02500000
2 0.30937500 0.57968750 0.03125000 0.03750000
2 0.05078125 0.62421875 0.01718750 0.01718750
2 0.40703125 0.53671875 0.02968750 0.02656250
2 0.25156250 0.53203125 0.02187500 0.01406250
2 0.30468750 0.65468750 0.01250000 0.01250000
2 0.33046875 0.17421875 0.01406250 0.02343750
2 0.44765625 0.78906250 0.02031250 0.03125000
2 0.24296875 0.49453125 0.04531250 0.02031250
2 0.06640625 0.50703125 0.03281250 0.01718750
2 0.48437500 0.74453125 0.01875000 0.02343750
2 0.49765625 0.93671875 0.02343750 0.02343750
2 0.48828125 0.75078125 0.02656250 0.03593750
2 0.99453125 0.58203125 0.01093750 0.02968750
2 0.50000000 0.86796875 0.02187500 0.03593750
2 0.52265625 0.97500000 0.02031250 0.02187500
2 0.40625000 0.64843750 0.01875000 0.02187500
2 0.26875000 0.46953125 0.02812500 0.01718750
2 0.44609375 0.86640625 0.02343750 0.03906250
2 0.44921875 0.69765625 0.03593750 0.02656250
2 0.47109375 0.34375000 0.01093750 0.00937500
2 0.52187500 0.95156250 0.02187500 0.06875000
2 0.50078125 0.91875000 0.02656250 0.05312500
2 0.65625000 0.73203125 0.01562500 0.02031250
