2 0.10312500 0.56250000 0.03437500 0.02187500
2 0.07031250 0.93750000 0.02812500 0.02812500
2 0.18750000 0.57734375 0.02500000 0.02031250
2 0.69218750 0.40234375 0.03125000 0.02343750
2 0.42343750 0.60937500 0.02187500 0.02187500
0 0.92109375 0.70625000 0.15781250 0.05312500
0 0.84296875 0.89296875 0.26093750 0.05468750
0 0.45078125 0.70937500 0.52031250 0.05937500
0 0.01406250 0.17500000 0.02187500 0.04375000
0 0.31640625 0.71328125 0.25156250 0.05156250
0 0.57968750 0.70781250 0.26250000 0.05625000
0 0.62421875 0.28750000 0.38906250 0.16250000
1 0.78203125 0.71250000 0.09531250 0.04062500
1 0.62500000 0.77500000 0.10625000 0.03750000
1 0.23671875 0.77421875 0.09218750 0.03593750
1 0.96328125 0.95312500 0.07343750 0.03750000
1 0.87734375 0.76953125 0.09843750 0.03906250
1 0.37500000 0.83750000 0.09062500 0.03750000
1 0.25156250 0.89687500 0.09687500 0.04375000
1 0.40234375 0.89531250 0.09218750 0.03750000
1 0.46093750 0.71171875 0.02812500 0.04843750
1 0.73515625 0.95078125 0.09218750 0.03906250
1 0.36640625 0.77734375 0.09218750 0.04218750
1 0.34843750 0.95781250 0.09375000 0.03750000
1 0.92578125 0.82890625 0.09218750 0.03593750
1 0.61406250 0.95546875 0.09375000 0.03593750
1 0.64843750 0.89062500 0.09687500 0.03750000
1 0.24687500 0.95625000 0.10625000 0.04062500
1 0.74609375 0.76875000 0.08593750 0.03750000
1 0.86406250 0.95078125 0.09687500 0.04218750
1 0.24375000 0.83437500 0.09375000 0.03750000
1 0.47265625 0.95937500 0.09843750 0.03750000
1 0.97187500 0.76796875 0.05625000 0.04218750
1 0.63671875 0.83281250 0.09843750 0.03750000
1 0.48046875 0.83203125 0.08593750 0.04218750
1 0.49453125 0.77734375 0.09843750 0.03906250
1 0.52578125 0.89140625 0.09218750 0.03281250
1 0.75703125 0.83359375 0.08906250 0.03593750
1 0.99531250 0.88828125 0.00937500 0.02656250
