2 0.41406250 0.95468750 0.01875000 0.02187500
2 0.20859375 0.59062500 0.01718750 0.01250000
2 0.89140625 0.22890625 0.01093750 0.01406250
2 0.96875000 0.30546875 0.01250000 0.03281250
2 0.12109375 0.50000000 0.01093750 0.01250000
2 0.96796875 0.42421875 0.01718750 0.02031250
2 0.13359375 0.46093750 0.01718750 0.02187500
2 0.96953125 0.09609375 0.01406250 0.06718750
2 0.33046875 0.54453125 0.01406250 0.01718750
2 0.50078125 0.95546875 0.02343750 0.03593750
2 0.19843750 0.43515625 0.02187500 0.03281250
2 0.34453125 0.99296875 0.01406250 0.01406250
2 0.10546875 0.58984375 0.01406250 0.01406250
2 0.31953125 0.18046875 0.01093750 0.01718750
2 0.18046875 0.46171875 0.01406250 0.02031250
2 0.20468750 0.58984375 0.01562500 0.01406250
2 0.96328125 0.43203125 0.02343750 0.03281250
2 0.42812500 0.37968750 0.01250000 0.01875000
2 0.33671875 0.37812500 0.02031250 0.01875000
2 0.97109375 0.11406250 0.01718750 0.10312500
2 0.36562500 0.62890625 0.02500000 0.03281250
2 0.98203125 0.39296875 0.01718750 0.02343750
2 0.34140625 0.42031250 0.03906250 0.05937500
2 0.30625000 0.53750000 0.01562500 0.01562500
2 0.75156250 0.82890625 0.03125000 0.05156250
2 0.22109375 0.45859375 0.01093750 0.02031250
2 0.96796875 0.42421875 0.01718750 0.02031250
2 0.26718750 0.71015625 0.01562500 0.01718750
2 0.92421875 0.03750000 0.02031250 0.02187500
2 0.97265625 0.06875000 0.01093750 0.01875000
2 0.95937500 0.43593750 0.01562500 0.02500000
2 0.98281250 0.38515625 0.01875000 0.03906250
2 0.21718750 0.59375000 0.01875000 0.01562500
2 0.45234375 0.96093750 0.01718750 0.02500000
2 0.31093750 0.67265625 0.01875000 0.01718750
2 0.98750000 0.12343750 0.01562500 0.03125000
2 0.20781250 0.58984375 0.02500000 0.01718750
2 0.75156250 0.84062500 0.03125000 0.03125000
2 0.32031250 0.53437500 0.01562500 0.01562500
2 0.97578125 0.30703125 0.02031250 0.03906250
2 0.96640625 0.22890625 0.01406250 0.01718750
2 0.36328125 0.38437500 0.02031250 0.02187500
2 0.22734375 0.49921875 0.02656250 0.02031250
2 0.00703125 0.37812500 0.01406250 0.04062500
2 0.97109375 0.19453125 0.02031250 0.07343750
2 0.32812500 0.43359375 0.01562500 0.02031250
2 0.33046875 0.43515625 0.02031250 0.02031250
2 0.31796875 0.68671875 0.03593750 0.04531250
2 0.21640625 0.50156250 0.04531250 0.02187500
2 0.99296875 0.21406250 0.01406250 0.03437500
2 0.00703125 0.38515625 0.01406250 0.02656250
2 0.96796875 0.20390625 0.01406250 0.02656250
2 0.99375000 0.65546875 0.01250000 0.03906250
2 0.41484375 0.95781250 0.02031250 0.02812500
2 0.96796875 0.21406250 0.01406250 0.04375000
2 0.31875000 0.53984375 0.04062500 0.02656250
2 0.97890625 0.04843750 0.01093750 0.02187500
2 0.51640625 0.99296875 0.01093750 0.01406250
2 0.97890625 0.31093750 0.01406250 0.03125000
2 0.96953125 0.15234375 0.01718750 0.02968750
2 0.74531250 0.81640625 0.01250000 0.02656250
2 0.32656250 0.54062500 0.02812500 0.02500000
2 0.36406250 0.68359375 0.01875000 0.01718750
2 0.97031250 0.17031250 0.01562500 0.02812500
2 0.44375000 0.33828125 0.01250000 0.02031250
2 0.25859375 0.71015625 0.01718750 0.01718750
2 0.31250000 0.53593750 0.02812500 0.01875000
2 0.47812500 0.13046875 0.01250000 0.01718750
2 0.26250000 0.71015625 0.02500000 0.01718750
2 0.98437500 0.37265625 0.01562500 0.02031250
1 0.84531250 0.12968750 0.04375000 0.10625000
1 0.58593750 0.81718750 0.03750000 0.09687500
1 0.90703125 0.00625000 0.03281250 0.01250000
1 0.63437500 0.41328125 0.03750000 0.10156250
1 0.82421875 0.93203125 0.03906250 0.09218750
1 0.08437500 0.40156250 0.10312500 0.04687500
1 0.25078125 0.07031250 0.03906250 0.10312500
1 0.57578125 0.59218750 0.04218750 0.10312500
1 0.85234375 0.65546875 0.04218750 0.09531250
1 0.58359375 0.03750000 0.03906250 0.07500000
1 0.05468750 0.88125000 0.09687500 0.04062500
1 0.22578125 0.18828125 0.05156250 0.10468750
1 0.25156250 0.93671875 0.10000000 0.04218750
1 0.63515625 0.64296875 0.04218750 0.10156250
1 0.19531250 0.32812500 0.10312500 0.10312500
1 0.19921875 0.87890625 0.10156250 0.03906250
1 0.58203125 0.30312500 0.03906250 0.09375000
1 0.75937500 0.46406250 0.04062500 0.10625000
1 0.89218750 0.81562500 0.04062500 0.10625000
1 0.01640625 0.98671875 0.03281250 0.02656250
1 0.89062500 0.47578125 0.03750000 0.09531250
1 0.68593750 0.70000000 0.04062500 0.10000000
1 0.75390625 0.98437500 0.03906250 0.03125000
1 0.50156250 0.95546875 0.02500000 0.03593750
1 0.76796875 0.03281250 0.03593750 0.06562500
1 0.69921875 0.20000000 0.03906250 0.10000000
1 0.64296875 0.15390625 0.03906250 0.10156250
1 0.75546875 0.62109375 0.04218750 0.09843750
1 0.75859375 0.16015625 0.03906250 0.09531250
1 0.75625000 0.30625000 0.03750000 0.10312500
1 0.23281250 0.36796875 0.09687500 0.07968750
