1 0.68828125 0.26562500 0.09843750 0.04375000
1 0.13125000 0.41718750 0.06562500 0.09687500
1 0.97187500 0.26328125 0.05625000 0.03593750
1 0.59375000 0.65546875 0.10312500 0.04218750
1 0.88906250 0.92656250 0.10312500 0.04375000
1 0.88359375 0.64609375 0.10156250 0.04218750
1 0.55078125 0.89375000 0.10156250 0.04062500
1 0.01171875 0.55078125 0.02343750 0.07343750
1 0.40546875 0.60468750 0.09531250 0.03750000
1 0.44765625 0.66406250 0.09531250 0.04375000
1 0.82187500 0.76953125 0.10312500 0.04531250
1 0.42812500 0.37656250 0.11562500 0.05625000
1 0.84140625 0.69921875 0.09218750 0.05156250
1 0.41718750 0.42812500 0.10937500 0.05000000
1 0.96250000 0.70234375 0.07500000 0.04218750
1 0.57265625 0.71250000 0.09843750 0.04062500
1 0.09609375 0.70234375 0.08593750 0.09531250
1 0.28359375 0.20781250 0.04218750 0.09375000
1 0.17343750 0.15390625 0.04375000 0.10468750
1 0.44375000 0.72265625 0.10937500 0.04218750
1 0.22734375 0.54687500 0.09218750 0.06875000
1 0.68203125 0.58515625 0.11406250 0.05468750
1 0.95390625 0.76015625 0.09218750 0.03906250
1 0.81406250 0.38984375 0.11875000 0.04843750
1 0.27500000 0.03359375 0.05312500 0.06718750
1 0.45625000 0.22109375 0.08125000 0.08281250
1 0.63437500 0.77421875 0.11562500 0.04843750
1 0.50703125 0.78203125 0.10156250 0.04218750
1 0.70625000 0.71328125 0.10625000 0.04218750
1 0.54687500 0.39375000 0.10312500 0.04687500
1 0.73046875 0.64453125 0.08906250 0.04531250
1 0.94765625 0.37734375 0.09531250 0.04218750
1 0.23828125 0.83906250 0.09218750 0.07187500
1 0.98046875 0.63828125 0.03281250 0.05156250
2 0.79296875 0.24843750 0.01406250 0.02187500
2 0.14609375 0.60546875 0.01718750 0.01406250
2 0.38750000 0.52734375 0.01562500 0.01406250
2 0.22265625 0.37031250 0.02031250 0.03125000
2 0.06250000 0.98515625 0.02812500 0.02968750
2 0.21796875 0.43125000 0.03281250 0.02187500
2 0.31953125 0.40312500 0.01718750 0.04687500
2 0.35703125 0.50937500 0.01718750 0.01875000
2 0.26718750 0.00781250 0.01250000 0.01562500
