2 0.16406250 0.97343750 0.03125000 0.03437500
2 0.72734375 0.57656250 0.05468750 0.05312500
2 0.27500000 0.73906250 0.02500000 0.02812500
2 0.32031250 0.86562500 0.01562500 0.03437500
2 0.18046875 0.59062500 0.01718750 0.02187500
2 0.12812500 0.76718750 0.02500000 0.01250000
2 0.26093750 0.74843750 0.02812500 0.02500000
2 0.06015625 0.57890625 0.04843750 0.03906250
2 0.23125000 0.56796875 0.02500000 0.02031250
2 0.01171875 0.58046875 0.02343750 0.01718750
2 0.11328125 0.56406250 0.02656250 0.02500000
2 0.70078125 0.96875000 0.03281250 0.06250000
2 0.35546875 0.82187500 0.02031250 0.02187500
2 0.22031250 0.63671875 0.03125000 0.02343750
2 0.19921875 0.99531250 0.02656250 0.00937500
2 0.36171875 0.92968750 0.02031250 0.04062500
2 0.04921875 0.58515625 0.02343750 0.02343750
2 0.20625000 0.58046875 0.02500000 0.02656250
2 0.12343750 0.64218750 0.02187500 0.01875000
2 0.26484375 0.73671875 0.04531250 0.04531250
2 0.07265625 0.58593750 0.02656250 0.02500000
2 0.22421875 0.63750000 0.02343750 0.02187500
2 0.11250000 0.56250000 0.02812500 0.02812500
2 0.19062500 0.59765625 0.03437500 0.03593750
2 0.04453125 0.80000000 0.03906250 0.04062500
2 0.18359375 0.59062500 0.02343750 0.02187500
2 0.12187500 0.57421875 0.04375000 0.05156250
2 0.21562500 0.65390625 0.02187500 0.01718750
2 0.04765625 0.56640625 0.02343750 0.02031250
2 0.33203125 0.76250000 0.01406250 0.02500000
2 0.00859375 0.27421875 0.01718750 0.03281250
2 0.19453125 0.60468750 0.02343750 0.02500000
2 0.36875000 0.93046875 0.02187500 0.03906250
2 0.38125000 0.93046875 0.01875000 0.02343750
2 0.13437500 0.77421875 0.03750000 0.02656250
2 0.20000000 0.54765625 0.02500000 0.02343750
2 0.22968750 0.56562500 0.02812500 0.02500000
2 0.12265625 0.63125000 0.02656250 0.04062500
2 0.21875000 0.64375000 0.03437500 0.03750000
2 0.03593750 0.66171875 0.02812500 0.01718750
2 0.36562500 0.16328125 0.02500000 0.02968750
2 0.12578125 0.59140625 0.02968750 0.01718750
2 0.34296875 0.74921875 0.01718750 0.02656250
2 0.19921875 0.99531250 0.02656250 0.00937500
2 0.19375000 0.54531250 0.03750000 0.02812500
2 0.26171875 0.72421875 0.02656250 0.02031250
2 0.12578125 0.58906250 0.02968750 0.02187500
2 0.06250000 0.58515625 0.04687500 0.02656250
2 0.12187500 0.76640625 0.01250000 0.01093750
2 0.00937500 0.55468750 0.01875000 0.01562500
2 0.93125000 0.95703125 0.13750000 0.07968750
2 0.25078125 0.73671875 0.02031250 0.03281250
2 0.07890625 0.79843750 0.04218750 0.05000000
2 0.20078125 0.54765625 0.02343750 0.02343750
2 0.94375000 0.74609375 0.01562500 0.01406250
2 0.58750000 0.84609375 0.02812500 0.04843750
2 0.33906250 0.75468750 0.02500000 0.03750000
2 0.38828125 0.93203125 0.03281250 0.03281250
2 0.07734375 0.78281250 0.02343750 0.01562500
2 0.27734375 0.74375000 0.02031250 0.02187500
2 0.05078125 0.57109375 0.02968750 0.02656250
2 0.38046875 0.92968750 0.04531250 0.03750000
2 0.14375000 0.77187500 0.01562500 0.01875000
2 0.06640625 0.58593750 0.01718750 0.02187500
2 0.14375000 0.77578125 0.01875000 0.02968750
2 0.12343750 0.57656250 0.04375000 0.04687500
2 0.58828125 0.83515625 0.02656250 0.02656250
2 0.18671875 0.06875000 0.01718750 0.03750000
1 0.00781250 0.27343750 0.01562500 0.03750000
1 0.02890625 0.45390625 0.05781250 0.03906250
1 0.00546875 0.21718750 0.01093750 0.03750000
1 0.25859375 0.61171875 0.03906250 0.02656250
1 0.07109375 0.10859375 0.08906250 0.06093750
1 0.07265625 0.39609375 0.08906250 0.03593750
1 0.06562500 0.33281250 0.08750000 0.03437500
1 0.40312500 0.66562500 0.06875000 0.09062500
1 0.22734375 0.17968750 0.07968750 0.06875000
1 0.30156250 0.53750000 0.08750000 0.05937500
1 0.37500000 0.32031250 0.07500000 0.08125000
1 0.45000000 0.82187500 0.05000000 0.07500000
