1 0.92187500 0.07890625 0.10000000 0.03906250
1 0.71796875 0.02578125 0.06093750 0.03593750
1 0.95937500 0.02734375 0.08125000 0.03593750
1 0.92421875 0.26640625 0.09531250 0.03906250
1 0.92031250 0.14687500 0.08437500 0.03750000
1 0.36250000 0.15312500 0.08125000 0.03750000
1 0.43984375 0.20703125 0.08593750 0.03593750
1 0.64531250 0.14296875 0.08750000 0.04218750
1 0.30000000 0.03125000 0.08750000 0.03750000
1 0.92031250 0.20078125 0.09062500 0.03906250
1 0.33984375 0.27187500 0.09531250 0.03750000
1 0.84218750 0.02968750 0.08750000 0.03750000
1 0.31328125 0.20546875 0.08281250 0.04218750
1 0.20390625 0.26875000 0.10156250 0.03750000
1 0.22343750 0.08828125 0.09062500 0.03906250
1 0.48750000 0.08437500 0.09062500 0.03750000
1 0.77500000 0.15000000 0.09687500 0.03437500
1 0.36250000 0.08671875 0.08437500 0.03906250
1 0.19921875 0.15156250 0.09531250 0.03750000
1 0.20390625 0.20859375 0.08593750 0.03593750
1 0.08046875 0.49687500 0.07968750 0.04687500
1 0.66953125 0.20390625 0.07656250 0.03906250
1 0.75078125 0.08593750 0.09218750 0.03750000
1 0.53906250 0.20468750 0.08125000 0.03125000
1 0.82421875 0.26718750 0.10468750 0.04062500
1 0.60156250 0.26875000 0.09687500 0.03750000
1 0.50625000 0.14765625 0.10625000 0.04218750
1 0.48437500 0.27343750 0.08750000 0.03750000
1 0.17421875 0.03515625 0.09531250 0.03906250
1 0.71171875 0.26796875 0.09531250 0.03906250
1 0.60546875 0.02656250 0.09218750 0.03750000
1 0.61328125 0.08515625 0.07656250 0.03281250
1 0.78984375 0.20703125 0.09218750 0.03593750
1 0.43125000 0.02968750 0.07500000 0.03437500
