1 0.70859375 0.65234375 0.08281250 0.03593750
1 0.03750000 0.71796875 0.07500000 0.04218750
1 0.94609375 0.96484375 0.08593750 0.03593750
1 0.89453125 0.73359375 0.09218750 0.03593750
1 0.41171875 0.78671875 0.09843750 0.03906250
1 0.58750000 0.67968750 0.08125000 0.03750000
1 0.03203125 0.88671875 0.06406250 0.04218750
1 0.66406250 0.89921875 0.09062500 0.03593750
1 0.34453125 0.72890625 0.08593750 0.03906250
1 0.16640625 0.78359375 0.09218750 0.04218750
1 0.41562500 0.66953125 0.08750000 0.03593750
1 0.68203125 0.72500000 0.09843750 0.04062500
1 0.27343750 0.64140625 0.08750000 0.05781250
1 0.20703125 0.73046875 0.08906250 0.03906250
1 0.82578125 0.96406250 0.09843750 0.04375000
1 0.68515625 0.96640625 0.12656250 0.04218750
1 0.39687500 0.96562500 0.09062500 0.04062500
1 0.58125000 0.96640625 0.08437500 0.03593750
1 0.84765625 0.66640625 0.08281250 0.03593750
1 0.16875000 0.95000000 0.08750000 0.04375000
1 0.97578125 0.78906250 0.04843750 0.04375000
1 0.71015625 0.96718750 0.07656250 0.03750000
2 0.12968750 0.59140625 0.01875000 0.01718750
2 0.31250000 0.55781250 0.02500000 0.01875000
2 0.36250000 0.59375000 0.02812500 0.02500000
2 0.11718750 0.52187500 0.02812500 0.02187500
2 0.83984375 0.60625000 0.02031250 0.01562500
2 0.47500000 0.60078125 0.01875000 0.02031250
2 0.48984375 0.61796875 0.02656250 0.01406250
2 0.05781250 0.59921875 0.02187500 0.02031250
2 0.58203125 0.60390625 0.02968750 0.01718750
2 0.52890625 0.61562500 0.02031250 0.01875000
2 0.17265625 0.44765625 0.01718750 0.02031250
2 0.45234375 0.64375000 0.02656250 0.01562500
