1 0.88515625 0.00937500 0.10468750 0.01875000
1 0.86718750 0.92187500 0.04062500 0.09687500
1 0.77421875 0.30078125 0.10156250 0.04218750
1 0.93906250 0.54296875 0.05000000 0.09843750
1 0.68046875 0.23593750 0.09843750 0.04062500
1 0.26875000 0.32109375 0.09687500 0.03906250
1 0.03046875 0.38515625 0.06093750 0.04218750
1 0.27812500 0.38984375 0.09687500 0.04218750
1 0.41015625 0.41171875 0.09218750 0.05468750
1 0.92187500 0.70546875 0.04375000 0.10468750
1 0.61875000 0.30859375 0.09375000 0.04218750
1 0.07265625 0.20781250 0.09531250 0.04062500
1 0.74765625 0.79921875 0.04218750 0.09843750
1 0.15234375 0.39062500 0.10156250 0.04062500
1 0.19531250 0.20390625 0.10000000 0.03906250
1 0.41406250 0.25546875 0.09375000 0.03906250
1 0.53046875 0.01796875 0.10156250 0.03593750
1 0.80625000 0.75078125 0.04062500 0.09843750
1 0.33515625 0.99062500 0.04218750 0.01875000
1 0.92265625 0.85937500 0.04531250 0.10625000
1 0.11484375 0.26796875 0.09531250 0.03906250
1 0.97265625 0.06406250 0.05468750 0.04375000
1 0.37890625 0.10078125 0.10468750 0.04218750
1 0.98203125 0.44687500 0.03593750 0.04687500
1 0.81328125 0.97890625 0.04218750 0.04218750
1 0.53437500 0.44843750 0.08750000 0.07812500
1 0.16250000 0.02890625 0.09375000 0.04218750
1 0.81093750 0.88593750 0.04062500 0.09687500
1 0.74218750 0.07265625 0.11250000 0.04218750
1 0.33125000 0.90859375 0.03750000 0.09843750
1 0.86328125 0.75781250 0.04218750 0.10625000
2 0.87343750 0.48984375 0.02812500 0.01718750
2 0.29531250 0.57656250 0.01562500 0.03125000
2 0.39765625 0.65859375 0.02968750 0.03906250
2 0.60781250 0.56718750 0.02812500 0.01875000
2 0.21875000 0.46406250 0.01562500 0.01875000
2 0.81250000 0.60156250 0.02500000 0.02187500
2 0.04218750 0.50781250 0.02187500 0.01562500
2 0.30781250 0.56093750 0.01562500 0.02500000
2 0.81718750 0.60468750 0.01562500 0.01562500
2 0.02421875 0.62734375 0.02343750 0.02656250
2 0.29843750 0.52812500 0.01875000 0.01875000
2 0.20625000 0.46328125 0.03750000 0.02031250
2 0.16328125 0.46015625 0.03593750 0.02031250
2 0.95390625 0.59531250 0.02968750 0.02500000
2 0.87734375 0.55468750 0.03281250 0.01250000
2 0.58281250 0.66406250 0.01562500 0.02187500
2 0.03437500 0.62812500 0.04375000 0.02812500
2 0.30468750 0.46718750 0.04062500 0.03125000
2 0.30625000 0.58828125 0.01562500 0.02031250
2 0.46015625 0.52578125 0.03593750 0.02343750
2 0.31953125 0.57343750 0.01406250 0.02187500
2 0.30078125 0.57968750 0.02656250 0.03750000
2 0.04296875 0.62343750 0.02343750 0.01875000
2 0.54687500 0.52421875 0.02500000 0.02343750
2 0.24296875 0.52734375 0.01718750 0.02031250
2 0.62968750 0.53750000 0.01250000 0.01562500
2 0.59687500 0.87812500 0.01562500 0.01875000
2 0.69218750 0.15312500 0.01875000 0.02187500
2 0.24609375 0.47109375 0.02031250 0.01718750
2 0.42109375 0.50859375 0.03281250 0.01718750
2 0.20156250 0.46250000 0.02187500 0.01875000
2 0.05000000 0.50859375 0.03750000 0.01718750
2 0.99296875 0.67109375 0.01406250 0.03906250
2 0.57578125 0.60703125 0.01718750 0.01406250
2 0.58593750 0.60312500 0.03750000 0.02500000
2 0.59609375 0.60156250 0.01718750 0.02187500
2 0.42265625 0.56093750 0.03593750 0.02187500
2 0.29687500 0.46406250 0.02187500 0.02500000
2 0.40078125 0.65078125 0.02656250 0.02343750
2 0.57812500 0.52187500 0.02187500 0.01875000
2 0.05312500 0.63515625 0.02500000 0.02031250
2 0.56250000 0.52343750 0.05312500 0.02500000
2 0.68828125 0.50625000 0.02343750 0.01562500
2 0.51953125 0.94218750 0.01406250 0.02500000
2 0.65703125 0.48515625 0.03281250 0.02343750
2 0.30312500 0.52890625 0.02812500 0.02343750
2 0.30781250 0.58906250 0.01250000 0.01875000
