1 0.67812500 0.15859375 0.09375000 0.03593750
1 0.40078125 0.48203125 0.10156250 0.04218750
1 0.96953125 0.07734375 0.06093750 0.03281250
1 0.07578125 0.00781250 0.08906250 0.01562500
1 0.66093750 0.24296875 0.08437500 0.03906250
1 0.02031250 0.24531250 0.04062500 0.04062500
1 0.26484375 0.30390625 0.08906250 0.03593750
1 0.14531250 0.31015625 0.09687500 0.04531250
1 0.92031250 0.41718750 0.08437500 0.03750000
1 0.51328125 0.29609375 0.09218750 0.03593750
1 0.35156250 0.06328125 0.10000000 0.03906250
1 0.80312500 0.36250000 0.09062500 0.03750000
1 0.02343750 0.30625000 0.04687500 0.03750000
1 0.25312500 0.15625000 0.09375000 0.03750000
1 0.01015625 0.16171875 0.02031250 0.03281250
1 0.29765625 0.41796875 0.09531250 0.03906250
1 0.82265625 0.01484375 0.07343750 0.02968750
1 0.54453125 0.35781250 0.09843750 0.04062500
1 0.59296875 0.47656250 0.08906250 0.04062500
1 0.52812500 0.24140625 0.08125000 0.04218750
1 0.37890625 0.30312500 0.09843750 0.03750000
1 0.15937500 0.08593750 0.10000000 0.04062500
1 0.20312500 0.35703125 0.09062500 0.04218750
1 0.77187500 0.47812500 0.10000000 0.03750000
1 0.39531250 0.24062500 0.09687500 0.03437500
1 0.75390625 0.29921875 0.08906250 0.03906250
1 0.60156250 0.05703125 0.10000000 0.04218750
1 0.11640625 0.24843750 0.09531250 0.03437500
1 0.02031250 0.48750000 0.02812500 0.04375000
1 0.82265625 0.08203125 0.10468750 0.04218750
1 0.98437500 0.47812500 0.03125000 0.03750000
1 0.40468750 0.12578125 0.09375000 0.04218750
1 0.63906250 0.41953125 0.09687500 0.03593750
1 0.57187500 0.54140625 0.09687500 0.04218750
1 0.78828125 0.23984375 0.08593750 0.04843750
1 0.63281250 0.29765625 0.09062500 0.03593750
1 0.88046875 0.14687500 0.08593750 0.03750000
1 0.23984375 0.24218750 0.10468750 0.03750000
1 0.52031250 0.00625000 0.06562500 0.01250000
1 0.16328125 0.48437500 0.09531250 0.04062500
1 0.98906250 0.18437500 0.02187500 0.03437500
1 0.30781250 0.01015625 0.10000000 0.02031250
2 0.91093750 0.56328125 0.02500000 0.02343750
2 0.45390625 0.60625000 0.02343750 0.02500000
2 0.93515625 0.79375000 0.01718750 0.01250000
2 0.95937500 0.80312500 0.02500000 0.03125000
2 0.95312500 0.79687500 0.01875000 0.01875000
2 0.02890625 0.69921875 0.02656250 0.02031250
2 0.42890625 0.61796875 0.02031250 0.01406250
2 0.95000000 0.80312500 0.04375000 0.03125000
2 0.03984375 0.77890625 0.02343750 0.02343750
2 0.96015625 0.80312500 0.02031250 0.03125000
2 0.45625000 0.86796875 0.02187500 0.02343750
2 0.93437500 0.67265625 0.02500000 0.02968750
2 0.43515625 0.61718750 0.02968750 0.01562500
2 0.66406250 0.98359375 0.03125000 0.03281250
2 0.43671875 0.63281250 0.02968750 0.04062500
2 0.16328125 0.60546875 0.01718750 0.01718750
2 0.44375000 0.61640625 0.01562500 0.01718750
2 0.92265625 0.68281250 0.01406250 0.02500000
2 0.44296875 0.60937500 0.04531250 0.03125000
2 0.96328125 0.81093750 0.01718750 0.01875000
2 0.04062500 0.91171875 0.04062500 0.04843750
2 0.98203125 0.69296875 0.01406250 0.02031250
2 0.82968750 0.85390625 0.02812500 0.02031250
2 0.66171875 0.97812500 0.02656250 0.02187500
2 0.80078125 0.58750000 0.02968750 0.01875000
2 0.88750000 0.81093750 0.02187500 0.02187500
2 0.93671875 0.65625000 0.02656250 0.04062500
2 0.93437500 0.66406250 0.03125000 0.05625000
