2 0.90078125 0.28671875 0.02031250 0.02031250
2 0.35312500 0.40390625 0.03437500 0.03281250
2 0.09453125 0.43515625 0.03906250 0.02656250
2 0.31328125 0.47734375 0.02343750 0.02968750
2 0.15000000 0.46093750 0.02500000 0.02187500
2 0.33984375 0.56328125 0.02968750 0.03593750
2 0.60546875 0.43515625 0.08593750 0.04218750
2 0.28984375 0.46328125 0.02343750 0.02343750
2 0.29062500 0.41171875 0.02187500 0.02343750
2 0.09921875 0.43203125 0.02968750 0.01718750
2 0.91406250 0.53125000 0.02500000 0.03437500
2 0.02812500 0.76796875 0.02500000 0.03593750
2 0.27656250 0.56562500 0.03125000 0.03125000
2 0.31171875 0.47187500 0.02031250 0.01875000
2 0.33750000 0.57265625 0.03750000 0.05468750
2 0.99453125 0.29609375 0.01093750 0.01406250
2 0.82109375 0.89296875 0.01718750 0.01718750
2 0.26328125 0.55156250 0.02968750 0.02812500
2 0.88437500 0.29375000 0.02500000 0.01562500
2 0.33593750 0.58906250 0.03437500 0.02500000
2 0.14843750 0.46484375 0.02812500 0.02968750
2 0.84296875 0.28046875 0.01406250 0.01718750
2 0.97031250 0.67031250 0.02500000 0.03750000
2 0.89531250 0.37343750 0.01875000 0.03437500
2 0.31484375 0.35234375 0.02343750 0.02343750
2 0.99453125 0.29921875 0.01093750 0.02031250
2 0.60859375 0.55703125 0.04531250 0.04218750
2 0.36015625 0.40234375 0.02343750 0.02968750
2 0.09375000 0.23125000 0.01250000 0.01562500
2 0.71953125 0.32031250 0.01406250 0.01250000
2 0.34765625 0.39843750 0.02343750 0.02500000
2 0.82109375 0.29531250 0.01718750 0.01875000
2 0.45781250 0.83750000 0.03437500 0.02812500
2 0.26875000 0.55859375 0.04375000 0.04218750
0 0.71250000 0.67109375 0.26875000 0.06093750
1 0.85703125 0.41875000 0.11406250 0.04687500
1 0.89140625 0.72734375 0.10468750 0.04218750
1 0.44687500 0.74062500 0.09375000 0.03750000
1 0.96718750 0.79687500 0.06562500 0.03750000
1 0.57968750 0.73125000 0.10000000 0.03750000
1 0.13203125 0.84296875 0.09843750 0.06093750
1 0.33437500 0.22421875 0.04375000 0.09218750
1 0.22734375 0.16562500 0.04218750 0.10312500
1 0.76328125 0.98203125 0.10156250 0.03593750
1 0.29921875 0.81796875 0.09843750 0.04843750
1 0.46796875 0.39453125 0.11406250 0.05781250
1 0.99062500 0.96250000 0.01875000 0.04687500
1 0.97343750 0.41015625 0.05312500 0.03906250
1 0.85390625 0.79921875 0.09843750 0.04218750
1 0.69765625 0.79765625 0.10468750 0.04218750
1 0.33750000 0.04453125 0.03437500 0.07343750
1 0.55781250 0.80546875 0.10312500 0.03906250
1 0.50703125 0.24218750 0.07968750 0.08125000
1 0.59296875 0.41484375 0.10468750 0.04218750
1 0.71171875 0.73984375 0.10156250 0.03906250
1 0.64453125 0.91015625 0.09843750 0.03906250
1 0.73593750 0.29296875 0.09687500 0.04218750
1 0.32187500 0.62500000 0.10000000 0.04687500
