1 0.45390625 0.97343750 0.09843750 0.04062500
1 0.95468750 0.35859375 0.09062500 0.10468750
1 0.61953125 0.90937500 0.09218750 0.04062500
1 0.49296875 0.91562500 0.09218750 0.04375000
1 0.03750000 0.98281250 0.07500000 0.03437500
1 0.31406250 0.98046875 0.09375000 0.03906250
1 0.17656250 0.98046875 0.10000000 0.03906250
1 0.88125000 0.89843750 0.09687500 0.04062500
1 0.10937500 0.92265625 0.10625000 0.03906250
1 0.85234375 0.42968750 0.10156250 0.05000000
1 0.97031250 0.95546875 0.05937500 0.03906250
1 0.97734375 0.89609375 0.04531250 0.03906250
1 0.87343750 0.95703125 0.09687500 0.03593750
1 0.58203125 0.97031250 0.09218750 0.03750000
1 0.72109375 0.96328125 0.09531250 0.03906250
1 0.74218750 0.90625000 0.08437500 0.03750000
1 0.38046875 0.91718750 0.10156250 0.04062500
