1 0.50937500 0.98203125 0.03437500 0.03593750
1 0.68437500 0.30781250 0.04375000 0.10312500
1 0.00859375 0.42578125 0.01718750 0.03593750
1 0.21796875 0.60156250 0.03906250 0.02812500
1 0.37812500 0.62031250 0.07812500 0.06875000
1 0.74140625 0.67500000 0.03906250 0.09375000
1 0.70156250 0.04296875 0.04062500 0.08593750
1 0.01406250 0.59531250 0.02812500 0.03750000
1 0.00468750 0.30546875 0.00937500 0.03281250
1 0.96093750 0.62734375 0.07500000 0.07343750
1 0.57968750 0.81484375 0.04062500 0.08593750
1 0.01953125 0.24375000 0.03906250 0.04687500
1 0.12109375 0.60156250 0.04218750 0.02500000
1 0.00546875 0.36406250 0.01093750 0.03437500
1 0.73750000 0.98906250 0.03437500 0.02187500
1 0.01562500 0.48203125 0.03125000 0.03593750
1 0.67812500 0.71093750 0.03750000 0.09062500
1 0.53750000 0.59531250 0.06250000 0.08750000
1 0.67656250 0.98125000 0.04062500 0.03750000
1 0.61875000 0.15703125 0.03750000 0.08281250
1 0.61875000 0.03125000 0.04062500 0.05312500
2 0.04453125 0.61875000 0.01406250 0.01562500
2 0.93984375 0.91796875 0.01718750 0.01406250
2 0.89687500 0.87968750 0.02187500 0.03750000
2 0.85625000 0.86015625 0.01562500 0.02343750
2 0.13750000 0.37031250 0.01875000 0.03437500
2 0.27265625 0.75546875 0.03281250 0.02968750
2 0.14140625 0.79609375 0.01093750 0.01093750
2 0.15703125 0.62421875 0.01406250 0.01718750
2 0.07421875 0.60078125 0.02656250 0.02343750
2 0.26640625 0.75390625 0.02031250 0.02656250
2 0.85781250 0.86640625 0.01875000 0.03593750
2 0.14218750 0.67109375 0.03125000 0.02656250
2 0.11484375 0.64140625 0.01718750 0.02031250
2 0.26406250 0.46484375 0.01875000 0.02343750
2 0.95390625 0.80546875 0.02343750 0.01718750
2 0.82734375 0.92343750 0.02343750 0.02187500
2 0.26093750 0.64609375 0.01875000 0.02031250
2 0.32500000 0.76640625 0.02812500 0.03593750
2 0.79531250 0.97500000 0.01562500 0.02500000
