2 0.08359375 0.93125000 0.02656250 0.02812500
2 0.12265625 0.97812500 0.09218750 0.02812500
2 0.26562500 0.74140625 0.02500000 0.02968750
2 0.67968750 0.87890625 0.01562500 0.02656250
2 0.36640625 0.84453125 0.01718750 0.01718750
2 0.14765625 0.78046875 0.03593750 0.01718750
2 0.27031250 0.74687500 0.03750000 0.04062500
2 0.09843750 0.57812500 0.02187500 0.02187500
2 0.26875000 0.64218750 0.01875000 0.02500000
2 0.83359375 0.61718750 0.01406250 0.01562500
2 0.07187500 0.59609375 0.02812500 0.01718750
2 0.34531250 0.64375000 0.03125000 0.02812500
2 0.15703125 0.64609375 0.02656250 0.01718750
2 0.86328125 0.88984375 0.02343750 0.02968750
2 0.84296875 0.60234375 0.01406250 0.02343750
2 0.24375000 0.63984375 0.02812500 0.02968750
2 0.07500000 0.60078125 0.03125000 0.02343750
2 0.11250000 0.61718750 0.02500000 0.01875000
2 0.26484375 0.74609375 0.02656250 0.03906250
2 0.74375000 0.61718750 0.01250000 0.01562500
2 0.83593750 0.05078125 0.02812500 0.02968750
2 0.87343750 0.77031250 0.01875000 0.02187500
2 0.13593750 0.55078125 0.04687500 0.02343750
2 0.12109375 0.55390625 0.02031250 0.01718750
2 0.92265625 0.81250000 0.01718750 0.02500000
2 0.23750000 0.66328125 0.02500000 0.02656250
2 0.87343750 0.77265625 0.02187500 0.02656250
2 0.13750000 0.65078125 0.02500000 0.02343750
2 0.61250000 0.90546875 0.01875000 0.01718750
2 0.15000000 0.78750000 0.04062500 0.03125000
2 0.13515625 0.77812500 0.01406250 0.01250000
2 0.23828125 0.59375000 0.02343750 0.02500000
2 0.26562500 0.64375000 0.01562500 0.02500000
2 0.23750000 0.66328125 0.02500000 0.02656250
2 0.83125000 0.88671875 0.02500000 0.03281250
2 0.83906250 0.60781250 0.02187500 0.03437500
2 0.07890625 0.60156250 0.02343750 0.02187500
2 0.23203125 0.66250000 0.01718750 0.02500000
2 0.02890625 0.83359375 0.01406250 0.01406250
2 0.33437500 0.87187500 0.01875000 0.03125000
2 0.86562500 0.90468750 0.02812500 0.06250000
2 0.27734375 0.58046875 0.01718750 0.01718750
2 0.00546875 0.34531250 0.01093750 0.03437500
2 0.92109375 0.87109375 0.02656250 0.02968750
2 0.17890625 0.98203125 0.03281250 0.02968750
2 0.75546875 0.60468750 0.01406250 0.01875000
2 0.75000000 0.61015625 0.02500000 0.02968750
2 0.14609375 0.65000000 0.04218750 0.02500000
2 0.34843750 0.96718750 0.01562500 0.02812500
2 0.81406250 0.78515625 0.02812500 0.02343750
2 0.27500000 0.64609375 0.03125000 0.03281250
2 0.14687500 0.54921875 0.02812500 0.02031250
2 0.36250000 0.84765625 0.02500000 0.02343750
2 0.28203125 0.75078125 0.02031250 0.02656250
2 0.74375000 0.61640625 0.01250000 0.01718750
2 0.86953125 0.91796875 0.02656250 0.04843750
2 0.73046875 0.10234375 0.01718750 0.02031250
2 0.15625000 0.78125000 0.01875000 0.01562500
2 0.78203125 0.58906250 0.01718750 0.02187500
2 0.70468750 0.90781250 0.02187500 0.02500000
2 0.84062500 0.12734375 0.02187500 0.02968750
2 0.08906250 0.79296875 0.02187500 0.02031250
2 0.19609375 0.58671875 0.01718750 0.02656250
2 0.15859375 0.78828125 0.02343750 0.02968750
2 0.81328125 0.78046875 0.02656250 0.01406250
1 0.01718750 0.28984375 0.03437500 0.03593750
1 0.67343750 0.49140625 0.07187500 0.08281250
1 0.87500000 0.36171875 0.09062500 0.06406250
1 0.00546875 0.34531250 0.01093750 0.03437500
1 0.22031250 0.27421875 0.08750000 0.04531250
1 0.01875000 0.46640625 0.03750000 0.03906250
1 0.35781250 0.13515625 0.08437500 0.07343750
1 0.41640625 0.78515625 0.05468750 0.08906250
1 0.02265625 0.52343750 0.04531250 0.03750000
1 0.20937500 0.52656250 0.09062500 0.04687500
1 0.20468750 0.18750000 0.08125000 0.05000000
1 0.01718750 0.40703125 0.03437500 0.03593750
1 0.98671875 0.97812500 0.02656250 0.04375000
1 0.36406250 0.24453125 0.08125000 0.05468750
1 0.54843750 0.11718750 0.07187500 0.07812500
1 0.53671875 0.02890625 0.07031250 0.05781250
