1 0.92109375 0.07265625 0.10156250 0.03906250
1 0.53828125 0.19843750 0.08281250 0.03125000
1 0.73281250 0.01953125 0.05937500 0.03593750
1 0.61406250 0.07890625 0.07812500 0.03593750
1 0.95937500 0.01953125 0.08125000 0.03593750
1 0.78828125 0.20000000 0.09218750 0.03437500
1 0.93515625 0.25937500 0.09218750 0.03750000
1 0.36093750 0.14765625 0.08437500 0.03906250
1 0.20234375 0.20390625 0.08281250 0.03593750
1 0.43906250 0.20156250 0.08750000 0.03750000
1 0.64296875 0.13750000 0.08593750 0.03750000
1 0.29921875 0.02500000 0.08593750 0.03750000
1 0.17421875 0.02890625 0.09531250 0.03906250
1 0.33906250 0.26640625 0.09687500 0.03906250
1 0.84140625 0.02187500 0.08906250 0.03750000
1 0.92031250 0.19531250 0.08750000 0.03750000
1 0.31640625 0.20312500 0.08906250 0.04375000
1 0.71093750 0.26093750 0.09375000 0.03750000
1 0.20312500 0.26484375 0.10000000 0.03906250
1 0.48671875 0.07812500 0.08906250 0.03750000
1 0.22187500 0.08281250 0.09062500 0.03750000
1 0.82265625 0.25937500 0.10156250 0.04375000
1 0.36093750 0.08125000 0.08437500 0.03750000
1 0.19921875 0.14531250 0.09531250 0.03750000
1 0.91875000 0.14140625 0.08750000 0.03906250
1 0.75000000 0.07968750 0.09062500 0.03750000
1 0.67578125 0.19531250 0.09218750 0.04062500
1 0.43281250 0.02187500 0.07812500 0.03437500
1 0.60000000 0.26328125 0.09687500 0.03906250
1 0.50546875 0.14140625 0.10468750 0.04218750
1 0.48359375 0.26796875 0.08593750 0.03906250
1 0.60468750 0.02031250 0.09375000 0.03437500
1 0.77421875 0.14296875 0.09843750 0.03906250
