1 0.95468750 0.15859375 0.08437500 0.03593750
1 0.26015625 0.47968750 0.09218750 0.04375000
1 0.98906250 0.03359375 0.02187500 0.03593750
1 0.83437500 0.03750000 0.07500000 0.04062500
1 0.89531250 0.47578125 0.09062500 0.03593750
1 0.81875000 0.08984375 0.08750000 0.03906250
1 0.02343750 0.36953125 0.04687500 0.03593750
1 0.16328125 0.02968750 0.08906250 0.03750000
1 0.55859375 0.36875000 0.09218750 0.03437500
1 0.16718750 0.09609375 0.08125000 0.03281250
1 0.96875000 0.27500000 0.06250000 0.03750000
1 0.96250000 0.21718750 0.07500000 0.03750000
1 0.58437500 0.41328125 0.09375000 0.05781250
1 0.11250000 0.42500000 0.10000000 0.04062500
1 0.13593750 0.15312500 0.07812500 0.03437500
1 0.29765625 0.20078125 0.08281250 0.03281250
1 0.86171875 0.27968750 0.08593750 0.03750000
1 0.22343750 0.36718750 0.09687500 0.03750000
1 0.74140625 0.27656250 0.09531250 0.03750000
1 0.98281250 0.41406250 0.03437500 0.04687500
1 0.44921875 0.03437500 0.08906250 0.03437500
1 0.60546875 0.27578125 0.10468750 0.03906250
1 0.68359375 0.15859375 0.08906250 0.03906250
1 0.64687500 0.03593750 0.05625000 0.03750000
1 0.68750000 0.21718750 0.08750000 0.03750000
2 0.40234375 0.60000000 0.02343750 0.01875000
2 0.59531250 0.56562500 0.03750000 0.02187500
2 0.60703125 0.56796875 0.01406250 0.01718750
2 0.08437500 0.66875000 0.01875000 0.01562500
2 0.41250000 0.56562500 0.02500000 0.01875000
2 0.58906250 0.56640625 0.02500000 0.02031250
2 0.09609375 0.62656250 0.02968750 0.02187500
2 0.49843750 0.58984375 0.02500000 0.02031250
2 0.38515625 0.68750000 0.02656250 0.02187500
2 0.48281250 0.54921875 0.01250000 0.01718750
2 0.09453125 0.99062500 0.01093750 0.01875000
2 0.21640625 0.57421875 0.02968750 0.02343750
2 0.63828125 0.58437500 0.02656250 0.01875000
