1 0.31875000 0.96796875 0.08750000 0.04218750
1 0.42734375 0.96718750 0.09843750 0.03750000
1 0.61171875 0.79296875 0.09531250 0.03593750
1 0.16171875 0.72421875 0.09843750 0.03906250
1 0.96406250 0.61562500 0.07187500 0.03750000
1 0.12031250 0.59296875 0.05000000 0.02031250
1 0.78671875 0.90781250 0.09843750 0.03750000
1 0.97734375 0.73593750 0.04531250 0.03437500
1 0.88046875 0.97500000 0.10156250 0.04062500
1 0.17578125 0.60937500 0.07343750 0.03437500
1 0.93203125 0.85703125 0.08906250 0.03906250
1 0.32890625 0.84453125 0.08593750 0.03593750
1 0.54375000 0.97578125 0.09687500 0.03906250
1 0.45000000 0.84687500 0.09062500 0.03437500
1 0.50937500 0.72890625 0.08750000 0.03593750
1 0.18593750 0.89531250 0.09062500 0.03750000
1 0.04062500 0.61015625 0.07500000 0.02968750
1 0.30156250 0.90156250 0.09375000 0.03750000
1 0.54531250 0.90781250 0.09062500 0.03437500
1 0.21328125 0.96562500 0.09843750 0.04062500
1 0.28593750 0.73203125 0.09062500 0.03593750
1 0.21640625 0.84375000 0.09218750 0.04062500
1 0.48125000 0.79062500 0.09687500 0.04375000
1 0.84687500 0.79453125 0.09375000 0.03593750
1 0.90234375 0.91328125 0.09843750 0.03593750
1 0.41718750 0.90625000 0.09687500 0.03750000
1 0.20000000 0.78515625 0.09375000 0.03906250
1 0.97578125 0.97421875 0.04843750 0.03906250
1 0.69921875 0.85156250 0.07343750 0.03437500
1 0.73281250 0.79843750 0.08750000 0.03750000
1 0.40078125 0.73203125 0.08281250 0.03593750
1 0.98671875 0.79921875 0.02656250 0.03906250
1 0.66718750 0.90781250 0.09375000 0.03750000
1 0.58437500 0.85234375 0.10625000 0.04218750
1 0.87265625 0.74453125 0.08906250 0.03593750
1 0.65156250 0.96953125 0.09375000 0.03593750
1 0.32578125 0.78906250 0.08281250 0.04062500
1 0.99218750 0.91562500 0.01562500 0.03750000
1 0.80781250 0.85625000 0.09062500 0.04062500
1 0.76875000 0.97343750 0.08750000 0.03750000
0 0.70234375 0.73046875 0.25156250 0.05468750
