2 0.09765625 0.82812500 0.02968750 0.04687500
2 0.16015625 0.80937500 0.04218750 0.04375000
2 0.82812500 0.25000000 0.01875000 0.02500000
2 0.28281250 0.76484375 0.01875000 0.01718750
2 0.14218750 0.67265625 0.02187500 0.02656250
2 0.78906250 0.18203125 0.02187500 0.02968750
2 0.27187500 0.75703125 0.03750000 0.03281250
2 0.04062500 0.60781250 0.05937500 0.02812500
2 0.12890625 0.60000000 0.02343750 0.02187500
2 0.24531250 0.61484375 0.03437500 0.02343750
2 0.21796875 0.59296875 0.01718750 0.01718750
2 0.83750000 0.77968750 0.01875000 0.01875000
2 0.01250000 0.60625000 0.02500000 0.01875000
2 0.83671875 0.78671875 0.02031250 0.02343750
2 0.25156250 0.63984375 0.02500000 0.01718750
2 0.87734375 0.93515625 0.02656250 0.03593750
2 0.82734375 0.24921875 0.02031250 0.02656250
2 0.00859375 0.60703125 0.01718750 0.01718750
2 0.15859375 0.62109375 0.01718750 0.01718750
2 0.08125000 0.23046875 0.07500000 0.45468750
2 0.12421875 0.60000000 0.03281250 0.02500000
2 0.05234375 0.61484375 0.03593750 0.02031250
2 0.09609375 0.81406250 0.02031250 0.01875000
2 0.02812500 0.60546875 0.04687500 0.02343750
2 0.34921875 0.01171875 0.02343750 0.02343750
2 0.82421875 0.24843750 0.01718750 0.02187500
2 0.20546875 0.59296875 0.01406250 0.01718750
2 0.83906250 0.78906250 0.01562500 0.01875000
2 0.21406250 0.65312500 0.02500000 0.01562500
2 0.05937500 0.01796875 0.03125000 0.02031250
2 0.16953125 0.80703125 0.01718750 0.02968750
2 0.32656250 0.75937500 0.02500000 0.03437500
2 0.96015625 0.87656250 0.02031250 0.01875000
2 0.19531250 0.65000000 0.01875000 0.02500000
2 0.14453125 0.79453125 0.01718750 0.01406250
2 0.13515625 0.51250000 0.01406250 0.01562500
2 0.23671875 0.61796875 0.01718750 0.02031250
2 0.26406250 0.75625000 0.02187500 0.02812500
2 0.10781250 0.60468750 0.01562500 0.01562500
2 0.20546875 0.63437500 0.02968750 0.01875000
2 0.11953125 0.45312500 0.01406250 0.01562500
2 0.00546875 0.33281250 0.01093750 0.08437500
2 0.19453125 0.63906250 0.01718750 0.01875000
2 0.19453125 0.98984375 0.03593750 0.02031250
2 0.07812500 0.60000000 0.02187500 0.02187500
2 0.37421875 0.01171875 0.02343750 0.02343750
2 0.07968750 0.59843750 0.01875000 0.02187500
2 0.16640625 0.62031250 0.03281250 0.01875000
2 0.14453125 0.66640625 0.01406250 0.01406250
2 0.21250000 0.59140625 0.02500000 0.02031250
2 0.78828125 0.18359375 0.02031250 0.02656250
2 0.17265625 0.61796875 0.02343750 0.01406250
2 0.20468750 0.59140625 0.01250000 0.01718750
2 0.11875000 0.56562500 0.01562500 0.01562500
2 0.03203125 0.85781250 0.01718750 0.02187500
2 0.06015625 0.01562500 0.03281250 0.01875000
2 0.99453125 0.99296875 0.01093750 0.01406250
2 0.36796875 0.92578125 0.01406250 0.05156250
2 0.09218750 0.90234375 0.02500000 0.13281250
2 0.51562500 0.95234375 0.01875000 0.03593750
2 0.24609375 0.62656250 0.03906250 0.04375000
2 0.94375000 0.46250000 0.01562500 0.02812500
2 0.81875000 0.97578125 0.01562500 0.02656250
2 0.13750000 0.67968750 0.01562500 0.01562500
2 0.09453125 0.01875000 0.02031250 0.03125000
2 0.32421875 0.76640625 0.02031250 0.02031250
2 0.06015625 0.02031250 0.03281250 0.02812500
2 0.14140625 0.67343750 0.02031250 0.02500000
2 0.28046875 0.59453125 0.02031250 0.01718750
2 0.34531250 0.88203125 0.01562500 0.02968750
2 0.20312500 0.63359375 0.02500000 0.01718750
2 0.85703125 0.73828125 0.01406250 0.02656250
2 0.81796875 0.97734375 0.01406250 0.02343750
1 0.90937500 0.62656250 0.07187500 0.07187500
1 0.00546875 0.35937500 0.01093750 0.03125000
1 0.01562500 0.48046875 0.03125000 0.03593750
1 0.35937500 0.01171875 0.04375000 0.02343750
1 0.76328125 0.90937500 0.05156250 0.08750000
1 0.46093750 0.03750000 0.03437500 0.07500000
1 0.00625000 0.30468750 0.01250000 0.03437500
1 0.67343750 0.11093750 0.03750000 0.08750000
1 0.03203125 0.54062500 0.06406250 0.03750000
1 0.01953125 0.24062500 0.03906250 0.04375000
1 0.48828125 0.25078125 0.03281250 0.08906250
1 0.38125000 0.65156250 0.06562500 0.08437500
1 0.01015625 0.42421875 0.02031250 0.03906250
1 0.87812500 0.93437500 0.02812500 0.03750000
1 0.53984375 0.66015625 0.03593750 0.09218750
1 0.68281250 0.92109375 0.03750000 0.08906250
1 0.49531250 0.45546875 0.04062500 0.09843750
1 0.43750000 0.82031250 0.05000000 0.08750000
1 0.48359375 0.67890625 0.03906250 0.09843750
1 0.53906250 0.17656250 0.04687500 0.09687500
1 0.60546875 0.05390625 0.03593750 0.08281250
1 0.68046875 0.30078125 0.03593750 0.07968750
1 0.15000000 0.61484375 0.09687500 0.05468750
