1 0.73593750 0.21406250 0.08750000 0.04062500
1 0.97500000 0.20468750 0.05000000 0.03750000
1 0.78593750 0.39062500 0.10000000 0.04062500
1 0.96562500 0.50390625 0.06250000 0.03906250
1 0.09765625 0.35546875 0.10156250 0.03906250
1 0.10156250 0.23437500 0.10312500 0.04062500
1 0.99062500 0.38906250 0.01875000 0.03750000
1 0.45312500 0.34375000 0.09687500 0.03750000
1 0.45859375 0.40546875 0.10468750 0.03906250
1 0.37421875 0.22890625 0.10156250 0.04218750
1 0.48750000 0.22500000 0.09687500 0.04375000
1 0.30859375 0.28984375 0.09218750 0.04218750
1 0.32734375 0.34375000 0.09531250 0.03750000
1 0.56718750 0.03359375 0.10625000 0.04218750
1 0.17109375 0.29218750 0.10468750 0.04062500
1 0.90156250 0.49531250 0.04687500 0.02187500
1 0.79531250 0.26875000 0.09687500 0.03750000
1 0.21328125 0.35000000 0.08281250 0.03437500
1 0.64218750 0.27656250 0.09687500 0.03750000
1 0.92656250 0.47890625 0.04375000 0.02031250
1 0.16093750 0.15625000 0.09687500 0.04062500
1 0.04296875 0.29765625 0.08593750 0.04218750
1 0.87656250 0.20781250 0.09687500 0.04062500
1 0.94921875 0.32500000 0.10156250 0.04062500
1 0.45937500 0.28203125 0.09687500 0.03906250
1 0.13515625 0.09453125 0.09531250 0.03906250
1 0.61640625 0.21953125 0.08906250 0.03906250
1 0.71406250 0.33671875 0.08750000 0.04218750
1 0.22500000 0.40156250 0.10000000 0.04062500
1 0.98281250 0.45625000 0.03437500 0.01562500
1 0.84218750 0.46484375 0.04062500 0.02343750
