0 0.29843750 0.41328125 0.23437500 0.17968750
1 0.91406250 0.08203125 0.11250000 0.04531250
1 0.68750000 0.26171875 0.09375000 0.04218750
1 0.74921875 0.09218750 0.10156250 0.04062500
1 0.01406250 0.68515625 0.02812500 0.09218750
1 0.12500000 0.61171875 0.04375000 0.09843750
1 0.13828125 0.04765625 0.09843750 0.04218750
1 0.12812500 0.76015625 0.04062500 0.10156250
1 0.49531250 0.21562500 0.10000000 0.04062500
1 0.01718750 0.80390625 0.03437500 0.09218750
1 0.98750000 0.30859375 0.02500000 0.04218750
1 0.06484375 0.70937500 0.04218750 0.09687500
1 0.36250000 0.26718750 0.09687500 0.04062500
1 0.06953125 0.83203125 0.03906250 0.09218750
1 0.16406250 0.22734375 0.10312500 0.04218750
1 0.02109375 0.96406250 0.04218750 0.07187500
1 0.96718750 0.20000000 0.06562500 0.04062500
1 0.13906250 0.93281250 0.04375000 0.10000000
1 0.48750000 0.10156250 0.10000000 0.04375000
1 0.61875000 0.09609375 0.10312500 0.04218750
1 0.77343750 0.03125000 0.10312500 0.04687500
1 0.07578125 0.95078125 0.04218750 0.08593750
