2 0.05625000 0.77265625 0.03437500 0.13593750
2 0.32031250 0.56093750 0.01562500 0.02187500
2 0.34296875 0.58281250 0.02343750 0.02500000
2 0.24218750 0.50312500 0.03750000 0.01250000
2 0.47031250 0.13750000 0.01250000 0.02187500
2 0.31562500 0.56015625 0.02812500 0.02343750
2 0.83437500 0.62109375 0.02187500 0.03906250
2 0.44921875 0.36718750 0.02343750 0.03750000
2 0.36015625 0.39062500 0.02031250 0.01875000
2 0.05312500 0.47187500 0.02187500 0.01250000
2 0.96875000 0.05234375 0.01250000 0.01718750
2 0.99687500 0.57031250 0.00625000 0.01875000
2 0.42031250 0.11406250 0.01250000 0.01875000
2 0.27187500 0.52343750 0.01250000 0.01875000
2 0.75078125 0.83281250 0.03906250 0.05625000
2 0.60703125 0.90468750 0.01406250 0.01250000
2 0.28281250 0.50937500 0.03437500 0.03750000
2 0.45390625 0.37421875 0.01406250 0.02343750
2 0.28046875 0.47812500 0.03906250 0.03125000
2 0.18203125 0.50078125 0.01406250 0.01718750
2 0.31328125 0.55625000 0.02343750 0.01562500
2 0.13671875 0.45625000 0.02656250 0.05000000
2 0.22734375 0.50156250 0.01406250 0.01562500
2 0.28750000 0.51796875 0.02500000 0.02343750
2 0.44609375 0.35000000 0.02656250 0.02500000
2 0.33593750 0.38750000 0.02500000 0.02187500
2 0.54921875 0.53046875 0.01718750 0.01718750
2 0.18125000 0.44843750 0.04687500 0.04375000
2 0.28671875 0.51093750 0.02656250 0.02500000
2 0.00468750 0.39375000 0.00937500 0.02187500
2 0.99453125 0.58046875 0.01093750 0.03906250
2 0.28046875 0.52187500 0.02968750 0.02187500
2 0.99609375 0.57187500 0.00781250 0.02187500
2 0.08750000 0.35781250 0.02812500 0.04062500
2 0.28750000 0.53203125 0.04062500 0.05781250
2 0.32734375 0.57031250 0.05156250 0.04375000
2 0.33281250 0.38593750 0.01875000 0.01875000
2 0.21796875 0.50234375 0.08593750 0.01718750
2 0.28125000 0.47109375 0.03750000 0.02031250
2 0.22109375 0.43828125 0.01718750 0.01718750
2 0.91953125 0.04296875 0.01406250 0.01406250
2 0.37500000 0.26953125 0.01562500 0.02031250
2 0.75312500 0.84375000 0.03437500 0.03437500
2 0.00468750 0.58906250 0.00937500 0.02500000
2 0.11875000 0.50781250 0.01250000 0.01250000
2 0.44218750 0.11953125 0.01562500 0.02343750
2 0.27031250 0.47890625 0.02187500 0.02343750
2 0.24140625 0.50156250 0.03593750 0.01562500
2 0.44765625 0.36171875 0.02968750 0.04531250
2 0.13359375 0.44765625 0.02031250 0.03281250
2 0.55703125 0.50546875 0.02968750 0.06718750
2 0.33828125 0.39375000 0.02968750 0.03437500
2 0.21796875 0.46718750 0.01718750 0.01875000
2 0.22343750 0.43906250 0.02187500 0.02187500
2 0.13750000 0.47343750 0.02812500 0.01875000
2 0.00859375 0.37421875 0.01718750 0.02343750
2 0.56015625 0.48984375 0.02343750 0.03593750
2 0.55078125 0.52421875 0.02031250 0.03281250
2 0.73984375 0.81640625 0.01718750 0.02031250
2 0.28828125 0.47187500 0.02343750 0.02187500
2 0.94765625 0.04843750 0.07031250 0.02500000
2 0.34687500 0.39062500 0.04687500 0.02812500
2 0.30859375 0.55546875 0.01406250 0.01406250
2 0.00703125 0.38437500 0.01406250 0.04062500
2 0.73906250 0.81718750 0.01562500 0.01875000
2 0.45312500 0.15078125 0.03125000 0.07656250
2 0.88359375 0.23046875 0.01093750 0.01406250
2 0.22578125 0.44296875 0.02656250 0.03281250
2 0.39218750 0.13437500 0.01250000 0.02187500
2 0.99687500 0.57109375 0.00625000 0.02031250
2 0.27265625 0.52343750 0.01406250 0.01875000
1 0.94609375 0.14453125 0.04531250 0.10156250
1 0.69218750 0.76406250 0.03750000 0.09062500
1 0.24375000 0.08281250 0.04062500 0.10000000
1 0.42187500 0.58125000 0.07500000 0.08750000
1 0.48828125 0.40937500 0.04843750 0.08437500
1 0.63515625 0.25000000 0.04218750 0.10000000
1 0.06640625 0.89062500 0.09843750 0.04062500
1 0.86250000 0.65078125 0.07500000 0.09843750
1 0.25312500 0.94531250 0.10312500 0.04062500
1 0.75625000 0.01250000 0.04062500 0.02500000
1 0.63125000 0.89062500 0.04062500 0.09687500
1 0.21796875 0.22187500 0.04531250 0.05625000
1 0.57656250 0.20312500 0.04062500 0.10000000
1 0.19921875 0.88750000 0.10156250 0.04062500
1 0.69765625 0.22343750 0.04218750 0.10312500
1 0.52031250 0.27187500 0.03750000 0.09375000
1 0.75312500 0.98515625 0.04062500 0.02968750
1 0.18203125 0.34765625 0.08593750 0.08281250
1 0.08203125 0.41171875 0.10468750 0.04843750
1 0.09218750 0.94609375 0.11250000 0.04531250
1 0.01640625 0.99218750 0.03281250 0.01562500
1 0.63281250 0.66328125 0.04062500 0.09531250
1 0.64140625 0.10546875 0.03906250 0.09218750
1 0.64375000 0.00781250 0.03750000 0.01562500
1 0.75781250 0.15078125 0.03750000 0.09843750
1 0.69765625 0.07265625 0.03593750 0.09218750
1 0.77578125 0.40156250 0.04843750 0.09375000
0 0.16640625 0.98906250 0.25781250 0.02187500
