1 0.95156250 0.05312500 0.09687500 0.04062500
1 0.82500000 0.05078125 0.07500000 0.03593750
1 0.59453125 0.21250000 0.08593750 0.04062500
1 0.85234375 0.22812500 0.09218750 0.04375000
1 0.98593750 0.16875000 0.02812500 0.03750000
1 0.01250000 0.46406250 0.02500000 0.04687500
1 0.51718750 0.27578125 0.08437500 0.03593750
1 0.30703125 0.28359375 0.08906250 0.04218750
1 0.62734375 0.15781250 0.09531250 0.03750000
1 0.86328125 0.10546875 0.09218750 0.03593750
1 0.98125000 0.28281250 0.03750000 0.04062500
1 0.62109375 0.10156250 0.08593750 0.04375000
1 0.98046875 0.11093750 0.03906250 0.04062500
1 0.70234375 0.21796875 0.07656250 0.03593750
1 0.74375000 0.10234375 0.08437500 0.04218750
1 0.72968750 0.28437500 0.09687500 0.03750000
1 0.75312500 0.16171875 0.07187500 0.03593750
1 0.89921875 0.16093750 0.09531250 0.03750000
0 0.95156250 0.05312500 0.09687500 0.04062500
0 0.62187500 0.10234375 0.08750000 0.04531250
0 0.98046875 0.11171875 0.03906250 0.04218750
0 0.89921875 0.16093750 0.09531250 0.04062500
0 0.22578125 0.95000000 0.12031250 0.10000000
0 0.82578125 0.05078125 0.07656250 0.03906250
0 0.66484375 0.03984375 0.24843750 0.05156250
