0 0.96015625 0.11328125 0.07968750 0.05468750
0 0.76093750 0.84531250 0.47812500 0.25312500
0 0.26171875 0.03906250 0.25156250 0.05312500
1 0.82343750 0.04687500 0.09375000 0.03750000
1 0.93671875 0.11328125 0.03906250 0.04843750
1 0.74218750 0.16875000 0.07812500 0.04062500
1 0.95234375 0.04687500 0.09531250 0.04062500
1 0.78671875 0.29062500 0.09843750 0.03750000
1 0.90078125 0.29375000 0.08593750 0.03750000
1 0.91093750 0.22812500 0.10000000 0.03750000
1 0.19218750 0.20859375 0.08437500 0.03593750
1 0.45078125 0.28359375 0.09531250 0.03906250
1 0.53046875 0.22187500 0.07968750 0.03125000
1 0.62343750 0.16484375 0.10625000 0.03906250
1 0.22109375 0.09843750 0.08593750 0.04062500
1 0.34296875 0.15859375 0.07968750 0.03593750
1 0.99296875 0.22968750 0.01406250 0.03437500
1 0.97109375 0.17187500 0.05781250 0.03750000
1 0.56406250 0.28281250 0.09687500 0.03750000
1 0.67500000 0.28671875 0.09375000 0.03593750
1 0.21015625 0.27421875 0.09218750 0.03593750
1 0.34218750 0.10000000 0.08437500 0.04375000
1 0.41718750 0.22265625 0.08125000 0.03906250
1 0.54375000 0.04921875 0.09375000 0.04218750
1 0.49687500 0.15625000 0.09375000 0.04062500
1 0.30234375 0.21406250 0.07968750 0.03437500
1 0.86875000 0.11015625 0.08750000 0.03906250
1 0.22578125 0.15546875 0.09531250 0.03593750
1 0.98671875 0.29218750 0.02656250 0.04062500
1 0.74843750 0.10625000 0.10000000 0.03750000
1 0.64296875 0.22343750 0.08281250 0.04062500
1 0.46250000 0.10312500 0.09375000 0.04062500
1 0.97656250 0.11328125 0.04687500 0.05156250
1 0.42421875 0.04843750 0.07343750 0.03750000
1 0.60312500 0.10781250 0.09375000 0.04062500
1 0.77890625 0.22343750 0.08906250 0.04062500
1 0.68203125 0.04765625 0.09843750 0.03906250
1 0.32890625 0.28203125 0.08281250 0.03906250
1 0.85859375 0.16875000 0.08593750 0.03750000
