1 0.88046875 0.65156250 0.09843750 0.04062500
1 0.66406250 0.72812500 0.08125000 0.03750000
1 0.92109375 0.84140625 0.10156250 0.04531250
1 0.03593750 0.83984375 0.07187500 0.03906250
1 0.82578125 0.95781250 0.09843750 0.04687500
1 0.05078125 0.72187500 0.08281250 0.03437500
1 0.50078125 0.94140625 0.09218750 0.06093750
1 0.29765625 0.66250000 0.09218750 0.04687500
1 0.20234375 0.85078125 0.08906250 0.04218750
1 0.40703125 0.84765625 0.09531250 0.04218750
1 0.83359375 0.78046875 0.09531250 0.03906250
1 0.23359375 0.78125000 0.08593750 0.03750000
1 0.04140625 0.77343750 0.08281250 0.03750000
1 0.94687500 0.95859375 0.08125000 0.03281250
1 0.98984375 0.73046875 0.02031250 0.03593750
1 0.88437500 0.90000000 0.08437500 0.04375000
1 0.70546875 0.89531250 0.09531250 0.03750000
1 0.71015625 0.96328125 0.07968750 0.03593750
1 0.42031250 0.77812500 0.08437500 0.03750000
1 0.59921875 0.96484375 0.08906250 0.03906250
1 0.30156250 0.72500000 0.09062500 0.03750000
0 0.89843750 0.30234375 0.20312500 0.15156250
0 0.63906250 0.67031250 0.24687500 0.06250000
2 0.46953125 0.57031250 0.02968750 0.03125000
2 0.15156250 0.57421875 0.03437500 0.02343750
2 0.01875000 0.12187500 0.01250000 0.02812500
2 0.47343750 0.63671875 0.03125000 0.02031250
2 0.42968750 0.59687500 0.02187500 0.02187500
2 0.05156250 0.13828125 0.02500000 0.03906250
2 0.19765625 0.60078125 0.02968750 0.02656250
2 0.54687500 0.60234375 0.02500000 0.01718750
