2 0.18046875 0.14921875 0.01718750 0.07656250
2 0.48437500 0.50703125 0.02187500 0.01718750
2 0.42500000 0.52968750 0.02500000 0.02187500
2 0.35546875 0.42500000 0.01718750 0.07187500
2 0.33281250 0.39296875 0.01250000 0.02031250
2 0.89296875 0.27734375 0.01718750 0.02031250
2 0.60234375 0.54921875 0.04531250 0.04531250
2 0.31406250 0.00937500 0.02500000 0.01250000
2 0.37500000 0.55859375 0.02500000 0.02031250
2 0.16796875 0.04921875 0.01718750 0.02031250
2 0.88281250 0.52265625 0.01562500 0.02343750
2 0.18125000 0.11406250 0.01875000 0.07812500
2 0.31718750 0.83046875 0.01875000 0.02343750
2 0.32421875 0.89843750 0.01718750 0.02500000
2 0.17109375 0.49218750 0.02031250 0.02500000
2 0.21250000 0.62187500 0.02187500 0.03437500
2 0.21484375 0.05546875 0.01406250 0.01718750
2 0.29062500 0.67968750 0.01875000 0.01875000
2 0.18046875 0.47578125 0.01718750 0.02656250
2 0.17812500 0.48984375 0.01875000 0.02031250
2 0.34921875 0.65781250 0.03593750 0.01875000
2 0.31875000 0.68671875 0.01562500 0.02031250
2 0.32031250 0.37343750 0.01562500 0.02187500
2 0.24765625 0.56953125 0.01718750 0.01718750
2 0.20937500 0.61250000 0.01250000 0.01562500
2 0.21796875 0.45390625 0.02031250 0.02968750
2 0.14453125 0.11015625 0.01406250 0.04218750
2 0.30546875 0.85859375 0.01406250 0.03593750
2 0.82421875 0.27812500 0.03906250 0.03125000
2 0.42421875 0.51250000 0.03281250 0.01875000
2 0.25234375 0.56406250 0.02343750 0.02812500
2 0.38671875 0.81171875 0.01718750 0.02343750
2 0.25781250 0.68046875 0.01562500 0.01406250
2 0.28125000 0.37265625 0.01250000 0.01718750
2 0.32578125 0.38203125 0.02656250 0.03906250
2 0.27343750 0.68046875 0.04375000 0.02031250
2 0.23750000 0.66093750 0.01875000 0.01562500
2 0.25546875 0.56171875 0.01718750 0.02343750
2 0.17968750 0.30859375 0.01562500 0.03281250
2 0.27578125 0.61250000 0.02656250 0.02500000
2 0.99296875 0.28359375 0.01406250 0.02031250
2 0.60859375 0.54921875 0.02968750 0.04531250
2 0.49609375 0.55312500 0.01406250 0.02500000
2 0.23515625 0.55312500 0.01718750 0.02812500
2 0.21718750 0.62578125 0.01562500 0.02968750
2 0.39375000 0.43828125 0.01562500 0.02031250
2 0.25625000 0.48046875 0.01875000 0.01718750
2 0.23671875 0.54296875 0.01718750 0.01406250
2 0.17656250 0.48203125 0.02500000 0.03906250
2 0.11796875 0.03906250 0.01406250 0.01562500
2 0.83437500 0.27187500 0.02187500 0.01875000
2 0.45078125 0.51250000 0.02343750 0.02500000
2 0.23203125 0.67187500 0.01718750 0.03125000
2 0.47109375 0.55937500 0.02031250 0.01875000
2 0.28515625 0.38437500 0.02031250 0.03750000
2 0.38750000 0.80937500 0.01875000 0.02812500
2 0.34531250 0.55625000 0.01875000 0.01250000
2 0.18281250 0.08281250 0.01250000 0.01875000
2 0.51562500 0.18046875 0.01250000 0.01718750
2 0.14843750 0.08046875 0.01250000 0.02968750
2 0.35546875 0.66015625 0.02656250 0.01406250
2 0.40000000 0.58203125 0.02500000 0.03281250
2 0.35625000 0.41015625 0.01562500 0.04531250
2 0.48046875 0.61328125 0.01718750 0.02968750
2 0.35703125 0.39687500 0.01406250 0.01875000
2 0.21562500 0.62734375 0.01562500 0.02656250
2 0.38515625 0.49921875 0.02343750 0.02656250
2 0.18125000 0.11718750 0.01875000 0.05937500
2 0.26562500 0.68125000 0.02812500 0.01562500
0 0.89765625 0.67109375 0.09531250 0.04218750
0 0.44921875 0.43515625 0.12031250 0.03281250
0 0.45156250 0.40937500 0.12500000 0.09375000
0 0.55781250 0.66953125 0.26562500 0.06093750
1 0.85312500 0.41093750 0.11562500 0.04687500
1 0.51640625 0.79609375 0.10468750 0.04218750
1 0.70625000 0.73203125 0.10312500 0.03906250
1 0.58671875 0.40859375 0.10781250 0.04218750
1 0.02500000 0.28281250 0.04062500 0.09375000
1 0.46171875 0.39140625 0.10468750 0.05781250
1 0.78515625 0.79062500 0.10156250 0.04062500
1 0.94765625 0.78359375 0.10156250 0.04218750
1 0.07890625 0.63437500 0.03906250 0.09375000
1 0.47265625 0.61171875 0.10156250 0.04843750
1 0.86953125 0.72031250 0.09531250 0.03750000
1 0.97500000 0.72343750 0.05000000 0.04062500
1 0.33593750 0.59921875 0.10000000 0.04531250
1 0.64687500 0.79218750 0.10312500 0.04062500
1 0.02578125 0.73281250 0.04218750 0.10312500
1 0.32578125 0.21640625 0.04218750 0.09218750
1 0.75703125 0.66562500 0.06406250 0.04062500
1 0.21718750 0.15859375 0.04062500 0.10468750
1 0.08437500 0.27109375 0.04375000 0.11093750
1 0.97031250 0.40000000 0.05937500 0.04062500
1 0.43984375 0.73515625 0.09531250 0.03906250
1 0.05703125 0.04375000 0.03906250 0.08750000
1 0.57500000 0.72578125 0.10000000 0.03906250
1 0.71484375 0.96562500 0.10156250 0.04687500
1 0.49843750 0.23359375 0.08125000 0.08281250
1 0.08593750 0.91328125 0.04062500 0.09843750
1 0.72890625 0.28359375 0.09843750 0.04218750
