1 0.08906250 0.98515625 0.03750000 0.02968750
1 0.87812500 0.04609375 0.09375000 0.03906250
1 0.76562500 0.00703125 0.06875000 0.01406250
1 0.90390625 0.01015625 0.09218750 0.02031250
1 0.84062500 0.60703125 0.04687500 0.01406250
1 0.90781250 0.11328125 0.09375000 0.04218750
1 0.03281250 0.71406250 0.03437500 0.08750000
1 0.45000000 0.05625000 0.09687500 0.03750000
1 0.09062500 0.89375000 0.04062500 0.10000000
1 0.08906250 0.76171875 0.03750000 0.09843750
1 0.03281250 0.85625000 0.04062500 0.09687500
1 0.30156250 0.13359375 0.09375000 0.04843750
1 0.17031250 0.20468750 0.08750000 0.07500000
1 0.03750000 0.96953125 0.04375000 0.06093750
1 0.71406250 0.05546875 0.10312500 0.03906250
1 0.97734375 0.05156250 0.04531250 0.04062500
1 0.90937500 0.60703125 0.04375000 0.01406250
1 0.46562500 0.11796875 0.10000000 0.04531250
1 0.58203125 0.04843750 0.09843750 0.04062500
1 0.68046875 0.11171875 0.07968750 0.03593750
1 0.97656250 0.60703125 0.04687500 0.01406250
0 0.56640625 0.01093750 0.26718750 0.02187500
2 0.31875000 0.28125000 0.01250000 0.01562500
2 0.29453125 0.23984375 0.02031250 0.02343750
