0 0.16015625 0.66875000 0.26406250 0.06250000
1 0.84687500 0.37265625 0.04687500 0.09531250
1 0.38750000 0.78828125 0.10000000 0.03906250
1 0.46953125 0.66171875 0.03906250 0.05781250
1 0.96093750 0.17656250 0.05625000 0.05312500
1 0.69531250 0.78359375 0.10937500 0.04531250
1 0.83984375 0.77578125 0.12031250 0.04218750
1 0.76875000 0.66015625 0.10625000 0.04218750
1 0.79921875 0.36796875 0.04843750 0.09531250
1 0.04531250 0.73437500 0.09062500 0.03750000
1 0.29375000 0.41640625 0.10625000 0.06093750
1 0.06250000 0.38828125 0.10312500 0.05468750
1 0.47343750 0.71875000 0.09375000 0.03750000
1 0.12109375 0.79375000 0.10781250 0.04062500
1 0.30390625 0.41484375 0.08281250 0.05781250
1 0.24921875 0.79062500 0.10468750 0.04062500
1 0.36093750 0.66406250 0.06875000 0.04062500
1 0.30859375 0.73125000 0.10468750 0.03750000
1 0.61484375 0.28515625 0.05781250 0.03593750
1 0.05546875 0.43750000 0.10468750 0.04375000
1 0.17578125 0.72578125 0.09843750 0.03906250
1 0.69296875 0.60156250 0.10156250 0.04062500
1 0.18828125 0.40937500 0.10468750 0.04375000
1 0.05703125 0.61406250 0.10156250 0.04687500
1 0.90781250 0.37578125 0.04375000 0.09843750
1 0.60078125 0.72109375 0.10156250 0.03906250
1 0.96484375 0.37109375 0.07031250 0.09531250
1 0.75000000 0.71875000 0.09687500 0.03750000
1 0.54687500 0.78203125 0.10625000 0.04218750
1 0.63671875 0.93750000 0.10156250 0.05000000
1 0.10078125 0.23359375 0.07968750 0.08281250
1 0.49921875 0.66093750 0.09843750 0.05937500
1 0.45312500 0.40937500 0.11562500 0.04687500
1 0.58671875 0.39921875 0.09218750 0.03906250
1 0.98750000 0.70937500 0.02500000 0.03750000
1 0.30703125 0.40234375 0.07343750 0.03281250
1 0.33125000 0.28437500 0.09687500 0.04375000
