2 0.09218750 0.96875000 0.01250000 0.01562500
2 0.92421875 0.54531250 0.02656250 0.02812500
2 0.42890625 0.61406250 0.02343750 0.01562500
2 0.37656250 0.67812500 0.02187500 0.02187500
2 0.06328125 0.05390625 0.02656250 0.04843750
2 0.22109375 0.76406250 0.01406250 0.01875000
2 0.00703125 0.26093750 0.01406250 0.02812500
2 0.01015625 0.76953125 0.02031250 0.03906250
2 0.00625000 0.75937500 0.01250000 0.01875000
2 0.02109375 0.21562500 0.02031250 0.03125000
2 0.01015625 0.77578125 0.01718750 0.02031250
2 0.05781250 0.59921875 0.01250000 0.02656250
2 0.15625000 0.15625000 0.01562500 0.03750000
2 0.03125000 0.69453125 0.01562500 0.02968750
2 0.01953125 0.17265625 0.01718750 0.03906250
2 0.39062500 0.71562500 0.01875000 0.02187500
2 0.19921875 0.53203125 0.02656250 0.01718750
2 0.14921875 0.95468750 0.02343750 0.02812500
1 0.95312500 0.08828125 0.09375000 0.03906250
1 0.71484375 0.27109375 0.07968750 0.03906250
1 0.60078125 0.27421875 0.08593750 0.03906250
1 0.97890625 0.02578125 0.04218750 0.03906250
1 0.73671875 0.15078125 0.08906250 0.03593750
1 0.95078125 0.26796875 0.08281250 0.03593750
1 0.96875000 0.15078125 0.06250000 0.03593750
1 0.00703125 0.26015625 0.01406250 0.02968750
1 0.72031250 0.09218750 0.08750000 0.03750000
1 0.82812500 0.26718750 0.09375000 0.04375000
1 0.86875000 0.02968750 0.09062500 0.04062500
1 0.60312500 0.03593750 0.09062500 0.04062500
1 0.60937500 0.14687500 0.08750000 0.03437500
1 0.59843750 0.20625000 0.09375000 0.03750000
1 0.86406250 0.14921875 0.09375000 0.03593750
1 0.61328125 0.08906250 0.07968750 0.03750000
1 0.86718750 0.20781250 0.08750000 0.03750000
1 0.74062500 0.20781250 0.09062500 0.03750000
1 0.75390625 0.02656250 0.09218750 0.04062500
1 0.82890625 0.08671875 0.07968750 0.03593750
1 0.98281250 0.20859375 0.03437500 0.03906250
