0 0.66250000 0.04453125 0.25000000 0.06093750
1 0.70390625 0.22031250 0.07968750 0.03437500
1 0.86328125 0.10781250 0.09531250 0.03750000
1 0.59218750 0.21484375 0.08750000 0.03593750
1 0.21171875 0.71640625 0.02656250 0.01718750
1 0.61406250 0.27890625 0.10000000 0.04218750
1 0.85156250 0.29062500 0.09687500 0.03750000
1 0.74375000 0.16484375 0.07500000 0.03593750
1 0.62031250 0.10625000 0.08750000 0.04375000
1 0.98671875 0.17265625 0.02656250 0.03906250
1 0.92343750 0.05468750 0.05625000 0.03750000
1 0.93203125 0.22890625 0.08281250 0.03281250
1 0.22343750 0.95546875 0.11562500 0.08906250
1 0.97578125 0.05625000 0.04218750 0.03437500
1 0.41484375 0.56328125 0.09531250 0.04843750
1 0.89921875 0.16484375 0.09531250 0.03906250
1 0.62578125 0.16171875 0.09531250 0.03906250
1 0.82500000 0.05468750 0.07500000 0.03750000
1 0.95859375 0.29062500 0.08281250 0.03750000
1 0.71953125 0.22109375 0.11406250 0.03593750
1 0.98046875 0.11484375 0.03906250 0.04218750
1 0.73125000 0.28671875 0.08437500 0.03906250
1 0.74375000 0.10546875 0.08437500 0.04218750
1 0.81718750 0.22734375 0.07812500 0.03593750
1 0.91328125 0.22890625 0.12031250 0.03281250
