1 0.77968750 0.37343750 0.04375000 0.09062500
1 0.49140625 0.02031250 0.03593750 0.04062500
1 0.48515625 0.23984375 0.03906250 0.10156250
1 0.75234375 0.56718750 0.03593750 0.09062500
1 0.00468750 0.90546875 0.00937500 0.03593750
1 0.53750000 0.24218750 0.03750000 0.09062500
1 0.66875000 0.69062500 0.03750000 0.08437500
1 0.54218750 0.12187500 0.03437500 0.09062500
1 0.66796875 0.93281250 0.04531250 0.08750000
1 0.59687500 0.21406250 0.03437500 0.09062500
1 0.43203125 0.23750000 0.04843750 0.08437500
1 0.60390625 0.00625000 0.03281250 0.01250000
1 0.59140625 0.08671875 0.03281250 0.06718750
1 0.54531250 0.01875000 0.03437500 0.03750000
1 0.67343750 0.31875000 0.04687500 0.10312500
1 0.49062500 0.11015625 0.03750000 0.09218750
2 0.95781250 0.44296875 0.01875000 0.01718750
2 0.06171875 0.39296875 0.01093750 0.01093750
2 0.42265625 0.43125000 0.01718750 0.01562500
2 0.24218750 0.48515625 0.01250000 0.01093750
2 0.23515625 0.48203125 0.02343750 0.01406250
2 0.08281250 0.38750000 0.01250000 0.01562500
2 0.26328125 0.02187500 0.01718750 0.03125000
2 0.28437500 0.45625000 0.02812500 0.01562500
2 0.33906250 0.25703125 0.01562500 0.02031250
2 0.76093750 0.19218750 0.01250000 0.01562500
2 0.91328125 0.53359375 0.02656250 0.01718750
2 0.27734375 0.45625000 0.01718750 0.01562500
2 0.22421875 0.38671875 0.02343750 0.01718750
2 0.09062500 0.36953125 0.01250000 0.01406250
2 0.23046875 0.49062500 0.02031250 0.01562500
2 0.32500000 0.26406250 0.01562500 0.02187500
2 0.20312500 0.38359375 0.01250000 0.01718750
2 0.20000000 0.38750000 0.01875000 0.02500000
2 0.20546875 0.51328125 0.02031250 0.02031250
2 0.23359375 0.48750000 0.02656250 0.02187500
2 0.21328125 0.38750000 0.04531250 0.02500000
2 0.75625000 0.21718750 0.01250000 0.01562500
2 0.33125000 0.26093750 0.02812500 0.02812500
2 0.97343750 0.44140625 0.01562500 0.02343750
2 0.56875000 0.79218750 0.01562500 0.03125000
2 0.38046875 0.42578125 0.01718750 0.01718750
2 0.60625000 0.94921875 0.01250000 0.02031250
2 0.62968750 0.04765625 0.00937500 0.02031250
2 0.09453125 0.87031250 0.01406250 0.01875000
2 0.75937500 0.20468750 0.01875000 0.04062500
2 0.87578125 0.40312500 0.01718750 0.01562500
