1 0.71093750 0.21015625 0.10312500 0.04218750
1 0.34609375 0.39531250 0.10781250 0.04062500
1 0.75390625 0.33281250 0.09531250 0.04062500
1 0.03437500 0.23437500 0.06875000 0.04062500
1 0.93828125 0.32187500 0.10156250 0.04062500
1 0.10937500 0.34140625 0.10000000 0.03906250
1 0.28359375 0.22656250 0.09531250 0.04062500
1 0.11093750 0.15625000 0.10000000 0.04375000
1 0.31718750 0.33984375 0.10312500 0.03906250
1 0.14921875 0.23046875 0.10156250 0.03906250
1 0.84218750 0.20937500 0.09687500 0.04062500
1 0.41015625 0.21640625 0.10156250 0.03906250
1 0.96171875 0.20546875 0.07656250 0.03906250
1 0.59453125 0.33125000 0.09218750 0.03750000
1 0.57968750 0.21718750 0.10312500 0.04062500
1 0.74062500 0.27187500 0.09687500 0.03750000
1 0.25156250 0.28437500 0.10000000 0.03750000
