1 0.80390625 0.04609375 0.08281250 0.03593750
1 0.73125000 0.15859375 0.08750000 0.03593750
1 0.83125000 0.28125000 0.09687500 0.03750000
1 0.90703125 0.50859375 0.09218750 0.03906250
1 0.96875000 0.16328125 0.06250000 0.03593750
1 0.19531250 0.70703125 0.03750000 0.02656250
1 0.91171875 0.04453125 0.08906250 0.03593750
1 0.14609375 0.73437500 0.03593750 0.02187500
1 0.94921875 0.28906250 0.09843750 0.03750000
1 0.70390625 0.21640625 0.09218750 0.03906250
1 0.94843750 0.22343750 0.08750000 0.03437500
1 0.60234375 0.10000000 0.08906250 0.03750000
1 0.98828125 0.04062500 0.02343750 0.05625000
1 0.68906250 0.04765625 0.09062500 0.03593750
1 0.58906250 0.21093750 0.09062500 0.03750000
1 0.88515625 0.10625000 0.09843750 0.04375000
1 0.56328125 0.03984375 0.09843750 0.03906250
1 0.98281250 0.10703125 0.03437500 0.03593750
1 0.62031250 0.15703125 0.09062500 0.03906250
1 0.61640625 0.28046875 0.09531250 0.03906250
1 0.72031250 0.28203125 0.08437500 0.03906250
1 0.72890625 0.10156250 0.08281250 0.03750000
1 0.81953125 0.22031250 0.09218750 0.03750000
1 0.85312500 0.16250000 0.08750000 0.03437500
1 0.22421875 0.95156250 0.12031250 0.09687500
