1 0.60859375 0.78125000 0.07968750 0.03437500
1 0.59687500 0.96562500 0.08750000 0.03750000
1 0.71796875 0.78281250 0.08593750 0.03750000
1 0.10156250 0.48671875 0.03750000 0.02031250
1 0.85937500 0.84062500 0.09375000 0.03437500
1 0.94531250 0.96015625 0.08437500 0.03593750
1 0.86015625 0.72109375 0.09218750 0.03906250
1 0.94843750 0.77968750 0.09375000 0.03750000
1 0.21875000 0.59531250 0.03125000 0.02500000
1 0.23593750 0.46093750 0.02812500 0.05000000
1 0.60546875 0.84062500 0.08593750 0.03437500
1 0.74921875 0.71875000 0.09218750 0.03750000
1 0.88984375 0.61484375 0.03906250 0.02343750
1 0.13359375 0.57890625 0.02968750 0.02343750
1 0.29296875 0.56250000 0.03906250 0.02500000
1 0.16484375 0.48359375 0.03281250 0.02031250
1 0.73281250 0.84296875 0.08750000 0.03593750
1 0.28359375 0.59921875 0.03593750 0.02343750
1 0.82578125 0.96015625 0.09531250 0.04531250
1 0.59765625 0.72890625 0.09531250 0.03906250
1 0.40859375 0.67734375 0.09531250 0.04218750
1 0.42031250 0.61171875 0.05937500 0.02656250
1 0.37187500 0.56640625 0.03437500 0.03593750
1 0.18671875 0.52734375 0.03593750 0.02968750
1 0.97968750 0.90000000 0.04062500 0.03750000
1 0.97578125 0.71640625 0.04843750 0.03906250
1 0.86640625 0.89843750 0.09218750 0.04062500
1 0.73671875 0.90000000 0.09218750 0.03750000
1 0.59375000 0.89843750 0.09375000 0.03750000
1 0.87812500 0.67109375 0.08750000 0.03593750
1 0.82578125 0.78125000 0.07656250 0.03750000
1 0.70703125 0.96328125 0.08593750 0.03281250
1 0.96562500 0.84218750 0.06875000 0.03750000
2 0.48750000 0.37109375 0.02500000 0.03281250
