2 0.31875000 0.48515625 0.01562500 0.02968750
2 0.35234375 0.23359375 0.02031250 0.02656250
2 0.35625000 0.18125000 0.01562500 0.01250000
2 0.19765625 0.86796875 0.01718750 0.03906250
2 0.25859375 0.26796875 0.02343750 0.02656250
2 0.29140625 0.24062500 0.02031250 0.02812500
2 0.28671875 0.53671875 0.02031250 0.02656250
2 0.75937500 0.41171875 0.01250000 0.02656250
2 0.38046875 0.17968750 0.01406250 0.01562500
2 0.32265625 0.42734375 0.01718750 0.02343750
2 0.24375000 0.75234375 0.01562500 0.02343750
1 0.05703125 0.32500000 0.07031250 0.07500000
1 0.03125000 0.71406250 0.03437500 0.09062500
1 0.44843750 0.05234375 0.09375000 0.03906250
1 0.91093750 0.60546875 0.04375000 0.01406250
1 0.08828125 0.98515625 0.03593750 0.02968750
1 0.03125000 0.85625000 0.04062500 0.09687500
1 0.17500000 0.18984375 0.08750000 0.07031250
1 0.08828125 0.76250000 0.03906250 0.09687500
1 0.88046875 0.10781250 0.10468750 0.04062500
1 0.03671875 0.96953125 0.04218750 0.06093750
1 0.34375000 0.12500000 0.10312500 0.04687500
1 0.97734375 0.04531250 0.04531250 0.04062500
1 0.84218750 0.60703125 0.04375000 0.01406250
1 0.58046875 0.04375000 0.09843750 0.03750000
1 0.87656250 0.04140625 0.09687500 0.03906250
1 0.68437500 0.11171875 0.10312500 0.04218750
1 0.71328125 0.05234375 0.10156250 0.03906250
1 0.20390625 0.44765625 0.06093750 0.08906250
1 0.08984375 0.89453125 0.04218750 0.10156250
1 0.98046875 0.60546875 0.03906250 0.01406250
