2 0.87187500 0.41328125 0.01250000 0.01718750
2 0.99375000 0.40000000 0.01250000 0.01875000
2 0.93359375 0.64218750 0.01406250 0.02500000
2 0.09843750 0.58046875 0.01875000 0.03906250
2 0.94609375 0.47187500 0.01093750 0.00937500
2 0.98906250 0.83828125 0.02187500 0.02968750
2 0.34375000 0.53906250 0.01562500 0.01875000
2 0.93515625 0.64765625 0.01718750 0.03593750
2 0.85078125 0.41718750 0.01406250 0.01250000
2 0.87968750 0.39296875 0.01250000 0.01406250
2 0.25781250 0.36796875 0.05000000 0.03281250
2 0.94765625 0.72187500 0.02031250 0.03125000
1 0.32421875 0.79609375 0.05156250 0.08906250
1 0.01250000 0.26406250 0.02500000 0.06875000
1 0.79218750 0.92812500 0.08750000 0.04062500
1 0.10156250 0.22812500 0.04375000 0.09062500
1 0.75937500 0.98750000 0.08750000 0.02500000
1 0.56015625 0.98828125 0.08906250 0.02343750
1 0.07421875 0.94765625 0.09843750 0.04531250
1 0.28750000 0.92734375 0.09687500 0.06093750
1 0.31328125 0.46953125 0.04218750 0.08906250
1 0.11718750 0.47968750 0.04687500 0.06875000
1 0.02734375 0.46171875 0.05468750 0.09531250
1 0.54765625 0.41171875 0.04218750 0.09218750
1 0.21484375 0.21328125 0.04843750 0.08281250
1 0.66562500 0.93281250 0.09062500 0.03750000
