2 0.25546875 0.46953125 0.04218750 0.02031250
2 0.29609375 0.57265625 0.01406250 0.02343750
2 0.67656250 0.56718750 0.03437500 0.03437500
2 0.18281250 0.48437500 0.02187500 0.01562500
2 0.78203125 0.55937500 0.03281250 0.02187500
2 0.51796875 0.53593750 0.02656250 0.02187500
2 0.81562500 0.53046875 0.01562500 0.01406250
2 0.31953125 0.50468750 0.03593750 0.01875000
2 0.24453125 0.52578125 0.01718750 0.02031250
2 0.27031250 0.45000000 0.01562500 0.02187500
2 0.78671875 0.55937500 0.02343750 0.01875000
2 0.21796875 0.46015625 0.02031250 0.02031250
2 0.03046875 0.62812500 0.03593750 0.02812500
2 0.40312500 0.51250000 0.03125000 0.02812500
2 0.98515625 0.57578125 0.02968750 0.02656250
2 0.39218750 0.65078125 0.02812500 0.02968750
2 0.74531250 0.42109375 0.03437500 0.01718750
2 0.75546875 0.41953125 0.01718750 0.01406250
2 0.30937500 0.55781250 0.01562500 0.01875000
2 0.70078125 0.59218750 0.02343750 0.01875000
2 0.31875000 0.47265625 0.01562500 0.02656250
2 0.28750000 0.50312500 0.01875000 0.01250000
2 0.30781250 0.58750000 0.01562500 0.02187500
2 0.48828125 0.50937500 0.02968750 0.02187500
2 0.41953125 0.50703125 0.03906250 0.02656250
2 0.20781250 0.46093750 0.03750000 0.02187500
2 0.27031250 0.49921875 0.01875000 0.01406250
2 0.30156250 0.57968750 0.02500000 0.03750000
2 0.44453125 0.78359375 0.02656250 0.03906250
2 0.42812500 0.50390625 0.02187500 0.02031250
2 0.24765625 0.47109375 0.02343750 0.01718750
2 0.31875000 0.56875000 0.01875000 0.02500000
2 0.67265625 0.56015625 0.02343750 0.02031250
2 0.41953125 0.49375000 0.04218750 0.04062500
2 0.43984375 0.86250000 0.02343750 0.03750000
2 0.26640625 0.45781250 0.02343750 0.03750000
2 0.39140625 0.64375000 0.02656250 0.01562500
2 0.23046875 0.50468750 0.03281250 0.02500000
2 0.18046875 0.51406250 0.01718750 0.01875000
2 0.83593750 0.52500000 0.02812500 0.01875000
2 0.99296875 0.65937500 0.01406250 0.03125000
2 0.51484375 0.53593750 0.02343750 0.02187500
2 0.06015625 0.63359375 0.03281250 0.02031250
2 0.51250000 0.60468750 0.03125000 0.01875000
2 0.41562500 0.48593750 0.03437500 0.02500000
2 0.99609375 0.00625000 0.00781250 0.01250000
2 0.31953125 0.46796875 0.01406250 0.01718750
2 0.39609375 0.65156250 0.03593750 0.03125000
2 0.50859375 0.60937500 0.03906250 0.02812500
2 0.19921875 0.46093750 0.02031250 0.01875000
2 0.49296875 0.50546875 0.03593750 0.03281250
2 0.74453125 0.52031250 0.02656250 0.01562500
2 0.49375000 0.77343750 0.01875000 0.02500000
2 0.71093750 0.15546875 0.04687500 0.03281250
2 0.82890625 0.52578125 0.04218750 0.02031250
2 0.27812500 0.50078125 0.03437500 0.01718750
2 0.97890625 0.57890625 0.01718750 0.01718750
2 0.26640625 0.46718750 0.02343750 0.01875000
1 0.71250000 0.01406250 0.09687500 0.02812500
1 0.33281250 0.90625000 0.04062500 0.09687500
1 0.86484375 0.75546875 0.04218750 0.10781250
1 0.97812500 0.28593750 0.04375000 0.04062500
1 0.92734375 0.55234375 0.04843750 0.10468750
1 0.14921875 0.45312500 0.05156250 0.02187500
1 0.48437500 0.41250000 0.09375000 0.06250000
1 0.07343750 0.20703125 0.09687500 0.03906250
1 0.92812500 0.82890625 0.04375000 0.10468750
1 0.56718750 0.62265625 0.06250000 0.10156250
1 0.92343750 0.67890625 0.04062500 0.09218750
1 0.15781250 0.49765625 0.06250000 0.03281250
1 0.33828125 0.39375000 0.09218750 0.04687500
1 0.58046875 0.06718750 0.09531250 0.03437500
1 0.16406250 0.38593750 0.09687500 0.04062500
1 0.86796875 0.91953125 0.04218750 0.09843750
1 0.33359375 0.31562500 0.10156250 0.04062500
1 0.33750000 0.98984375 0.04062500 0.02031250
1 0.15468750 0.26328125 0.10000000 0.03906250
1 0.12890625 0.32890625 0.09218750 0.04218750
1 0.87890625 0.22265625 0.10468750 0.04531250
1 0.92968750 0.96406250 0.04062500 0.07187500
1 0.95625000 0.40390625 0.03750000 0.03906250
1 0.74921875 0.79687500 0.04218750 0.09687500
1 0.81484375 0.97812500 0.04218750 0.04375000
1 0.81250000 0.88515625 0.04062500 0.10156250
1 0.19687500 0.20156250 0.10000000 0.04062500
1 0.02500000 0.08515625 0.05000000 0.03906250
1 0.80781250 0.74921875 0.04062500 0.09843750
1 0.56093750 0.24531250 0.09687500 0.04062500
