2 0.16328125 0.81406250 0.01093750 0.02187500
2 0.16562500 0.46640625 0.01562500 0.02031250
2 0.79296875 0.43984375 0.01718750 0.03281250
2 0.58125000 0.93125000 0.01250000 0.01250000
2 0.75781250 0.64921875 0.01250000 0.02031250
2 0.57500000 0.47343750 0.02500000 0.03125000
2 0.26328125 0.59609375 0.02031250 0.03281250
2 0.79531250 0.82812500 0.01250000 0.02500000
2 0.01015625 0.65625000 0.02031250 0.01250000
2 0.97968750 0.44453125 0.01250000 0.01718750
2 0.79453125 0.06875000 0.01093750 0.02187500
2 0.09609375 0.37968750 0.01093750 0.01250000
2 0.97187500 0.54453125 0.03437500 0.03281250
2 0.81015625 0.91250000 0.01718750 0.02812500
2 0.20703125 0.39062500 0.01093750 0.01562500
2 0.78593750 0.24062500 0.02500000 0.04687500
2 0.83125000 0.69531250 0.01562500 0.02187500
2 0.21796875 0.80781250 0.01406250 0.02812500
2 0.22421875 0.40156250 0.02968750 0.03125000
2 0.78359375 0.53125000 0.02031250 0.01562500
2 0.00703125 0.75390625 0.01406250 0.02031250
2 0.26171875 0.79843750 0.02343750 0.04687500
2 0.79531250 0.82812500 0.01250000 0.02500000
2 0.23046875 0.39453125 0.01718750 0.01718750
2 0.75625000 0.63281250 0.01562500 0.01875000
2 0.86171875 0.15078125 0.02031250 0.02968750
2 0.08828125 0.39687500 0.01093750 0.01250000
2 0.83046875 0.71250000 0.01406250 0.02187500
2 0.11484375 0.91015625 0.02031250 0.01406250
2 0.20156250 0.47578125 0.02500000 0.03906250
2 0.00703125 0.75390625 0.01406250 0.02031250
2 0.94843750 0.85078125 0.02500000 0.02656250
2 0.06875000 0.40312500 0.01250000 0.00937500
2 0.70625000 0.79296875 0.01250000 0.01718750
2 0.83046875 0.70546875 0.01718750 0.03593750
2 0.58671875 0.93203125 0.02031250 0.01406250
2 0.95234375 0.85156250 0.03593750 0.03125000
2 0.15703125 0.95937500 0.01406250 0.02187500
2 0.25781250 0.59843750 0.01250000 0.02187500
2 0.17421875 0.69453125 0.01406250 0.02656250
2 0.39531250 0.32656250 0.01875000 0.02500000
2 0.18125000 0.86796875 0.01250000 0.01718750
2 0.25625000 0.78281250 0.01250000 0.01562500
2 0.03281250 0.59375000 0.06562500 0.15625000
2 0.26718750 0.80937500 0.01250000 0.02500000
2 0.91171875 0.53984375 0.02343750 0.02031250
2 0.16875000 0.70078125 0.02500000 0.03593750
2 0.18125000 0.86718750 0.01250000 0.01875000
2 0.80859375 0.91171875 0.01718750 0.02656250
2 0.07187500 0.38281250 0.02187500 0.01875000
2 0.26640625 0.59921875 0.01406250 0.02656250
2 0.76250000 0.72421875 0.02187500 0.02968750
2 0.11328125 0.91015625 0.01718750 0.01093750
2 0.76796875 0.44765625 0.01718750 0.02031250
2 0.16015625 0.80468750 0.01718750 0.03750000
2 0.78281250 0.53125000 0.01875000 0.01562500
2 0.01718750 0.38984375 0.01562500 0.01093750
2 0.75703125 0.64218750 0.01406250 0.03437500
2 0.29140625 0.99375000 0.02031250 0.01250000
2 0.94609375 0.85000000 0.01718750 0.02500000
2 0.15859375 0.79609375 0.01406250 0.02031250
2 0.95156250 0.47734375 0.05000000 0.03593750
2 0.14296875 0.99140625 0.01406250 0.01406250
2 0.92187500 0.53515625 0.02187500 0.02031250
2 0.29687500 0.99375000 0.01562500 0.01250000
2 0.91718750 0.53750000 0.03125000 0.02500000
2 0.14453125 0.99140625 0.01406250 0.01406250
2 0.87578125 0.01875000 0.02968750 0.02812500
2 0.96875000 0.44765625 0.03437500 0.02343750
2 0.83203125 0.39218750 0.02031250 0.02812500
2 0.93203125 0.98281250 0.01718750 0.01250000
2 0.77265625 0.88671875 0.01718750 0.02656250
2 0.34609375 0.09843750 0.02343750 0.14062500
2 0.48671875 0.07890625 0.01406250 0.02031250
2 0.78828125 0.83125000 0.02656250 0.03125000
2 0.20078125 0.26093750 0.02343750 0.02500000
2 0.29375000 0.99296875 0.01875000 0.01406250
2 0.78906250 0.20078125 0.02187500 0.02968750
2 0.08203125 0.38750000 0.03906250 0.02812500
2 0.70625000 0.73125000 0.03437500 0.03750000
2 0.76796875 0.45781250 0.01406250 0.03125000
2 0.59062500 0.93125000 0.01250000 0.01250000
2 0.92343750 0.53359375 0.01875000 0.01718750
2 0.63281250 0.05546875 0.00937500 0.01718750
2 0.07812500 0.39062500 0.03125000 0.02812500
2 0.77187500 0.60234375 0.01875000 0.02343750
2 0.92656250 0.57890625 0.03437500 0.02656250
2 0.32734375 0.14296875 0.02343750 0.06093750
2 0.15859375 0.95937500 0.01406250 0.02187500
2 0.96250000 0.85078125 0.01562500 0.02343750
2 0.77265625 0.88593750 0.01718750 0.02500000
2 0.38593750 0.21250000 0.02500000 0.04062500
1 0.59375000 0.09375000 0.03437500 0.06562500
1 0.47500000 0.86171875 0.04062500 0.08906250
1 0.54609375 0.29062500 0.03281250 0.08750000
1 0.84921875 0.56875000 0.07343750 0.08125000
1 0.54687500 0.02421875 0.04375000 0.04843750
1 0.00859375 0.91484375 0.01718750 0.03906250
1 0.72968750 0.75546875 0.08437500 0.08906250
1 0.95859375 0.65312500 0.08281250 0.05312500
1 0.53984375 0.64921875 0.03906250 0.09218750
1 0.35000000 0.47734375 0.06875000 0.07968750
1 0.20937500 0.60625000 0.08125000 0.06562500
1 0.00859375 0.96953125 0.01718750 0.03906250
1 0.60078125 0.21171875 0.03593750 0.08906250
1 0.49375000 0.03515625 0.04062500 0.07031250
1 0.95234375 0.47812500 0.04843750 0.03437500
1 0.49062500 0.46953125 0.03750000 0.08906250
1 0.70703125 0.75546875 0.03906250 0.08906250
1 0.67109375 0.34062500 0.04218750 0.09375000
1 0.60546875 0.01093750 0.03593750 0.02187500
1 0.41953125 0.37656250 0.04843750 0.08125000
