1 0.64765625 0.90781250 0.09843750 0.04062500
1 0.91718750 0.90390625 0.09062500 0.03281250
1 0.76015625 0.78828125 0.08906250 0.04218750
1 0.00703125 0.32734375 0.01406250 0.07656250
1 0.99531250 0.90390625 0.00937500 0.03281250
1 0.98984375 0.84609375 0.02031250 0.03593750
1 0.87968750 0.96953125 0.06250000 0.04218750
1 0.63437500 0.78437500 0.09062500 0.03437500
1 0.88671875 0.78984375 0.09843750 0.03593750
1 0.97890625 0.96875000 0.04218750 0.03750000
1 0.04687500 0.52343750 0.07500000 0.08750000
1 0.87187500 0.84453125 0.08125000 0.03593750
1 0.76953125 0.84765625 0.08593750 0.03593750
1 0.98125000 0.78750000 0.03750000 0.03750000
1 0.79609375 0.90703125 0.09218750 0.03593750
1 0.74140625 0.96796875 0.09218750 0.03906250
1 0.63906250 0.84375000 0.09375000 0.03437500
1 0.63281250 0.96562500 0.09062500 0.04062500
0 0.92421875 0.72187500 0.15156250 0.05000000
0 0.91328125 0.30468750 0.17343750 0.15000000
0 0.70937500 0.72500000 0.25000000 0.05000000
2 0.25078125 0.55625000 0.02656250 0.01562500
2 0.01953125 0.17343750 0.01406250 0.02500000
2 0.36171875 0.54375000 0.02343750 0.01562500
2 0.60546875 0.60468750 0.03593750 0.01562500
2 0.14843750 0.53359375 0.02500000 0.02343750
2 0.36171875 0.58046875 0.02343750 0.02656250
2 0.31250000 0.49218750 0.01562500 0.01562500
2 0.27109375 0.57421875 0.03281250 0.02656250
2 0.03125000 0.31484375 0.01250000 0.01718750
2 0.37187500 0.60390625 0.03750000 0.02343750
2 0.57500000 0.58750000 0.02187500 0.01875000
2 0.20000000 0.45546875 0.01875000 0.03281250
