2 0.15468750 0.60703125 0.02812500 0.02343750
2 0.34765625 0.57500000 0.03906250 0.02500000
2 0.26328125 0.72968750 0.04843750 0.03125000
2 0.29453125 0.56953125 0.02656250 0.01718750
2 0.29609375 0.59218750 0.02031250 0.01562500
2 0.19218750 0.58750000 0.01562500 0.02500000
2 0.12656250 0.63359375 0.02500000 0.02343750
2 0.12500000 0.01484375 0.02812500 0.02968750
2 0.17500000 0.57812500 0.02500000 0.02187500
2 0.26796875 0.56328125 0.01406250 0.01718750
2 0.17812500 0.54609375 0.01875000 0.02968750
2 0.28281250 0.59921875 0.01250000 0.01718750
2 0.03828125 0.55546875 0.02031250 0.02031250
2 0.92812500 0.71406250 0.03125000 0.02187500
2 0.33359375 0.67421875 0.02968750 0.02031250
2 0.22890625 0.54609375 0.02656250 0.03281250
2 0.11640625 0.67656250 0.01718750 0.02187500
2 0.13906250 0.55781250 0.01562500 0.01562500
2 0.28281250 0.59375000 0.01562500 0.02500000
2 0.26562500 0.54609375 0.03125000 0.02343750
2 0.13359375 0.54687500 0.02656250 0.03750000
2 0.08203125 0.56640625 0.01718750 0.01718750
2 0.17187500 0.57421875 0.01875000 0.02343750
2 0.04921875 0.57656250 0.02343750 0.02500000
2 0.12187500 0.75937500 0.01562500 0.01250000
2 0.07578125 0.77343750 0.02031250 0.02500000
2 0.26484375 0.55312500 0.02968750 0.03750000
2 0.29140625 0.59375000 0.02968750 0.02500000
2 0.28125000 0.63906250 0.03437500 0.01875000
2 0.14453125 0.77031250 0.02656250 0.03125000
1 0.54531250 0.67578125 0.05000000 0.08906250
1 0.00546875 0.32968750 0.01093750 0.03750000
1 0.00625000 0.44609375 0.01250000 0.03593750
1 0.47500000 0.48593750 0.05625000 0.07812500
1 0.01171875 0.26953125 0.02343750 0.03906250
1 0.43671875 0.64531250 0.05156250 0.08125000
1 0.45390625 0.80312500 0.03906250 0.09062500
1 0.03828125 0.49921875 0.07656250 0.03593750
1 0.02421875 0.21250000 0.04843750 0.05312500
1 0.01875000 0.32890625 0.03750000 0.03906250
1 0.02109375 0.38984375 0.04218750 0.03593750
1 0.85312500 0.22812500 0.08125000 0.07500000
1 0.96718750 0.32421875 0.06562500 0.04843750
1 0.01093750 0.07343750 0.02187500 0.03750000
1 0.21875000 0.50000000 0.08750000 0.03750000
