1 0.82500000 0.11093750 0.08437500 0.04687500
1 0.06796875 0.32265625 0.08906250 0.04218750
1 0.49921875 0.27265625 0.09531250 0.03593750
1 0.62500000 0.33281250 0.10312500 0.04062500
1 0.01328125 0.37812500 0.02656250 0.03750000
1 0.40000000 0.02109375 0.09687500 0.04218750
1 0.37734375 0.39218750 0.10156250 0.03750000
1 0.76640625 0.45390625 0.08906250 0.03906250
1 0.35468750 0.32734375 0.09687500 0.03906250
1 0.19687500 0.33125000 0.09687500 0.03750000
1 0.51406250 0.38671875 0.09062500 0.03906250
1 0.92109375 0.00703125 0.07031250 0.01406250
1 0.48750000 0.33359375 0.09375000 0.03593750
1 0.75703125 0.27109375 0.09218750 0.03906250
1 0.23906250 0.38046875 0.09375000 0.04218750
1 0.09609375 0.38046875 0.09531250 0.03906250
1 0.64453125 0.27656250 0.09218750 0.03750000
1 0.77500000 0.39375000 0.09062500 0.03437500
1 0.60937500 0.44765625 0.10625000 0.03906250
1 0.63906250 0.38750000 0.09062500 0.04062500
1 0.51796875 0.06796875 0.08281250 0.03593750
1 0.76250000 0.21562500 0.08750000 0.03750000
1 0.15000000 0.50703125 0.09687500 0.03593750
1 0.74765625 0.33203125 0.08906250 0.03593750
0 0.15937500 0.95781250 0.13437500 0.08437500
0 0.37031250 0.45390625 0.25312500 0.05468750
0 0.11953125 0.45000000 0.23906250 0.05625000
2 0.62109375 0.60390625 0.03593750 0.02031250
2 0.96250000 0.62421875 0.02500000 0.02656250
2 0.80859375 0.53125000 0.01406250 0.01250000
2 0.84765625 0.57421875 0.03593750 0.03593750
2 0.92890625 0.77031250 0.03593750 0.01875000
2 0.98359375 0.55546875 0.03281250 0.01718750
2 0.64218750 0.55625000 0.03750000 0.01562500
2 0.94453125 0.78515625 0.01718750 0.02343750
2 0.96015625 0.61562500 0.02968750 0.04375000
2 0.49218750 0.47187500 0.01250000 0.01875000
2 0.62109375 0.98046875 0.03593750 0.03906250
2 0.82734375 0.53203125 0.01718750 0.01406250
2 0.94140625 0.77968750 0.02031250 0.03437500
2 0.72500000 0.55546875 0.03125000 0.01406250
2 0.91718750 0.63046875 0.02812500 0.04218750
2 0.93281250 0.77968750 0.04062500 0.03437500
2 0.51093750 0.55390625 0.01875000 0.01718750
2 0.96796875 0.62812500 0.01718750 0.01875000
2 0.93906250 0.77031250 0.01875000 0.01562500
2 0.52968750 0.55000000 0.02187500 0.01875000
2 0.50078125 0.63671875 0.02656250 0.01406250
2 0.49531250 0.63671875 0.01562500 0.01406250
2 0.91953125 0.76796875 0.01718750 0.01406250
2 0.95625000 0.60546875 0.02500000 0.02343750
2 0.91562500 0.62656250 0.02812500 0.03437500
2 0.52812500 0.55000000 0.02500000 0.01875000
2 0.70625000 0.59218750 0.01562500 0.02187500
2 0.91484375 0.62109375 0.02343750 0.02343750
2 0.85312500 0.57265625 0.02812500 0.03281250
2 0.98281250 0.55000000 0.03437500 0.02500000
2 0.95703125 0.62500000 0.01406250 0.02187500
2 0.57734375 0.57578125 0.02343750 0.02031250
2 0.92031250 0.64218750 0.01875000 0.01875000
2 0.81875000 0.53203125 0.03437500 0.01718750
2 0.88593750 0.56796875 0.02500000 0.01718750
2 0.88984375 0.59296875 0.02343750 0.01406250
2 0.64765625 0.95781250 0.03593750 0.05000000
2 0.85546875 0.56718750 0.01718750 0.01875000
2 0.52109375 0.55234375 0.03906250 0.02031250
