2 0.02812500 0.91796875 0.02812500 0.15781250
2 0.29531250 0.63671875 0.01875000 0.02031250
2 0.32187500 0.76718750 0.01875000 0.02187500
2 0.27109375 0.75312500 0.03593750 0.03125000
2 0.88125000 0.93281250 0.03437500 0.05312500
2 0.29296875 0.63750000 0.01406250 0.01875000
2 0.92500000 0.62343750 0.02500000 0.02812500
2 0.01484375 0.60390625 0.02343750 0.02343750
2 0.14609375 0.66015625 0.01718750 0.02031250
2 0.15390625 0.04609375 0.01718750 0.02656250
2 0.19843750 0.63984375 0.02187500 0.02031250
2 0.83203125 0.01328125 0.01406250 0.02656250
2 0.01015625 0.60390625 0.01406250 0.01718750
2 0.89687500 0.89218750 0.01875000 0.01875000
2 0.16718750 0.61562500 0.03125000 0.01562500
2 0.04765625 0.57109375 0.02343750 0.01718750
2 0.94531250 0.90234375 0.01562500 0.02968750
2 0.32578125 0.75859375 0.02343750 0.03593750
2 0.20468750 0.64375000 0.03437500 0.03437500
2 0.13203125 0.59687500 0.02031250 0.01875000
2 0.25156250 0.63750000 0.02187500 0.01875000
2 0.12421875 0.59843750 0.03281250 0.02500000
2 0.20312500 0.64375000 0.03125000 0.03437500
2 0.23828125 0.61250000 0.01718750 0.02187500
2 0.28203125 0.58828125 0.01718750 0.02343750
2 0.15937500 0.61640625 0.01562500 0.01406250
2 0.14062500 0.66328125 0.02812500 0.02656250
2 0.23046875 0.59218750 0.01718750 0.01875000
2 0.17109375 0.81250000 0.01406250 0.02500000
2 0.07734375 0.59453125 0.02343750 0.01718750
2 0.05312500 0.60546875 0.03437500 0.01406250
2 0.02109375 0.98906250 0.02343750 0.02187500
2 0.99453125 0.98671875 0.01093750 0.02656250
2 0.89687500 0.88125000 0.02187500 0.04375000
2 0.14375000 0.79296875 0.01562500 0.01406250
2 0.26328125 0.45312500 0.02031250 0.02187500
2 0.93125000 0.61953125 0.01250000 0.02031250
2 0.81640625 0.96328125 0.01718750 0.02343750
2 0.29843750 0.63671875 0.02500000 0.02343750
2 0.16484375 0.79531250 0.01718750 0.01562500
2 0.20312500 0.63359375 0.03125000 0.01718750
2 0.16718750 0.80625000 0.02187500 0.03750000
2 0.87343750 0.94531250 0.01875000 0.01875000
2 0.19765625 0.65234375 0.02031250 0.02031250
0 0.89218750 0.56562500 0.19062500 0.20000000
0 0.48593750 0.72421875 0.05625000 0.22656250
1 0.00546875 0.35625000 0.01093750 0.03750000
1 0.01640625 0.47578125 0.03281250 0.03906250
1 0.76484375 0.78593750 0.04531250 0.08125000
1 0.00546875 0.29765625 0.01093750 0.03906250
1 0.67343750 0.03515625 0.03125000 0.07031250
1 0.54921875 0.63203125 0.05156250 0.08906250
1 0.23828125 0.52812500 0.08281250 0.04062500
1 0.07187500 0.53046875 0.08437500 0.03593750
1 0.53125000 0.12890625 0.03750000 0.09531250
1 0.74765625 0.96875000 0.04218750 0.06250000
1 0.62031250 0.02109375 0.04062500 0.04218750
1 0.68203125 0.50468750 0.03593750 0.08125000
1 0.01250000 0.41953125 0.02500000 0.03593750
1 0.61875000 0.14609375 0.03750000 0.08281250
1 0.46171875 0.15390625 0.03593750 0.08593750
1 0.67265625 0.91875000 0.03593750 0.08750000
1 0.50625000 0.37812500 0.03750000 0.09062500
1 0.01875000 0.23750000 0.03750000 0.04062500
1 0.66796875 0.71015625 0.03281250 0.07968750
1 0.68203125 0.23515625 0.03593750 0.08281250
