1 0.92812500 0.07890625 0.10000000 0.03906250
1 0.52421875 0.34921875 0.09218750 0.03593750
1 0.75703125 0.08671875 0.08906250 0.03906250
1 0.96718750 0.02734375 0.06562500 0.03593750
1 0.75781250 0.26796875 0.09375000 0.03906250
1 0.96406250 0.40703125 0.07187500 0.03281250
1 0.92343750 0.26953125 0.09375000 0.03593750
1 0.36718750 0.15078125 0.08437500 0.03593750
1 0.39375000 0.27109375 0.09375000 0.03593750
1 0.64765625 0.14375000 0.08593750 0.03750000
1 0.43750000 0.02812500 0.07500000 0.03437500
1 0.19375000 0.26640625 0.09062500 0.04843750
1 0.81328125 0.40546875 0.09218750 0.03593750
1 0.30390625 0.03125000 0.08593750 0.03750000
1 0.85156250 0.02968750 0.09062500 0.03750000
1 0.20703125 0.20859375 0.08281250 0.03593750
1 0.22656250 0.08750000 0.09062500 0.04062500
1 0.49218750 0.08359375 0.09062500 0.03906250
1 0.77890625 0.15078125 0.09531250 0.03906250
1 0.34609375 0.20703125 0.08906250 0.04218750
1 0.73671875 0.02656250 0.05781250 0.03750000
1 0.36640625 0.08593750 0.08281250 0.03750000
1 0.20234375 0.15000000 0.09531250 0.03750000
1 0.99531250 0.48437500 0.00937500 0.03125000
1 0.80859375 0.34218750 0.08906250 0.03750000
1 0.59921875 0.26562500 0.09218750 0.03750000
1 0.51015625 0.14609375 0.10468750 0.04531250
1 0.17812500 0.03359375 0.09375000 0.03906250
1 0.61484375 0.02578125 0.09218750 0.03593750
1 0.61796875 0.08359375 0.08281250 0.03593750
1 0.54453125 0.40937500 0.08593750 0.05312500
1 0.78281250 0.20546875 0.09062500 0.03593750
0 0.81015625 0.77109375 0.37968750 0.13281250
0 0.47500000 0.49218750 0.24687500 0.05937500
