2 0.99375000 0.39531250 0.01250000 0.04062500
2 0.37812500 0.67656250 0.02187500 0.02187500
2 0.13828125 0.84375000 0.01718750 0.02812500
2 0.00703125 0.92890625 0.01406250 0.02031250
2 0.20156250 0.71093750 0.02812500 0.02500000
2 0.04531250 0.92187500 0.01875000 0.02187500
2 0.44218750 0.23984375 0.01250000 0.02031250
2 0.07812500 0.11171875 0.03125000 0.02656250
2 0.99375000 0.40625000 0.01250000 0.01875000
2 0.53203125 0.70468750 0.01406250 0.01562500
2 0.17421875 0.64843750 0.02656250 0.02187500
1 0.95468750 0.08750000 0.09062500 0.03750000
1 0.60000000 0.20468750 0.09375000 0.03750000
1 0.75625000 0.02578125 0.09375000 0.03906250
1 0.73906250 0.15000000 0.08750000 0.03437500
1 0.97890625 0.02187500 0.04218750 0.04375000
1 0.79375000 0.27421875 0.08437500 0.03906250
1 0.83046875 0.08515625 0.07968750 0.03593750
1 0.72187500 0.09062500 0.08437500 0.04062500
1 0.60625000 0.03515625 0.08750000 0.03906250
1 0.86875000 0.02734375 0.09062500 0.04531250
1 0.95390625 0.26875000 0.09218750 0.03750000
1 0.31640625 0.92031250 0.02031250 0.03750000
1 0.46875000 0.28359375 0.09375000 0.04531250
1 0.20156250 0.71015625 0.02812500 0.02343750
1 0.84375000 0.43515625 0.08437500 0.04218750
1 0.61093750 0.14687500 0.08750000 0.03437500
1 0.61484375 0.08828125 0.07968750 0.03593750
1 0.30156250 0.33046875 0.08750000 0.05781250
1 0.74218750 0.20703125 0.09062500 0.03906250
1 0.82968750 0.35078125 0.10000000 0.03593750
1 0.86484375 0.14843750 0.09531250 0.03750000
