2 0.16171875 0.76015625 0.02968750 0.02343750
2 0.21953125 0.76250000 0.01718750 0.02187500
2 0.19453125 0.35546875 0.01406250 0.01718750
2 0.15859375 0.76015625 0.02031250 0.02031250
2 0.16093750 0.78125000 0.03437500 0.07500000
2 0.38750000 0.29062500 0.01875000 0.02500000
2 0.56250000 0.44140625 0.02812500 0.02343750
2 0.20625000 0.35078125 0.03750000 0.02656250
2 0.37500000 0.67500000 0.02500000 0.02500000
2 0.01328125 0.06406250 0.02031250 0.02500000
2 0.38750000 0.30000000 0.02187500 0.04062500
2 0.44140625 0.23828125 0.01406250 0.02343750
2 0.16796875 0.80781250 0.01718750 0.02187500
1 0.95000000 0.08593750 0.09375000 0.03750000
1 0.73437500 0.14843750 0.08750000 0.03437500
1 0.71875000 0.08984375 0.08437500 0.03906250
1 0.97734375 0.02343750 0.04531250 0.03750000
1 0.59531250 0.20546875 0.09375000 0.03593750
1 0.60078125 0.27265625 0.09218750 0.03906250
1 0.94843750 0.26718750 0.08437500 0.03750000
1 0.73671875 0.20546875 0.08906250 0.03593750
1 0.59843750 0.03515625 0.09375000 0.04218750
1 0.01562500 0.78203125 0.03125000 0.06718750
1 0.86015625 0.02890625 0.08906250 0.04218750
1 0.70859375 0.26953125 0.08281250 0.03906250
1 0.68125000 0.48203125 0.08750000 0.05156250
1 0.60625000 0.14609375 0.08750000 0.03593750
1 0.85390625 0.48828125 0.09218750 0.04531250
1 0.86015625 0.14765625 0.09218750 0.03593750
1 0.75234375 0.02578125 0.09218750 0.03906250
1 0.13359375 0.66484375 0.10156250 0.09843750
1 0.61015625 0.08671875 0.07968750 0.03593750
1 0.96718750 0.14843750 0.06562500 0.03750000
1 0.82656250 0.26640625 0.09687500 0.04531250
1 0.82890625 0.08515625 0.08281250 0.03593750
1 0.98125000 0.20625000 0.03750000 0.03750000
1 0.86640625 0.20625000 0.09218750 0.03750000
