1 0.62578125 0.16484375 0.09843750 0.04218750
1 0.93437500 0.04765625 0.09062500 0.04218750
1 0.76171875 0.28984375 0.09843750 0.04218750
1 0.89375000 0.17031250 0.08750000 0.03437500
1 0.01250000 0.27265625 0.02500000 0.04218750
1 0.43046875 0.27890625 0.10156250 0.03906250
1 0.21171875 0.27343750 0.09531250 0.03750000
1 0.42500000 0.21796875 0.09687500 0.03906250
1 0.24687500 0.15703125 0.10000000 0.03906250
1 0.09765625 0.20859375 0.10468750 0.03906250
1 0.77265625 0.16718750 0.10156250 0.04062500
1 0.98750000 0.17187500 0.02500000 0.03750000
1 0.58906250 0.34531250 0.09687500 0.04062500
1 0.48359375 0.16093750 0.10468750 0.04687500
1 0.38828125 0.00546875 0.05156250 0.01093750
1 0.49921875 0.04453125 0.10156250 0.03906250
1 0.71250000 0.22656250 0.10000000 0.04062500
