1 0.85078125 0.35468750 0.04843750 0.09687500
1 0.58906250 0.38515625 0.09062500 0.04218750
1 0.06328125 0.39453125 0.11093750 0.08593750
1 0.45703125 0.39687500 0.11406250 0.05000000
1 0.96250000 0.15937500 0.05312500 0.05000000
1 0.10859375 0.66484375 0.10156250 0.04218750
1 0.38906250 0.77812500 0.10312500 0.04062500
1 0.94687500 0.75859375 0.10312500 0.04218750
1 0.28046875 0.93046875 0.10781250 0.05156250
1 0.46250000 0.87265625 0.12187500 0.05468750
1 0.83828125 0.76015625 0.10156250 0.04218750
1 0.12500000 0.78593750 0.10000000 0.04375000
1 0.19140625 0.39765625 0.10781250 0.04531250
1 0.10234375 0.22343750 0.07968750 0.08437500
1 0.25703125 0.78046875 0.10468750 0.04218750
1 0.80234375 0.88750000 0.09531250 0.05000000
1 0.70859375 0.69921875 0.10781250 0.04531250
1 0.09609375 0.98671875 0.10781250 0.02656250
1 0.91328125 0.35781250 0.05156250 0.09687500
1 0.99375000 0.91953125 0.01250000 0.03906250
1 0.33359375 0.27187500 0.09843750 0.04375000
1 0.55468750 0.76796875 0.11250000 0.04531250
1 0.55078125 0.94453125 0.10156250 0.04218750
1 0.70781250 0.76718750 0.10937500 0.04687500
1 0.61640625 0.26796875 0.05781250 0.03281250
1 0.80078125 0.36015625 0.05156250 0.09531250
