2 0.65468750 0.45703125 0.02187500 0.04531250
2 0.65781250 0.62812500 0.01875000 0.02812500
2 0.01171875 0.43828125 0.02343750 0.13281250
2 0.66250000 0.59765625 0.02812500 0.08906250
2 0.67031250 0.57109375 0.01250000 0.03593750
1 0.95703125 0.36406250 0.08593750 0.08437500
1 0.97187500 0.95390625 0.05625000 0.04218750
1 0.85625000 0.42968750 0.10312500 0.05000000
1 0.95078125 0.89609375 0.09843750 0.04218750
1 0.02421875 0.92500000 0.04843750 0.04375000
1 0.03984375 0.98203125 0.07968750 0.03593750
1 0.31718750 0.97968750 0.09375000 0.04062500
1 0.58828125 0.96953125 0.09843750 0.03906250
1 0.19062500 0.97968750 0.12187500 0.04062500
1 0.87656250 0.95703125 0.10000000 0.03906250
1 0.72421875 0.96250000 0.09531250 0.03750000
1 0.45703125 0.97187500 0.09843750 0.04062500
1 0.76093750 0.90234375 0.09687500 0.04218750
1 0.31015625 0.91875000 0.08906250 0.03750000
