2 0.92812500 0.58671875 0.02500000 0.02656250
2 0.20625000 0.70937500 0.01562500 0.02187500
2 0.19687500 0.71796875 0.01250000 0.01406250
2 0.37812500 0.62031250 0.02187500 0.01562500
2 0.13671875 0.59218750 0.02343750 0.01562500
2 0.93125000 0.58984375 0.01562500 0.02031250
2 0.16562500 0.65781250 0.02187500 0.01562500
2 0.20234375 0.71171875 0.02343750 0.02656250
2 0.15312500 0.58906250 0.01562500 0.01875000
2 0.92578125 0.67500000 0.01718750 0.02812500
2 0.14140625 0.85078125 0.01718750 0.02656250
2 0.01562500 0.95078125 0.03125000 0.04531250
2 0.24375000 0.59296875 0.01562500 0.01718750
2 0.26562500 0.59296875 0.01562500 0.01718750
2 0.00937500 0.93906250 0.01562500 0.02187500
2 0.14296875 0.58984375 0.03593750 0.02031250
2 0.92734375 0.58671875 0.02656250 0.02656250
2 0.14375000 0.84453125 0.01250000 0.01718750
2 0.23046875 0.76796875 0.01406250 0.01406250
2 0.02421875 0.96250000 0.01406250 0.02500000
2 0.97968750 0.94375000 0.03750000 0.03750000
2 0.73281250 0.63125000 0.01875000 0.02187500
2 0.38593750 0.68203125 0.02500000 0.02343750
2 0.08437500 0.91484375 0.02500000 0.02343750
2 0.31875000 0.65468750 0.01875000 0.01875000
2 0.25468750 0.59375000 0.03750000 0.01875000
2 0.04609375 0.92734375 0.02031250 0.02031250
2 0.84531250 0.63203125 0.01875000 0.01718750
2 0.32343750 0.92421875 0.02500000 0.03906250
2 0.09296875 0.98203125 0.01093750 0.01406250
1 0.71171875 0.08984375 0.07968750 0.03906250
1 0.02812500 0.15000000 0.05625000 0.03437500
1 0.93125000 0.02812500 0.10000000 0.04062500
1 0.84609375 0.46953125 0.08906250 0.03593750
1 0.81171875 0.14609375 0.08906250 0.03593750
1 0.86093750 0.27265625 0.08437500 0.03593750
1 0.01093750 0.20468750 0.02187500 0.03437500
1 0.16484375 0.09062500 0.08281250 0.03750000
1 0.60312500 0.20156250 0.09062500 0.03750000
1 0.03203125 0.49062500 0.06406250 0.03750000
1 0.97500000 0.35468750 0.05000000 0.03750000
1 0.61093750 0.35156250 0.09062500 0.03750000
1 0.19531250 0.43125000 0.09687500 0.03750000
1 0.36171875 0.15625000 0.07968750 0.03750000
1 0.18437500 0.35000000 0.09062500 0.03750000
1 0.73984375 0.27031250 0.09531250 0.03750000
1 0.42968750 0.09218750 0.08750000 0.03437500
1 0.16328125 0.15234375 0.08593750 0.03906250
1 0.60390625 0.26875000 0.10468750 0.03750000
1 0.96875000 0.26875000 0.06250000 0.03750000
1 0.79062500 0.41015625 0.09375000 0.03906250
1 0.44609375 0.40312500 0.09218750 0.03437500
1 0.57421875 0.46093750 0.09843750 0.04375000
1 0.56484375 0.02968750 0.08906250 0.03750000
1 0.75312500 0.03281250 0.09687500 0.03750000
1 0.19843750 0.21015625 0.09375000 0.03906250
1 0.39609375 0.03125000 0.08906250 0.03750000
