2 0.16171875 0.61953125 0.02656250 0.01718750
2 0.50546875 0.83203125 0.02968750 0.01093750
2 0.96328125 0.44453125 0.01406250 0.01406250
2 0.19296875 0.51328125 0.01718750 0.02031250
2 0.13281250 0.61953125 0.01562500 0.01406250
2 0.41328125 0.61484375 0.03281250 0.01718750
2 0.78281250 0.48828125 0.01562500 0.02343750
2 0.91171875 0.49140625 0.02031250 0.01718750
2 0.78515625 0.44921875 0.01718750 0.02031250
2 0.27656250 0.16875000 0.02500000 0.04687500
2 0.97968750 0.52343750 0.01562500 0.02812500
2 0.07265625 0.17421875 0.04218750 0.03906250
2 0.86562500 0.41796875 0.01875000 0.02656250
2 0.31796875 0.58750000 0.02343750 0.01875000
2 0.08828125 0.60468750 0.02656250 0.01250000
2 0.32031250 0.58750000 0.02187500 0.01875000
2 0.29843750 0.18906250 0.02500000 0.02812500
2 0.40859375 0.61406250 0.02343750 0.01562500
2 0.11250000 0.56250000 0.01875000 0.02812500
2 0.24453125 0.54765625 0.01718750 0.02343750
2 0.73515625 0.58359375 0.00781250 0.02968750
2 0.90703125 0.49218750 0.01406250 0.01562500
2 0.62031250 0.59921875 0.01562500 0.01718750
2 0.97578125 0.49687500 0.02031250 0.03437500
2 0.77968750 0.48359375 0.01250000 0.02968750
2 0.07343750 0.19453125 0.02812500 0.03593750
2 0.91171875 0.49062500 0.01718750 0.01562500
2 0.28437500 0.54453125 0.02812500 0.02656250
2 0.99375000 0.33046875 0.01250000 0.01718750
2 0.97578125 0.49453125 0.02031250 0.03281250
2 0.88359375 0.38828125 0.02968750 0.01718750
2 0.91328125 0.49062500 0.01718750 0.01562500
2 0.62421875 0.60078125 0.02343750 0.02031250
2 0.97500000 0.49609375 0.01875000 0.02968750
2 0.18515625 0.46562500 0.02343750 0.09062500
2 0.62968750 0.63984375 0.02500000 0.02031250
2 0.08046875 0.62890625 0.03281250 0.01718750
2 0.25156250 0.53125000 0.03437500 0.02812500
2 0.28671875 0.54453125 0.02343750 0.02656250
2 0.40625000 0.61328125 0.01875000 0.01406250
2 0.54453125 0.52812500 0.01406250 0.01875000
2 0.07734375 0.18906250 0.02968750 0.05000000
2 0.95000000 0.45390625 0.01250000 0.01406250
2 0.05781250 0.17734375 0.01875000 0.03593750
2 0.19921875 0.51250000 0.02656250 0.02187500
2 0.56171875 0.52968750 0.01718750 0.01562500
2 0.86875000 0.41953125 0.01250000 0.02343750
2 0.01640625 0.57031250 0.02031250 0.00937500
2 0.14375000 0.53593750 0.01562500 0.01562500
2 0.32109375 0.58750000 0.02656250 0.01875000
2 0.86875000 0.42421875 0.01250000 0.01406250
2 0.73593750 0.64296875 0.00937500 0.02656250
2 0.78671875 0.48515625 0.02343750 0.02968750
2 0.53593750 0.69687500 0.01562500 0.02187500
2 0.97968750 0.52500000 0.01562500 0.02500000
2 0.93750000 0.35078125 0.02187500 0.02343750
2 0.79062500 0.38359375 0.01250000 0.02343750
2 0.09062500 0.60390625 0.02812500 0.01406250
2 0.06640625 0.62812500 0.03593750 0.01875000
2 0.86953125 0.41015625 0.01406250 0.01406250
2 0.04140625 0.14140625 0.02031250 0.02968750
2 0.89218750 0.38671875 0.01250000 0.01406250
2 0.98125000 0.52578125 0.01250000 0.02343750
2 0.62968750 0.60234375 0.01875000 0.01718750
2 0.27656250 0.15937500 0.02500000 0.06250000
2 0.86093750 0.41562500 0.00937500 0.02187500
2 0.05625000 0.62812500 0.01875000 0.01875000
2 0.78984375 0.48828125 0.01406250 0.02343750
2 0.97500000 0.49609375 0.01875000 0.03281250
2 0.81796875 0.67343750 0.01718750 0.01875000
2 0.29687500 0.58906250 0.02187500 0.01562500
2 0.79140625 0.48984375 0.01406250 0.02031250
2 0.54609375 0.52734375 0.01718750 0.02031250
2 0.28593750 0.18437500 0.02187500 0.02500000
2 0.06875000 0.18828125 0.03750000 0.05468750
2 0.77968750 0.48515625 0.01250000 0.02656250
2 0.63671875 0.64140625 0.01718750 0.01718750
2 0.83125000 0.48671875 0.01562500 0.02031250
2 0.73437500 0.39921875 0.01250000 0.02031250
2 0.13984375 0.62187500 0.02343750 0.01875000
2 0.88281250 0.40468750 0.01250000 0.01562500
2 0.63046875 0.63984375 0.02031250 0.01718750
2 0.86328125 0.41250000 0.01406250 0.01562500
2 0.88593750 0.39843750 0.01562500 0.02500000
2 0.34062500 0.11640625 0.08125000 0.01718750
2 0.14296875 0.62187500 0.02031250 0.01875000
2 0.82421875 0.67031250 0.02968750 0.02500000
2 0.31093750 0.58828125 0.05000000 0.02031250
1 0.95234375 0.63046875 0.08906250 0.04531250
1 0.40078125 0.97812500 0.09218750 0.03437500
1 0.04375000 0.43828125 0.05625000 0.09218750
1 0.72031250 0.84687500 0.09062500 0.03437500
1 0.49140625 0.77734375 0.09218750 0.03906250
1 0.78359375 0.98281250 0.09531250 0.03437500
1 0.71328125 0.74687500 0.09218750 0.03437500
1 0.28828125 0.78828125 0.09531250 0.03593750
1 0.04062500 0.76718750 0.08125000 0.03437500
1 0.55312500 0.69453125 0.09375000 0.03906250
1 0.32968750 0.45078125 0.04687500 0.09531250
1 0.12109375 0.21093750 0.04218750 0.08750000
1 0.13437500 0.46015625 0.04687500 0.07031250
1 0.00859375 0.45546875 0.01718750 0.08593750
1 0.98046875 0.80078125 0.03906250 0.04531250
1 0.55234375 0.91953125 0.08906250 0.03906250
1 0.52265625 0.97968750 0.08906250 0.04062500
1 0.10156250 0.92265625 0.09687500 0.03906250
1 0.38671875 0.73203125 0.09218750 0.03593750
1 0.28281250 0.83750000 0.09687500 0.04062500
1 0.56093750 0.40000000 0.03750000 0.09062500
1 0.26015625 0.91250000 0.09218750 0.03750000
1 0.81093750 0.92343750 0.08750000 0.03750000
1 0.00546875 0.97812500 0.01093750 0.03437500
1 0.97656250 0.74531250 0.04687500 0.03750000
1 0.43984375 0.92187500 0.08593750 0.03437500
1 0.02734375 0.24375000 0.04218750 0.06562500
1 0.53750000 0.84453125 0.09062500 0.03593750
1 0.64140625 0.97890625 0.08593750 0.04218750
1 0.68437500 0.92812500 0.09062500 0.03750000
1 0.27578125 0.97968750 0.09218750 0.03437500
1 0.75625000 0.80078125 0.08750000 0.04531250
0 0.03984375 0.43750000 0.06718750 0.09375000
0 0.17031250 0.20156250 0.05312500 0.09687500
0 0.09296875 0.69375000 0.18593750 0.06250000
0 0.21875000 0.43515625 0.06875000 0.12031250
0 0.39296875 0.33984375 0.04843750 0.07968750
