1 0.64921875 0.20859375 0.07968750 0.03281250
1 0.01406250 0.17500000 0.02812500 0.03750000
1 0.25625000 0.08593750 0.08437500 0.03437500
1 0.88359375 0.02812500 0.08281250 0.03750000
1 0.76640625 0.47031250 0.09218750 0.04375000
1 0.07343750 0.08203125 0.07812500 0.03593750
1 0.22031250 0.35703125 0.07812500 0.03281250
1 0.10312500 0.50312500 0.05937500 0.03750000
1 0.10468750 0.02343750 0.09062500 0.03750000
1 0.34218750 0.40703125 0.09375000 0.03906250
1 0.99453125 0.08593750 0.01093750 0.03437500
1 0.89296875 0.14843750 0.10156250 0.04062500
1 0.75468750 0.27031250 0.09062500 0.03750000
1 0.95859375 0.40312500 0.08281250 0.04062500
1 0.33671875 0.02265625 0.07968750 0.03593750
1 0.98515625 0.27109375 0.02968750 0.03593750
1 0.63281250 0.26875000 0.08750000 0.04062500
1 0.51640625 0.08984375 0.08593750 0.03906250
1 0.76796875 0.39218750 0.08281250 0.03750000
1 0.64296875 0.03359375 0.09843750 0.03906250
1 0.77031250 0.08671875 0.09062500 0.03906250
1 0.11640625 0.14296875 0.09218750 0.03593750
1 0.88046875 0.27343750 0.09218750 0.03750000
0 0.17031250 0.26796875 0.23437500 0.05468750
0 0.39453125 0.49218750 0.23593750 0.05937500
0 0.28359375 0.95468750 0.12968750 0.09062500
2 0.87500000 0.56171875 0.02812500 0.02343750
2 0.26718750 0.76796875 0.01562500 0.01406250
2 0.11718750 0.82265625 0.01250000 0.02343750
2 0.64921875 0.69531250 0.04218750 0.03125000
2 0.01953125 0.56250000 0.03593750 0.01875000
2 0.31718750 0.71796875 0.01250000 0.01406250
2 0.90937500 0.68125000 0.01875000 0.01562500
2 0.24531250 0.94609375 0.01875000 0.03281250
2 0.11171875 0.83671875 0.02343750 0.04843750
2 0.56171875 0.60156250 0.04843750 0.03125000
2 0.14296875 0.80000000 0.01406250 0.02812500
2 0.34921875 0.82500000 0.01718750 0.01562500
2 0.13515625 0.98281250 0.01093750 0.01875000
2 0.99062500 0.59375000 0.01875000 0.01562500
2 0.71718750 0.70156250 0.01562500 0.01875000
2 0.63984375 0.70000000 0.02343750 0.02187500
2 0.42343750 0.68281250 0.02500000 0.02500000
2 0.38906250 0.77890625 0.02187500 0.01406250
2 0.71484375 0.69687500 0.01718750 0.02500000
2 0.56093750 0.59609375 0.02187500 0.01718750
2 0.86875000 0.56328125 0.01562500 0.01406250
2 0.66171875 0.68984375 0.02031250 0.02656250
2 0.36171875 0.92734375 0.02343750 0.03906250
