0 0.88515625 0.55937500 0.22968750 0.05625000
0 0.26796875 0.04765625 0.24531250 0.05468750
0 0.37968750 0.51953125 0.24062500 0.06406250
0 0.37578125 0.50781250 0.24843750 0.09062500
0 0.21328125 0.23125000 0.24843750 0.05937500
1 0.69453125 0.05781250 0.09843750 0.03750000
1 0.57187500 0.16953125 0.09375000 0.03593750
1 0.82890625 0.05703125 0.09218750 0.03593750
1 0.96953125 0.50156250 0.06093750 0.03437500
1 0.88515625 0.30000000 0.10156250 0.03750000
1 0.43359375 0.29062500 0.09843750 0.03750000
1 0.10546875 0.36406250 0.10468750 0.04687500
1 0.96015625 0.42968750 0.07968750 0.03750000
1 0.36718750 0.44218750 0.08750000 0.04062500
1 0.55078125 0.29843750 0.09843750 0.03750000
1 0.48984375 0.37656250 0.07968750 0.03750000
1 0.13828125 0.41953125 0.09218750 0.03593750
1 0.34609375 0.10937500 0.08593750 0.04375000
1 0.22578125 0.10937500 0.08906250 0.04062500
1 0.22343750 0.28437500 0.10625000 0.04687500
1 0.41171875 0.16953125 0.07343750 0.03593750
1 0.32343750 0.28750000 0.08437500 0.04687500
1 0.22812500 0.16562500 0.09687500 0.03750000
1 0.79218750 0.11796875 0.10312500 0.03906250
1 0.04296875 0.00468750 0.08593750 0.00937500
1 0.82187500 0.18437500 0.09687500 0.04687500
1 0.46562500 0.11171875 0.09375000 0.03906250
1 0.97890625 0.30000000 0.04218750 0.03750000
1 0.65625000 0.29531250 0.09375000 0.03750000
1 0.72421875 0.45859375 0.09218750 0.03906250
1 0.61640625 0.11796875 0.09531250 0.03906250
1 0.56171875 0.05781250 0.09218750 0.03750000
1 0.65703125 0.23593750 0.08906250 0.04687500
1 0.77031250 0.29843750 0.08750000 0.03750000
1 0.73828125 0.38671875 0.09531250 0.05156250
1 0.42890625 0.05781250 0.07343750 0.03750000
