1 0.64140625 0.10546875 0.03906250 0.09218750
1 0.69687500 0.22265625 0.04062500 0.10156250
1 0.18515625 0.34765625 0.08281250 0.08281250
1 0.09921875 0.70156250 0.09531250 0.04062500
1 0.24765625 0.08281250 0.03906250 0.09687500
1 0.20234375 0.88281250 0.10156250 0.04062500
1 0.57734375 0.11093750 0.04531250 0.10625000
1 0.07187500 0.88593750 0.09687500 0.04062500
1 0.22421875 0.20000000 0.04531250 0.10000000
1 0.57968750 0.01171875 0.03750000 0.02343750
1 0.51796875 0.07031250 0.03906250 0.09687500
1 0.08671875 0.41093750 0.10156250 0.04687500
1 0.09375000 0.94140625 0.10312500 0.04531250
1 0.69843750 0.08203125 0.04062500 0.08906250
1 0.63515625 0.24921875 0.04218750 0.09843750
1 0.99531250 0.16484375 0.00937500 0.09843750
1 0.25781250 0.94062500 0.10312500 0.04062500
1 0.57734375 0.24921875 0.03906250 0.09531250
1 0.64062500 0.00703125 0.03750000 0.01406250
1 0.70156250 0.00937500 0.04687500 0.01875000
1 0.75390625 0.04609375 0.04218750 0.09218750
1 0.75625000 0.16953125 0.03750000 0.09531250
0 0.15312500 0.98750000 0.28750000 0.02500000
2 0.40234375 0.44218750 0.02031250 0.02500000
2 0.47421875 0.13203125 0.01718750 0.03281250
2 0.32890625 0.57265625 0.02968750 0.03281250
2 0.41718750 0.35625000 0.02812500 0.03750000
2 0.39375000 0.34687500 0.03437500 0.05937500
2 0.41171875 0.20156250 0.01718750 0.02187500
2 0.38125000 0.19687500 0.02812500 0.02812500
2 0.56171875 0.48671875 0.02343750 0.02656250
2 0.41406250 0.35781250 0.03125000 0.04062500
2 0.74921875 0.84062500 0.04218750 0.03750000
2 0.38906250 0.05546875 0.04062500 0.06406250
2 0.96953125 0.43828125 0.03593750 0.02656250
2 0.42109375 0.35156250 0.02031250 0.02812500
2 0.06328125 0.45859375 0.02343750 0.02656250
2 0.33593750 0.38515625 0.02187500 0.02031250
2 0.40312500 0.36562500 0.01875000 0.02812500
2 0.40625000 0.19609375 0.03125000 0.03281250
2 0.38281250 0.35390625 0.03750000 0.02656250
2 0.37109375 0.39218750 0.03906250 0.08125000
2 0.00625000 0.38750000 0.01250000 0.02812500
2 0.32343750 0.56718750 0.01875000 0.02187500
2 0.88281250 0.23125000 0.00937500 0.01250000
2 0.45156250 0.47968750 0.02187500 0.01562500
2 0.39765625 0.32656250 0.02031250 0.02500000
2 0.36250000 0.43046875 0.02500000 0.01406250
2 0.46093750 0.12187500 0.01250000 0.01875000
2 0.23828125 0.43984375 0.02031250 0.02031250
2 0.25703125 0.49765625 0.01406250 0.01718750
2 0.39453125 0.34687500 0.02031250 0.02812500
2 0.74453125 0.59531250 0.01406250 0.01562500
2 0.22031250 0.46875000 0.00937500 0.01562500
2 0.44453125 0.29921875 0.02656250 0.01718750
2 0.31093750 0.55390625 0.01875000 0.01406250
2 0.45546875 0.41015625 0.01406250 0.01718750
2 0.18046875 0.46875000 0.01406250 0.01562500
2 0.12109375 0.50781250 0.01093750 0.00937500
2 0.40625000 0.36640625 0.01562500 0.02343750
2 0.36875000 0.79296875 0.01875000 0.01406250
2 0.38359375 0.43750000 0.06718750 0.03437500
2 0.44375000 0.47890625 0.03750000 0.01718750
2 0.38593750 0.24921875 0.02500000 0.02656250
2 0.97500000 0.43593750 0.02187500 0.02187500
2 0.39375000 0.19531250 0.05312500 0.03125000
2 0.00781250 0.38281250 0.01562500 0.03750000
2 0.40546875 0.43671875 0.02656250 0.03593750
2 0.75078125 0.59687500 0.02656250 0.01875000
2 0.32031250 0.56562500 0.03437500 0.03750000
