2 0.35625000 0.43359375 0.03125000 0.03593750
2 0.40390625 0.38125000 0.01718750 0.03750000
2 0.01562500 0.48984375 0.02187500 0.01093750
2 0.28671875 0.39609375 0.01406250 0.01718750
2 0.71718750 0.84375000 0.03125000 0.03437500
2 0.60468750 0.45000000 0.01875000 0.01562500
2 0.93671875 0.60234375 0.01718750 0.02031250
2 0.30312500 0.42031250 0.01562500 0.01875000
2 0.34296875 0.83281250 0.01718750 0.01562500
2 0.28046875 0.50937500 0.01718750 0.02500000
2 0.25937500 0.30000000 0.01875000 0.02812500
2 0.29687500 0.55078125 0.03125000 0.02656250
2 0.08203125 0.52812500 0.01093750 0.01250000
2 0.30859375 0.42187500 0.02656250 0.02500000
2 0.72343750 0.85000000 0.04375000 0.04687500
2 0.19375000 0.41171875 0.02187500 0.02343750
2 0.45234375 0.69531250 0.02656250 0.01875000
2 0.65625000 0.81328125 0.01562500 0.02343750
2 0.29140625 0.39843750 0.02343750 0.02187500
2 0.36171875 0.44609375 0.01718750 0.01406250
2 0.29296875 0.54531250 0.02343750 0.01875000
2 0.40234375 0.13281250 0.02656250 0.01562500
2 0.24921875 0.50078125 0.01718750 0.02343750
2 0.25078125 0.50703125 0.02031250 0.03593750
2 0.73515625 0.86171875 0.02031250 0.02343750
2 0.28750000 0.50937500 0.03125000 0.02500000
2 0.68046875 0.60156250 0.01406250 0.01562500
2 0.41093750 0.14062500 0.04687500 0.03437500
2 0.60000000 0.45703125 0.02812500 0.02968750
2 0.31093750 0.42421875 0.01562500 0.01718750
2 0.42578125 0.14765625 0.01718750 0.02031250
2 0.32890625 0.43125000 0.01718750 0.01250000
2 0.19687500 0.41640625 0.02812500 0.03281250
2 0.99609375 0.44218750 0.00781250 0.01562500
2 0.60078125 0.45234375 0.02656250 0.02031250
2 0.40781250 0.62890625 0.01562500 0.01718750
2 0.27890625 0.28671875 0.05781250 0.05468750
2 0.93984375 0.60078125 0.01093750 0.01718750
2 0.74765625 0.76328125 0.02031250 0.02656250
2 0.42187500 0.63593750 0.01562500 0.01875000
2 0.18046875 0.48281250 0.01093750 0.01250000
2 0.41484375 0.63281250 0.02968750 0.02500000
2 0.59375000 0.45156250 0.01250000 0.01875000
2 0.42265625 0.14140625 0.02031250 0.03281250
2 0.28437500 0.56015625 0.01562500 0.01718750
2 0.45625000 0.70000000 0.03750000 0.02812500
1 0.71093750 0.07421875 0.03750000 0.09843750
1 0.65312500 0.05937500 0.03750000 0.09375000
1 0.04843750 0.43203125 0.09687500 0.05156250
1 0.22734375 0.67656250 0.09218750 0.04062500
1 0.30625000 0.61093750 0.08750000 0.05937500
1 0.73906250 0.39062500 0.05625000 0.10937500
1 0.53515625 0.23281250 0.04218750 0.10312500
1 0.98828125 0.55390625 0.02343750 0.04531250
1 0.20078125 0.89375000 0.10156250 0.04062500
1 0.45859375 0.45000000 0.05156250 0.09062500
1 0.42812500 0.79296875 0.09375000 0.06718750
1 0.07656250 0.89843750 0.09687500 0.04062500
1 0.53281250 0.00546875 0.03437500 0.01093750
1 0.14843750 0.35625000 0.09687500 0.10000000
1 0.16406250 0.78437500 0.10625000 0.04375000
1 0.47578125 0.28828125 0.03906250 0.09531250
1 0.64843750 0.20078125 0.04375000 0.11406250
1 0.19921875 0.09765625 0.04218750 0.09843750
1 0.06484375 0.95703125 0.10156250 0.03906250
1 0.96718750 0.16562500 0.04062500 0.10312500
1 0.19140625 0.00937500 0.03906250 0.01875000
1 0.53515625 0.10312500 0.04218750 0.10312500
1 0.59531250 0.07968750 0.03750000 0.09687500
1 0.58750000 0.22500000 0.04062500 0.09687500
1 0.19687500 0.95156250 0.10312500 0.04687500
