0 0.08281250 0.27968750 0.16562500 0.07500000
2 0.38593750 0.68437500 0.02187500 0.02187500
2 0.31171875 0.84296875 0.01406250 0.01718750
2 0.78281250 0.69218750 0.01875000 0.03750000
2 0.40000000 0.67187500 0.01875000 0.02187500
2 0.86171875 0.99609375 0.02968750 0.00781250
2 0.83906250 0.67500000 0.02187500 0.05312500
2 0.20781250 0.70703125 0.01875000 0.02031250
2 0.73281250 0.63203125 0.01562500 0.01718750
2 0.15703125 0.07109375 0.01406250 0.02031250
2 0.29296875 0.78281250 0.01093750 0.01562500
2 0.42968750 0.60781250 0.01250000 0.01875000
2 0.06484375 0.98359375 0.01718750 0.02343750
2 0.20859375 0.94531250 0.02031250 0.03125000
2 0.84609375 0.63046875 0.01718750 0.02031250
2 0.23046875 0.76875000 0.01718750 0.01562500
2 0.17421875 0.95312500 0.01406250 0.02187500
2 0.28046875 0.71953125 0.01718750 0.01406250
2 0.14531250 0.07500000 0.01562500 0.02187500
2 0.99218750 0.58359375 0.01562500 0.03593750
2 0.08125000 0.93750000 0.01562500 0.02812500
2 0.52343750 0.61250000 0.05937500 0.01562500
2 0.15078125 0.07343750 0.02656250 0.02500000
2 0.10625000 0.73593750 0.01562500 0.02500000
2 0.84140625 0.68906250 0.01718750 0.02500000
2 0.15859375 0.88515625 0.01093750 0.01718750
2 0.39140625 0.67890625 0.03281250 0.03281250
2 0.21171875 0.94375000 0.01406250 0.02812500
2 0.43203125 0.61328125 0.01718750 0.02968750
2 0.20546875 0.95078125 0.01406250 0.02031250
2 0.32812500 0.92890625 0.01875000 0.03593750
2 0.84218750 0.65937500 0.01562500 0.02187500
2 0.99218750 0.69453125 0.01562500 0.01718750
2 0.83125000 0.67578125 0.01250000 0.02656250
2 0.15703125 0.06875000 0.01406250 0.01562500
1 0.88828125 0.08437500 0.09218750 0.03750000
1 0.64921875 0.41015625 0.07656250 0.03281250
1 0.60000000 0.15156250 0.09687500 0.03750000
1 0.98515625 0.02812500 0.02968750 0.03437500
1 0.92500000 0.27187500 0.09375000 0.03750000
1 0.50625000 0.27421875 0.08437500 0.03906250
1 0.08984375 0.34765625 0.09218750 0.03593750
1 0.83437500 0.03046875 0.07500000 0.03593750
1 0.52343750 0.48906250 0.09375000 0.03750000
1 0.05078125 0.42265625 0.07656250 0.03593750
1 0.62343750 0.08984375 0.09062500 0.03906250
1 0.46796875 0.40546875 0.08906250 0.03906250
1 0.70078125 0.03125000 0.08593750 0.03750000
1 0.81796875 0.27421875 0.08593750 0.03906250
1 0.91328125 0.37812500 0.08281250 0.03437500
1 0.96875000 0.45703125 0.06250000 0.03906250
1 0.90781250 0.14765625 0.10625000 0.04531250
1 0.76328125 0.08671875 0.08593750 0.03906250
1 0.66484375 0.27109375 0.11406250 0.03906250
1 0.57578125 0.03515625 0.09531250 0.03906250
1 0.98828125 0.08515625 0.02343750 0.03281250
1 0.61015625 0.21015625 0.07968750 0.03593750
1 0.80390625 0.41796875 0.07968750 0.03281250
1 0.07734375 0.80078125 0.02656250 0.04843750
1 0.76171875 0.15390625 0.08281250 0.03593750
1 0.33750000 0.35000000 0.08750000 0.03750000
