1 0.90468750 0.67656250 0.10625000 0.04062500
1 0.56406250 0.97343750 0.09375000 0.04062500
1 0.45156250 0.97265625 0.09687500 0.03906250
1 0.12656250 0.66406250 0.09375000 0.03750000
1 0.86640625 0.85781250 0.08906250 0.04062500
1 0.34453125 0.78906250 0.08593750 0.04375000
1 0.19296875 0.89687500 0.08593750 0.03750000
1 0.42187500 0.91328125 0.08750000 0.04218750
1 0.49921875 0.84531250 0.09531250 0.04062500
1 0.91250000 0.91796875 0.10000000 0.03906250
1 0.60546875 0.79687500 0.08906250 0.04062500
1 0.75390625 0.85859375 0.09843750 0.04218750
1 0.34375000 0.84687500 0.08125000 0.03750000
1 0.78906250 0.97890625 0.09687500 0.03593750
1 0.99375000 0.92109375 0.01250000 0.03281250
1 0.52968750 0.91171875 0.08437500 0.03281250
1 0.96953125 0.86328125 0.06093750 0.03906250
1 0.21250000 0.96328125 0.09687500 0.03906250
1 0.42656250 0.73671875 0.07500000 0.03906250
1 0.54609375 0.73906250 0.09531250 0.04062500
1 0.61875000 0.61250000 0.03750000 0.02500000
1 0.22656250 0.84375000 0.09687500 0.03750000
1 0.30546875 0.90312500 0.08281250 0.03437500
1 0.74921875 0.79531250 0.10156250 0.03750000
1 0.46406250 0.79062500 0.09375000 0.03750000
1 0.90312500 0.98203125 0.08437500 0.03593750
1 0.22187500 0.78750000 0.08750000 0.04375000
1 0.96015625 0.80234375 0.07968750 0.05156250
1 0.98750000 0.98125000 0.02500000 0.03750000
1 0.62656250 0.85546875 0.10312500 0.03906250
1 0.86875000 0.79843750 0.08750000 0.04375000
1 0.95312500 0.73671875 0.09375000 0.03906250
1 0.78125000 0.91250000 0.08750000 0.04062500
1 0.64531250 0.91328125 0.08125000 0.04218750
1 0.67578125 0.97578125 0.09218750 0.03906250
1 0.68515625 0.73671875 0.09531250 0.03906250
1 0.82656250 0.73750000 0.09375000 0.03437500
1 0.33125000 0.96953125 0.08750000 0.03906250
0 0.19062500 0.57187500 0.06875000 0.04062500
0 0.26328125 0.72734375 0.24531250 0.05468750
0 0.19296875 0.56093750 0.05781250 0.01875000
0 0.54687500 0.73906250 0.09687500 0.04062500
