2 0.26171875 0.72890625 0.02968750 0.02343750
2 0.31562500 0.59921875 0.03437500 0.02656250
2 0.03593750 0.56562500 0.02500000 0.01875000
2 0.28515625 0.57890625 0.02968750 0.02343750
2 0.16718750 0.20781250 0.01250000 0.01875000
2 0.24218750 0.82578125 0.01875000 0.02031250
2 0.16640625 0.21640625 0.01718750 0.03593750
2 0.14765625 0.60234375 0.01718750 0.02968750
2 0.11953125 0.76953125 0.01406250 0.01406250
2 0.16250000 0.58515625 0.02500000 0.02343750
2 0.08828125 0.56953125 0.02968750 0.02656250
2 0.28125000 0.67734375 0.03125000 0.02031250
2 0.14296875 0.78281250 0.02343750 0.03125000
2 0.21093750 0.56562500 0.03125000 0.04062500
2 0.26093750 0.60546875 0.02812500 0.02031250
2 0.45546875 0.34609375 0.01406250 0.01406250
2 0.12578125 0.63671875 0.02968750 0.04218750
2 0.26015625 0.73984375 0.04218750 0.04218750
1 0.00859375 0.28046875 0.01718750 0.03906250
1 0.72421875 0.02500000 0.03593750 0.05000000
1 0.50859375 0.40859375 0.03906250 0.09218750
1 0.42656250 0.62578125 0.03750000 0.08281250
1 0.74218750 0.70312500 0.04062500 0.09062500
1 0.00468750 0.45625000 0.00937500 0.03437500
1 0.00625000 0.34062500 0.01250000 0.03437500
1 0.25390625 0.64453125 0.03281250 0.02343750
1 0.20234375 0.52031250 0.08906250 0.04062500
1 0.70390625 0.99453125 0.03281250 0.01093750
1 0.66250000 0.38671875 0.04062500 0.09843750
1 0.21093750 0.56640625 0.03125000 0.04531250
1 0.01953125 0.39921875 0.03906250 0.03906250
1 0.47031250 0.84531250 0.04062500 0.08750000
1 0.02500000 0.21640625 0.05000000 0.04843750
1 0.65546875 0.85546875 0.03593750 0.08906250
1 0.46562500 0.04921875 0.04687500 0.09843750
1 0.65468750 0.62656250 0.04375000 0.07500000
1 0.52500000 0.15234375 0.04687500 0.09531250
