1 0.44453125 0.40625000 0.11406250 0.05000000
1 0.94687500 0.17343750 0.05312500 0.05312500
1 0.74453125 0.71250000 0.10781250 0.04062500
1 0.83593750 0.36718750 0.04687500 0.09375000
1 0.36484375 0.91250000 0.10156250 0.04375000
1 0.33359375 0.66250000 0.10156250 0.03750000
1 0.32265625 0.28203125 0.09531250 0.04218750
1 0.37812500 0.72265625 0.07812500 0.03906250
1 0.60234375 0.60234375 0.10468750 0.04218750
1 0.11328125 0.79218750 0.10156250 0.04062500
1 0.05625000 0.38906250 0.10937500 0.05625000
1 0.95625000 0.70546875 0.08750000 0.03906250
1 0.53906250 0.77812500 0.10937500 0.04062500
1 0.69140625 0.77734375 0.10781250 0.04218750
1 0.18046875 0.40781250 0.10468750 0.04375000
1 0.55468750 0.39609375 0.04375000 0.03593750
1 0.60468750 0.28203125 0.05625000 0.03281250
1 0.24453125 0.78750000 0.10468750 0.04062500
1 0.96484375 0.76796875 0.07031250 0.03906250
1 0.15937500 0.72656250 0.09062500 0.03750000
1 0.89765625 0.35937500 0.04531250 0.07187500
1 0.89765625 0.37187500 0.04531250 0.09687500
1 0.96328125 0.64843750 0.07343750 0.04062500
1 0.82500000 0.76953125 0.10000000 0.03906250
1 0.68281250 0.90234375 0.10937500 0.04843750
1 0.37500000 0.78437500 0.10000000 0.04062500
1 0.09375000 0.23437500 0.08125000 0.08125000
1 0.75703125 0.65000000 0.10781250 0.04062500
