1 0.91796875 0.16250000 0.08906250 0.08750000
1 0.57343750 0.75390625 0.04062500 0.08593750
1 0.01093750 0.41953125 0.02187500 0.03906250
1 0.02343750 0.54218750 0.03437500 0.03750000
1 0.46015625 0.53359375 0.07343750 0.09218750
1 0.01250000 0.48281250 0.02500000 0.03750000
1 0.27500000 0.29921875 0.07500000 0.07656250
1 0.42578125 0.75312500 0.04843750 0.08750000
1 0.01406250 0.23906250 0.02812500 0.04062500
2 0.18515625 0.99531250 0.02343750 0.00937500
2 0.19531250 0.64296875 0.01562500 0.01718750
2 0.09140625 0.60546875 0.02343750 0.01406250
2 0.19453125 0.65468750 0.02343750 0.01875000
2 0.26484375 0.75625000 0.03281250 0.03437500
2 0.32343750 0.57265625 0.03437500 0.02656250
2 0.06953125 0.60000000 0.02343750 0.02187500
2 0.29765625 0.49062500 0.02343750 0.03437500
2 0.01171875 0.60078125 0.02343750 0.02656250
2 0.30078125 0.62578125 0.02031250 0.02343750
2 0.82734375 0.97187500 0.02656250 0.02812500
2 0.23203125 0.62343750 0.01406250 0.02500000
2 0.03828125 0.61718750 0.02656250 0.01562500
2 0.13671875 0.67265625 0.02343750 0.02343750
2 0.28515625 0.65234375 0.02031250 0.02031250
2 0.11875000 0.60156250 0.03750000 0.02500000
2 0.30312500 0.62812500 0.01562500 0.01875000
2 0.62343750 0.92500000 0.03125000 0.02500000
2 0.34843750 0.66171875 0.02500000 0.02656250
2 0.19765625 0.63203125 0.02343750 0.02343750
2 0.13437500 0.80156250 0.01562500 0.01562500
2 0.20234375 0.65468750 0.03906250 0.01875000
2 0.32265625 0.76718750 0.02031250 0.03750000
2 0.14921875 0.80937500 0.04218750 0.03125000
2 0.21015625 0.58906250 0.02968750 0.02812500
2 0.24062500 0.61562500 0.03125000 0.02187500
2 0.15859375 0.62421875 0.03281250 0.02031250
2 0.21718750 0.63203125 0.02500000 0.02656250
2 0.24218750 0.68593750 0.04062500 0.02187500
2 0.33281250 0.15468750 0.02500000 0.03125000
2 0.18515625 0.58125000 0.02343750 0.01875000
2 0.12968750 0.60468750 0.01875000 0.01875000
2 0.13203125 0.65000000 0.01718750 0.02187500
2 0.16562500 0.60000000 0.02187500 0.01875000
2 0.32734375 0.57578125 0.02031250 0.02031250
2 0.31171875 0.61875000 0.02656250 0.01562500
2 0.93281250 0.91562500 0.01562500 0.02812500
2 0.29687500 0.49609375 0.02187500 0.02343750
2 0.18671875 0.62031250 0.02343750 0.01875000
2 0.00859375 0.36015625 0.01718750 0.02031250
2 0.08046875 0.60078125 0.04843750 0.02343750
2 0.08906250 0.81796875 0.02187500 0.01718750
2 0.27265625 0.59687500 0.02968750 0.01875000
2 0.18203125 0.75078125 0.01718750 0.01718750
2 0.24609375 0.61484375 0.02343750 0.02031250
2 0.21171875 0.35000000 0.02031250 0.02500000
2 0.12265625 0.58125000 0.02343750 0.01562500
2 0.30703125 0.62500000 0.03593750 0.02500000
2 0.37421875 0.31093750 0.02031250 0.02500000
2 0.15859375 0.81171875 0.02343750 0.02656250
2 0.95625000 0.88671875 0.01875000 0.02656250
