0 0.90546875 0.01953125 0.18906250 0.03906250
0 0.35000000 0.01328125 0.24687500 0.02656250
1 0.84687500 0.08515625 0.09687500 0.03593750
1 0.06015625 0.12109375 0.09218750 0.04218750
1 0.65390625 0.21406250 0.07968750 0.03125000
1 0.75078125 0.38906250 0.09843750 0.04687500
1 0.26953125 0.07421875 0.09218750 0.03906250
1 0.07812500 0.06875000 0.09375000 0.03750000
1 0.96953125 0.45625000 0.06093750 0.03750000
1 0.54062500 0.32890625 0.09062500 0.04218750
1 0.18515625 0.44765625 0.09843750 0.03906250
1 0.53984375 0.20625000 0.08593750 0.03750000
1 0.52500000 0.06250000 0.09062500 0.04062500
1 0.14609375 0.32109375 0.09843750 0.04218750
1 0.18906250 0.37812500 0.09687500 0.04375000
1 0.66093750 0.27812500 0.09375000 0.03750000
1 0.94218750 0.58828125 0.09062500 0.05156250
1 0.38828125 0.12734375 0.09531250 0.03906250
1 0.98203125 0.14921875 0.03593750 0.03593750
1 0.50546875 0.27265625 0.09531250 0.03593750
1 0.44375000 0.45234375 0.08750000 0.04218750
1 0.48906250 0.38437500 0.09062500 0.04687500
1 0.76796875 0.27265625 0.08281250 0.04218750
1 0.82265625 0.14296875 0.08906250 0.03906250
1 0.66171875 0.12421875 0.07343750 0.03281250
1 0.76718750 0.21640625 0.08437500 0.03906250
