1 0.89921875 0.08593750 0.08593750 0.03750000
1 0.03203125 0.26796875 0.06406250 0.03906250
1 0.86171875 0.41796875 0.09218750 0.03593750
1 0.01953125 0.11171875 0.03906250 0.02968750
1 0.30859375 0.76796875 0.04218750 0.02968750
1 0.39843750 0.64765625 0.08125000 0.07343750
1 0.20625000 0.14218750 0.08750000 0.03750000
1 0.33984375 0.37421875 0.08906250 0.03906250
1 0.07656250 0.18359375 0.09062500 0.03593750
1 0.26093750 0.44218750 0.09062500 0.03750000
1 0.36093750 0.18750000 0.08750000 0.03437500
1 0.76640625 0.20000000 0.09218750 0.03750000
1 0.98750000 0.47812500 0.02500000 0.03437500
1 0.03984375 0.32109375 0.07968750 0.05468750
1 0.60781250 0.41718750 0.08750000 0.03437500
1 0.32578125 0.10312500 0.09531250 0.03750000
1 0.43750000 0.14140625 0.09687500 0.03593750
1 0.65390625 0.36484375 0.08906250 0.03906250
1 0.46640625 0.04765625 0.09218750 0.03906250
1 0.05937500 0.43593750 0.09687500 0.04375000
1 0.70625000 0.15000000 0.09375000 0.03750000
1 0.67421875 0.09375000 0.10156250 0.03750000
0 0.12109375 0.03750000 0.23593750 0.05937500
0 0.58281250 0.49062500 0.23125000 0.05625000
2 0.28437500 0.78437500 0.02500000 0.02187500
2 0.18750000 0.68203125 0.02500000 0.02343750
2 0.65468750 0.56875000 0.01562500 0.01562500
2 0.61718750 0.73671875 0.03750000 0.02656250
2 0.34531250 0.78281250 0.01875000 0.01875000
2 0.63046875 0.66171875 0.03593750 0.01718750
2 0.40156250 0.75546875 0.02500000 0.04531250
2 0.18828125 0.81015625 0.01406250 0.01406250
2 0.21875000 0.67031250 0.01562500 0.01875000
2 0.39531250 0.85312500 0.01875000 0.01875000
2 0.39843750 0.76718750 0.02187500 0.02187500
2 0.51328125 0.91640625 0.02656250 0.03593750
2 0.48203125 0.69921875 0.01406250 0.02656250
2 0.72109375 0.63203125 0.01718750 0.02343750
2 0.24531250 0.77656250 0.01562500 0.02500000
2 0.64609375 0.56875000 0.03281250 0.01562500
2 0.30937500 0.76718750 0.04062500 0.02812500
2 0.63750000 0.62968750 0.02500000 0.01250000
2 0.40468750 0.74531250 0.01875000 0.02500000
2 0.38984375 0.89843750 0.01718750 0.02812500
2 0.50703125 0.90703125 0.01718750 0.02031250
2 0.57734375 0.68046875 0.01718750 0.01718750
2 0.64218750 0.60156250 0.03125000 0.02187500
2 0.86562500 0.55781250 0.01875000 0.02187500
2 0.76953125 0.89296875 0.01406250 0.03281250
2 0.61015625 0.73750000 0.02343750 0.02500000
2 0.91484375 0.99140625 0.01718750 0.01718750
2 0.63593750 0.60156250 0.01875000 0.01875000
2 0.70625000 0.93125000 0.01562500 0.01875000
2 0.63750000 0.56875000 0.01562500 0.01250000
2 0.21875000 0.82890625 0.01562500 0.01718750
2 0.64921875 0.60390625 0.01718750 0.01718750
2 0.37578125 0.88125000 0.02031250 0.01875000
