0 0.64687500 0.67734375 0.25625000 0.06406250
0 0.11640625 0.67421875 0.23281250 0.06406250
0 0.38750000 0.73203125 0.25000000 0.05468750
1 0.92578125 0.74062500 0.09843750 0.03437500
1 0.79218750 0.91953125 0.10000000 0.03593750
1 0.88125000 0.98046875 0.10312500 0.03906250
1 0.03828125 0.78593750 0.07656250 0.03750000
1 0.28046875 0.79765625 0.08593750 0.04218750
1 0.19296875 0.56640625 0.06406250 0.02656250
1 0.42968750 0.97187500 0.09687500 0.04062500
1 0.60468750 0.79765625 0.09062500 0.03593750
1 0.37890625 0.61640625 0.02656250 0.01718750
1 0.01250000 0.72421875 0.02500000 0.03593750
1 0.97968750 0.92031250 0.04062500 0.03750000
1 0.32031250 0.97031250 0.08437500 0.04062500
1 0.50625000 0.90625000 0.09687500 0.03750000
1 0.90625000 0.86171875 0.08750000 0.03906250
1 0.54765625 0.98125000 0.10156250 0.03750000
1 0.65234375 0.97656250 0.09531250 0.03750000
1 0.21640625 0.90625000 0.08593750 0.04375000
1 0.47343750 0.85546875 0.07187500 0.03593750
1 0.88281250 0.80234375 0.10312500 0.03906250
1 0.06718750 0.84609375 0.09687500 0.03906250
1 0.97656250 0.97968750 0.04687500 0.04062500
1 0.70078125 0.85859375 0.08906250 0.03906250
1 0.77031250 0.97890625 0.08750000 0.03593750
1 0.66718750 0.61796875 0.10625000 0.03906250
1 0.67500000 0.74609375 0.09062500 0.03593750
1 0.21328125 0.96953125 0.09218750 0.03906250
1 0.99453125 0.86640625 0.01093750 0.03281250
