1 0.68671875 0.09531250 0.08281250 0.03437500
1 0.50859375 0.29062500 0.08593750 0.03750000
1 0.99218750 0.16484375 0.01562500 0.03906250
1 0.04843750 0.34843750 0.09687500 0.03437500
1 0.36406250 0.34296875 0.09062500 0.03593750
1 0.84921875 0.47578125 0.09218750 0.03593750
1 0.48593750 0.23593750 0.09375000 0.03750000
1 0.23750000 0.23515625 0.08750000 0.03593750
1 0.01250000 0.23671875 0.02500000 0.03906250
1 0.63750000 0.46875000 0.10000000 0.03750000
1 0.12890625 0.46640625 0.09218750 0.04218750
1 0.10156250 0.22578125 0.09375000 0.03906250
1 0.25312500 0.41015625 0.09687500 0.03906250
1 0.78359375 0.35000000 0.09218750 0.04062500
1 0.19531250 0.34921875 0.08125000 0.03593750
1 0.39062500 0.29062500 0.09062500 0.03437500
1 0.98125000 0.41171875 0.03750000 0.03281250
1 0.72343750 0.22968750 0.10000000 0.04062500
1 0.35546875 0.22890625 0.08593750 0.03906250
1 0.97109375 0.35234375 0.05781250 0.03281250
1 0.76015625 0.40937500 0.09531250 0.03750000
1 0.33125000 0.46562500 0.08750000 0.04062500
1 0.53828125 0.41093750 0.09843750 0.04062500
1 0.56171875 0.53437500 0.09218750 0.03750000
1 0.60156250 0.23359375 0.08437500 0.03593750
1 0.77812500 0.29531250 0.09687500 0.03750000
1 0.63281250 0.28984375 0.08750000 0.04218750
1 0.26015625 0.29453125 0.09218750 0.03593750
2 0.93437500 0.59062500 0.02187500 0.01875000
2 0.81406250 0.57812500 0.02500000 0.02187500
2 0.93437500 0.65937500 0.02187500 0.02187500
2 0.81015625 0.57500000 0.03593750 0.02812500
2 0.16953125 0.67734375 0.01718750 0.01406250
2 0.94609375 0.79531250 0.04218750 0.03437500
2 0.41171875 0.67265625 0.02343750 0.01718750
2 0.50468750 0.65625000 0.00937500 0.00937500
2 0.93281250 0.78437500 0.01562500 0.01250000
2 0.83828125 0.60000000 0.05156250 0.03437500
2 0.95781250 0.79687500 0.01875000 0.03125000
2 0.99062500 0.58359375 0.01875000 0.02343750
2 0.82578125 0.60781250 0.02656250 0.01875000
2 0.80703125 0.56875000 0.02968750 0.01562500
2 0.80156250 0.56718750 0.01875000 0.01250000
2 0.66406250 0.97734375 0.03437500 0.04531250
2 0.43046875 0.58203125 0.03281250 0.01718750
2 0.84843750 0.59453125 0.03125000 0.02343750
