1 0.51093750 0.87578125 0.04062500 0.09218750
1 0.58359375 0.13359375 0.03593750 0.09218750
1 0.69921875 0.96562500 0.03906250 0.06875000
1 0.48281250 0.26015625 0.03437500 0.07968750
1 0.71796875 0.69687500 0.03593750 0.09375000
1 0.01406250 0.98515625 0.02812500 0.02968750
1 0.47578125 0.13437500 0.03906250 0.09375000
1 0.60468750 0.68750000 0.03750000 0.07500000
1 0.27187500 0.55703125 0.08437500 0.07031250
1 0.66171875 0.32187500 0.04843750 0.09687500
1 0.52187500 0.98750000 0.03750000 0.02500000
1 0.58359375 0.02812500 0.03281250 0.05625000
1 0.65859375 0.07890625 0.03593750 0.09218750
1 0.58906250 0.42734375 0.04062500 0.08906250
1 0.60000000 0.54687500 0.03750000 0.08437500
1 0.52890625 0.24609375 0.03906250 0.09218750
1 0.48125000 0.00468750 0.03437500 0.00937500
1 0.60625000 0.81718750 0.04062500 0.09062500
1 0.53203125 0.10078125 0.03593750 0.09218750
1 0.58906250 0.26562500 0.04375000 0.10000000
1 0.67109375 0.51171875 0.03593750 0.08593750
2 0.96093750 0.44765625 0.02812500 0.02343750
2 0.85312500 0.47109375 0.01250000 0.02031250
2 0.28437500 0.42578125 0.02500000 0.02031250
2 0.33593750 0.16718750 0.01562500 0.01875000
2 0.96562500 0.48359375 0.03125000 0.02031250
2 0.97812500 0.53593750 0.02187500 0.01875000
2 0.52968750 0.98359375 0.01875000 0.01718750
2 0.26328125 0.48125000 0.02343750 0.01562500
2 0.97109375 0.52968750 0.03906250 0.03125000
2 0.96171875 0.52421875 0.01718750 0.01406250
2 0.86015625 0.47109375 0.02343750 0.02031250
2 0.89218750 0.46718750 0.01875000 0.01875000
2 0.23593750 0.46015625 0.02500000 0.02031250
2 0.19687500 0.40000000 0.00937500 0.01875000
2 0.98125000 0.51953125 0.01875000 0.01718750
2 0.90312500 0.46250000 0.01250000 0.01875000
2 0.15937500 0.58046875 0.01875000 0.02031250
2 0.21953125 0.40468750 0.01718750 0.01562500
2 0.88515625 0.41796875 0.02656250 0.03593750
2 0.96171875 0.53046875 0.02031250 0.02656250
2 0.27812500 0.42578125 0.01562500 0.02031250
2 0.17421875 0.56171875 0.02031250 0.02031250
2 0.86484375 0.47265625 0.02968750 0.02343750
2 0.01328125 0.67187500 0.02656250 0.02187500
2 0.99218750 0.52734375 0.01562500 0.02656250
2 0.01015625 0.66875000 0.02031250 0.01562500
2 0.96640625 0.44687500 0.01406250 0.02187500
2 0.98515625 0.52578125 0.02968750 0.02968750
2 0.56484375 0.60859375 0.01718750 0.02031250
2 0.95000000 0.44687500 0.02187500 0.02500000
2 0.87265625 0.47578125 0.02031250 0.02031250
2 0.29140625 0.42656250 0.01406250 0.01562500
2 0.10625000 0.65234375 0.01250000 0.03281250
2 0.52187500 0.98671875 0.03437500 0.02343750
2 0.86250000 0.38515625 0.01562500 0.01718750
2 0.23828125 0.28906250 0.02968750 0.04687500
2 0.89687500 0.46562500 0.02500000 0.02187500
2 0.25000000 0.04218750 0.01875000 0.02500000
