2 0.80781250 0.36093750 0.01562500 0.03437500
2 0.79453125 0.33281250 0.01406250 0.01875000
2 0.45703125 0.46875000 0.01718750 0.07500000
2 0.45468750 0.52734375 0.01562500 0.01718750
2 0.41562500 0.47656250 0.01875000 0.01562500
2 0.40781250 0.47343750 0.03437500 0.02187500
2 0.72656250 0.38828125 0.02500000 0.02656250
2 0.84609375 0.38593750 0.01718750 0.02500000
2 0.55078125 0.51093750 0.02343750 0.02500000
2 0.45703125 0.44765625 0.01718750 0.03281250
2 0.73046875 0.39296875 0.01718750 0.01718750
2 0.39765625 0.47343750 0.01718750 0.02187500
1 0.91093750 0.08359375 0.11562500 0.04843750
1 0.61718750 0.09609375 0.10312500 0.04218750
1 0.97656250 0.01953125 0.04687500 0.03906250
1 0.45546875 0.23828125 0.10468750 0.04531250
1 0.01562500 0.68593750 0.03125000 0.09375000
1 0.12656250 0.61562500 0.04687500 0.10312500
1 0.12968750 0.72968750 0.04062500 0.09687500
1 0.85859375 0.26640625 0.10156250 0.03906250
1 0.44453125 0.04140625 0.10781250 0.04218750
1 0.18515625 0.30078125 0.10156250 0.04218750
1 0.01796875 0.29921875 0.03593750 0.03906250
1 0.98359375 0.33046875 0.03281250 0.04218750
1 0.01875000 0.80703125 0.03750000 0.09531250
1 0.08359375 0.23203125 0.10781250 0.04218750
1 0.06640625 0.71093750 0.04218750 0.09687500
1 0.57656250 0.03125000 0.09687500 0.04062500
1 0.07187500 0.83281250 0.04062500 0.09062500
1 0.02656250 0.96562500 0.04375000 0.06875000
1 0.61796875 0.33437500 0.10781250 0.04687500
1 0.48437500 0.10234375 0.10000000 0.04218750
1 0.83281250 0.19609375 0.10312500 0.04218750
1 0.74765625 0.09218750 0.10156250 0.04062500
1 0.07890625 0.95234375 0.04218750 0.08593750
