1 0.08828125 0.98437500 0.03906250 0.03125000
1 0.02187500 0.35546875 0.04375000 0.07968750
1 0.84218750 0.60312500 0.04062500 0.01562500
1 0.94531250 0.10546875 0.10312500 0.03906250
1 0.03437500 0.53750000 0.04062500 0.08750000
1 0.44765625 0.05078125 0.09531250 0.03906250
1 0.98046875 0.60156250 0.03906250 0.01875000
1 0.08906250 0.84453125 0.04375000 0.10156250
1 0.09218750 0.67421875 0.04375000 0.09843750
1 0.91171875 0.60234375 0.04218750 0.01718750
1 0.02968750 0.80312500 0.04062500 0.09687500
1 0.03593750 0.96328125 0.04062500 0.07343750
1 0.97656250 0.04296875 0.04687500 0.03906250
1 0.52109375 0.11171875 0.10156250 0.04218750
1 0.57968750 0.04218750 0.10000000 0.03750000
1 0.87734375 0.03828125 0.09531250 0.03906250
1 0.65234375 0.10937500 0.10468750 0.04062500
1 0.71171875 0.05000000 0.10156250 0.04062500
1 0.26953125 0.38203125 0.07656250 0.11093750
