2 0.17109375 0.98046875 0.03281250 0.02968750
2 0.80546875 0.21640625 0.02968750 0.02031250
2 0.27812500 0.75156250 0.01875000 0.02187500
2 0.09609375 0.57578125 0.03281250 0.05156250
2 0.15156250 0.77656250 0.02187500 0.01875000
2 0.59687500 0.23515625 0.00937500 0.01406250
2 0.32500000 0.85625000 0.01875000 0.04062500
2 0.04296875 0.57421875 0.06406250 0.02968750
2 0.36093750 0.55781250 0.01875000 0.02500000
2 0.36875000 0.55625000 0.03125000 0.02812500
2 0.02109375 0.57187500 0.02031250 0.02187500
2 0.81406250 0.21718750 0.01562500 0.01562500
2 0.39609375 0.62968750 0.02031250 0.03437500
2 0.92734375 0.85312500 0.01718750 0.02187500
2 0.25937500 0.44531250 0.01250000 0.01875000
2 0.32812500 0.84453125 0.01250000 0.01718750
2 0.32343750 0.86718750 0.01875000 0.02187500
2 0.03125000 0.57187500 0.04062500 0.02500000
2 0.13046875 0.64765625 0.02031250 0.02343750
2 0.26796875 0.74375000 0.03906250 0.03750000
2 0.33125000 0.78515625 0.01562500 0.02343750
2 0.92656250 0.85234375 0.01875000 0.02343750
2 0.28203125 0.45390625 0.01718750 0.01718750
2 0.20703125 0.53828125 0.01406250 0.02031250
2 0.06171875 0.57500000 0.02343750 0.02500000
2 0.03515625 0.57265625 0.03281250 0.02343750
2 0.79765625 0.21796875 0.01406250 0.01406250
2 0.98984375 0.70859375 0.02031250 0.02031250
2 0.05781250 0.57500000 0.02812500 0.02500000
2 0.10703125 0.59453125 0.02968750 0.01406250
2 0.26093750 0.74296875 0.02500000 0.03593750
2 0.35546875 0.92343750 0.01406250 0.02812500
2 0.15156250 0.78359375 0.02500000 0.03281250
2 0.12734375 0.77421875 0.01406250 0.01406250
2 0.20703125 0.53593750 0.01406250 0.02500000
2 0.25546875 0.52812500 0.01718750 0.03125000
2 0.16250000 0.61484375 0.02500000 0.02656250
2 0.88125000 0.96953125 0.01562500 0.02031250
2 0.25625000 0.52890625 0.01562500 0.02968750
2 0.73359375 0.57812500 0.05468750 0.05625000
2 0.59453125 0.23671875 0.01406250 0.01718750
2 0.09453125 0.58203125 0.01718750 0.03593750
2 0.03281250 0.57265625 0.03750000 0.02343750
2 0.09453125 0.59609375 0.01406250 0.01406250
2 0.26406250 0.73437500 0.02187500 0.01875000
2 0.28359375 0.44765625 0.01718750 0.02968750
2 0.32734375 0.84531250 0.01406250 0.02187500
2 0.26328125 0.44687500 0.02031250 0.02500000
2 0.17031250 0.63046875 0.02187500 0.02031250
2 0.16562500 0.62109375 0.03125000 0.03906250
2 0.08359375 0.55703125 0.02031250 0.02343750
2 0.80937500 0.21796875 0.01875000 0.01406250
2 0.98203125 0.98125000 0.02031250 0.03125000
2 0.39453125 0.63750000 0.01406250 0.02187500
2 0.49296875 0.94765625 0.01406250 0.03281250
2 0.09453125 0.57578125 0.01718750 0.02343750
2 0.27656250 0.74453125 0.01875000 0.02343750
2 0.01875000 0.83203125 0.01250000 0.01718750
2 0.40234375 0.62968750 0.03281250 0.03437500
2 0.34140625 0.64140625 0.02031250 0.02031250
2 0.27343750 0.44765625 0.03750000 0.03281250
2 0.98984375 0.70859375 0.02031250 0.02031250
2 0.49531250 0.92890625 0.01875000 0.05468750
2 0.07968750 0.80468750 0.02500000 0.04062500
2 0.34765625 0.89843750 0.01406250 0.02812500
2 0.60625000 0.90156250 0.01562500 0.02812500
2 0.37031250 0.55703125 0.03437500 0.02968750
2 0.33359375 0.78750000 0.02031250 0.02812500
2 0.08828125 0.56953125 0.02968750 0.04843750
2 0.59453125 0.23828125 0.01406250 0.02031250
2 0.60625000 0.91171875 0.01562500 0.02343750
2 0.59296875 0.23828125 0.01093750 0.01718750
2 0.15546875 0.78906250 0.01406250 0.02500000
2 0.06484375 0.57578125 0.02343750 0.02343750
2 0.35468750 0.92421875 0.01250000 0.02656250
2 0.81406250 0.21796875 0.01562500 0.01406250
2 0.16562500 0.61406250 0.02187500 0.02187500
2 0.49609375 0.91562500 0.01406250 0.02812500
2 0.25703125 0.74843750 0.01718750 0.02812500
2 0.27890625 0.44609375 0.02656250 0.03281250
1 0.39453125 0.73046875 0.06406250 0.09218750
1 0.00625000 0.28046875 0.01250000 0.03906250
1 0.98359375 0.02109375 0.03281250 0.04218750
1 0.76718750 0.87031250 0.05937500 0.08750000
1 0.73125000 0.38593750 0.03437500 0.08750000
1 0.01250000 0.45937500 0.02500000 0.03750000
1 0.00703125 0.22421875 0.01406250 0.03906250
1 0.47656250 0.86093750 0.03750000 0.08750000
1 0.03359375 0.52578125 0.06718750 0.03281250
1 0.48203125 0.00781250 0.03593750 0.01562500
1 0.26718750 0.59218750 0.08437500 0.06562500
1 0.01406250 0.40234375 0.02812500 0.03593750
1 0.13593750 0.02968750 0.08750000 0.05937500
1 0.68437500 0.27421875 0.03750000 0.08906250
1 0.53593750 0.50234375 0.04062500 0.08906250
1 0.42031250 0.96875000 0.03437500 0.06250000
1 0.47656250 0.53984375 0.05000000 0.09843750
1 0.46796875 0.20781250 0.03593750 0.09062500
1 0.66562500 0.67421875 0.04375000 0.09531250
1 0.53125000 0.13359375 0.03437500 0.08281250
