1 0.30781250 0.95937500 0.08437500 0.03750000
1 0.20625000 0.83359375 0.08750000 0.03593750
1 0.42578125 0.95468750 0.09531250 0.04375000
1 0.19062500 0.66250000 0.09375000 0.04062500
1 0.68593750 0.77968750 0.09375000 0.03750000
1 0.93593750 0.77500000 0.09687500 0.03750000
1 0.46015625 0.83593750 0.09218750 0.03750000
1 0.91484375 0.89218750 0.09843750 0.03750000
1 0.55000000 0.77500000 0.09375000 0.04062500
1 0.46328125 0.71796875 0.09843750 0.03906250
1 0.17265625 0.60937500 0.08281250 0.02500000
1 0.85625000 0.83593750 0.10312500 0.03750000
1 0.78906250 0.95625000 0.09687500 0.04375000
1 0.95781250 0.83671875 0.08437500 0.03593750
1 0.61562500 0.89609375 0.10625000 0.03906250
1 0.20156250 0.96093750 0.09375000 0.03750000
1 0.35156250 0.71406250 0.09375000 0.04062500
1 0.33750000 0.89375000 0.09062500 0.03750000
1 0.42578125 0.77500000 0.07656250 0.04062500
1 0.70781250 0.60078125 0.03750000 0.02656250
1 0.31875000 0.77812500 0.08437500 0.03437500
1 0.33437500 0.83750000 0.08750000 0.03437500
1 0.71718750 0.83593750 0.09375000 0.03750000
1 0.67265625 0.65078125 0.10156250 0.04218750
1 0.19921875 0.72265625 0.09218750 0.03906250
1 0.21015625 0.77578125 0.07968750 0.03593750
1 0.97890625 0.95078125 0.04218750 0.03593750
1 0.58750000 0.83671875 0.10937500 0.03906250
1 0.54609375 0.95546875 0.08281250 0.03906250
1 0.74843750 0.71796875 0.09687500 0.03593750
1 0.96406250 0.72031250 0.07187500 0.03750000
1 0.75468750 0.90000000 0.10000000 0.03750000
1 0.90937500 0.95937500 0.09062500 0.03750000
1 0.67578125 0.96171875 0.09843750 0.03906250
1 0.46640625 0.89453125 0.09218750 0.04218750
1 0.59687500 0.71171875 0.08437500 0.03906250
1 0.19531250 0.89296875 0.09375000 0.03593750
1 0.85781250 0.72187500 0.08750000 0.03750000
1 0.99531250 0.89218750 0.00937500 0.03125000
1 0.80312500 0.77656250 0.08125000 0.03750000
