2 0.16562500 0.45546875 0.01875000 0.01406250
2 0.18046875 0.56484375 0.01406250 0.02343750
2 0.80546875 0.16875000 0.01406250 0.01562500
2 0.33750000 0.23593750 0.02500000 0.02812500
2 0.43906250 0.13359375 0.02812500 0.03281250
2 0.86484375 0.14609375 0.02031250 0.03593750
2 0.98125000 0.52421875 0.02187500 0.01718750
2 0.23906250 0.01250000 0.01875000 0.02500000
2 0.86015625 0.41484375 0.02031250 0.01718750
2 0.96562500 0.44843750 0.03437500 0.02187500
2 0.22109375 0.44765625 0.02031250 0.02031250
2 0.80390625 0.16953125 0.01406250 0.01406250
2 0.06484375 0.39453125 0.01406250 0.01406250
2 0.04296875 0.62890625 0.01406250 0.02343750
2 0.15859375 0.45078125 0.03281250 0.02343750
2 0.61718750 0.17968750 0.01875000 0.01875000
2 0.98359375 0.52343750 0.03281250 0.01875000
2 0.24843750 0.28125000 0.02500000 0.03750000
2 0.01406250 0.36796875 0.02812500 0.03906250
2 0.37500000 0.31171875 0.02812500 0.02656250
2 0.34062500 0.23046875 0.01875000 0.01718750
2 0.09375000 0.37109375 0.01250000 0.01406250
2 0.94296875 0.48281250 0.03593750 0.01875000
2 0.25703125 0.28593750 0.04218750 0.04687500
2 0.03984375 0.63203125 0.02031250 0.03281250
2 0.97421875 0.52109375 0.01718750 0.01406250
2 0.99296875 0.51875000 0.01406250 0.01250000
2 0.18671875 0.57500000 0.01093750 0.02187500
2 0.32265625 0.43750000 0.09218750 0.04687500
2 0.18203125 0.56171875 0.01406250 0.02031250
2 0.53437500 0.45625000 0.08750000 0.03125000
2 0.22812500 0.38515625 0.01875000 0.01718750
2 0.26640625 0.28984375 0.02656250 0.03281250
2 0.18281250 0.57734375 0.01562500 0.02343750
2 0.21796875 0.45000000 0.03281250 0.02500000
2 0.34375000 0.14843750 0.03125000 0.03750000
2 0.20625000 0.38281250 0.00937500 0.01562500
2 0.18281250 0.56953125 0.01875000 0.03593750
2 0.33203125 0.24140625 0.01406250 0.01718750
2 0.86015625 0.41562500 0.02031250 0.01875000
2 0.78359375 0.40468750 0.02031250 0.01875000
2 0.60078125 0.15312500 0.02343750 0.01875000
2 0.08515625 0.39062500 0.01718750 0.01562500
2 0.21093750 0.45312500 0.01875000 0.01875000
2 0.59453125 0.17578125 0.02031250 0.01718750
2 0.22812500 0.38593750 0.01875000 0.01875000
2 0.98593750 0.52578125 0.01562500 0.01406250
2 0.08437500 0.38984375 0.01875000 0.01718750
2 0.03359375 0.63906250 0.01718750 0.01875000
2 0.00625000 0.34531250 0.01250000 0.00937500
2 0.99140625 0.52187500 0.01718750 0.01562500
2 0.36796875 0.41796875 0.01406250 0.01718750
2 0.95859375 0.44531250 0.02031250 0.01562500
2 0.25546875 0.27421875 0.01718750 0.02968750
2 0.84609375 0.03828125 0.01718750 0.02968750
2 0.97656250 0.44609375 0.01250000 0.01718750
2 0.98437500 0.52578125 0.01562500 0.01406250
2 0.34843750 0.15468750 0.02187500 0.02187500
2 0.98437500 0.20234375 0.02500000 0.02343750
2 0.28437500 0.45156250 0.01562500 0.01875000
2 0.26171875 0.50078125 0.02343750 0.02656250
2 0.07812500 0.38359375 0.04062500 0.03593750
2 0.37187500 0.31250000 0.02187500 0.02500000
2 0.52109375 0.08906250 0.01093750 0.01875000
2 0.14921875 0.44453125 0.01718750 0.01718750
2 0.21953125 0.38515625 0.03593750 0.02031250
2 0.32500000 0.13515625 0.01875000 0.05781250
1 0.72656250 0.04218750 0.03437500 0.08437500
1 0.67031250 0.06953125 0.03750000 0.08593750
1 0.47109375 0.87343750 0.03593750 0.08750000
1 0.59843750 0.21796875 0.03750000 0.08593750
1 0.48515625 0.34296875 0.03593750 0.08281250
1 0.54296875 0.03906250 0.04218750 0.07812500
1 0.89453125 0.53593750 0.08281250 0.07187500
1 0.53046875 0.68750000 0.03593750 0.08125000
1 0.60234375 0.01406250 0.03906250 0.02812500
1 0.71015625 0.98984375 0.03593750 0.02031250
1 0.28984375 0.40625000 0.02968750 0.01875000
1 0.69062500 0.56953125 0.04375000 0.09531250
1 0.49453125 0.04062500 0.03593750 0.08125000
1 0.28984375 0.45078125 0.02968750 0.02031250
1 0.02109375 0.90390625 0.04218750 0.04843750
1 0.54140625 0.32500000 0.03906250 0.09062500
1 0.60781250 0.09921875 0.03750000 0.08906250
1 0.65156250 0.89609375 0.03750000 0.09218750
1 0.67343750 0.71718750 0.03125000 0.07187500
1 0.01953125 0.97031250 0.03906250 0.05000000
1 0.79765625 0.44765625 0.07656250 0.08906250
