1 0.44062500 0.97031250 0.09687500 0.04062500
1 0.60859375 0.90625000 0.08906250 0.03750000
1 0.94375000 0.35156250 0.09375000 0.09375000
1 0.96640625 0.94921875 0.06718750 0.04218750
1 0.84140625 0.42421875 0.10468750 0.05468750
1 0.02890625 0.98203125 0.05781250 0.03593750
1 0.30078125 0.97890625 0.09531250 0.04218750
1 0.16250000 0.97890625 0.10937500 0.04218750
1 0.48046875 0.91171875 0.09218750 0.04531250
1 0.87343750 0.89296875 0.09687500 0.03906250
1 0.09218750 0.92031250 0.10625000 0.04062500
1 0.97343750 0.89062500 0.05312500 0.03750000
1 0.86328125 0.95390625 0.09843750 0.03906250
1 0.71093750 0.95937500 0.09687500 0.03750000
1 0.73046875 0.90078125 0.08593750 0.03906250
1 0.57187500 0.96718750 0.09687500 0.03750000
1 0.36562500 0.91484375 0.10312500 0.04218750
