0 0.53671875 0.00703125 0.22343750 0.01406250
0 0.62500000 0.26484375 0.27500000 0.10468750
1 0.94218750 0.09453125 0.10625000 0.04218750
1 0.42265625 0.58281250 0.03593750 0.03437500
1 0.64765625 0.10312500 0.10156250 0.04062500
1 0.97343750 0.03515625 0.05312500 0.04218750
1 0.84062500 0.59531250 0.04687500 0.01250000
1 0.23359375 0.54765625 0.08281250 0.02343750
1 0.03125000 0.68437500 0.03750000 0.09062500
1 0.91093750 0.59453125 0.04375000 0.01406250
1 0.03281250 0.80390625 0.04062500 0.09218750
1 0.44062500 0.04765625 0.09375000 0.03906250
1 0.25156250 0.54765625 0.04687500 0.02031250
1 0.13906250 0.02187500 0.04687500 0.04375000
1 0.08593750 0.70937500 0.04062500 0.10000000
1 0.35312500 0.53125000 0.05625000 0.03750000
1 0.08906250 0.83281250 0.03750000 0.09375000
1 0.78515625 0.10156250 0.10156250 0.04062500
1 0.03906250 0.96406250 0.04062500 0.07187500
1 0.51718750 0.10781250 0.10312500 0.04062500
1 0.57421875 0.03984375 0.09843750 0.03906250
1 0.87031250 0.02890625 0.09375000 0.04218750
1 0.70625000 0.04375000 0.10312500 0.03750000
1 0.09296875 0.95078125 0.03906250 0.08593750
1 0.97734375 0.59296875 0.04531250 0.01406250
