2 0.40078125 0.98984375 0.04843750 0.02031250
2 0.98906250 0.15078125 0.02187500 0.02968750
2 0.60937500 0.60156250 0.02500000 0.01875000
2 0.60859375 0.58281250 0.03593750 0.02187500
2 0.93984375 0.67265625 0.02656250 0.02343750
2 0.81015625 0.60937500 0.02343750 0.02500000
2 0.96328125 0.81328125 0.02656250 0.02656250
2 0.53671875 0.61875000 0.02343750 0.01875000
2 0.54375000 0.62031250 0.03437500 0.02187500
2 0.24609375 0.77500000 0.01718750 0.02812500
2 0.96953125 0.62421875 0.03281250 0.02343750
2 0.85859375 0.61640625 0.03906250 0.01718750
2 0.99375000 0.65937500 0.01250000 0.02500000
2 0.94765625 0.03359375 0.02031250 0.03593750
2 0.94531250 0.66875000 0.01562500 0.01562500
2 0.99218750 0.64140625 0.01562500 0.02031250
2 0.71406250 0.96484375 0.02812500 0.04843750
2 0.46953125 0.91484375 0.07968750 0.06406250
2 0.90625000 0.98281250 0.04375000 0.03437500
2 0.00859375 0.79921875 0.01718750 0.02031250
2 0.94375000 0.60546875 0.01562500 0.01718750
2 0.56640625 0.70078125 0.02656250 0.01406250
2 0.23281250 0.69921875 0.02187500 0.01093750
2 0.05312500 0.78828125 0.02187500 0.02656250
2 0.11640625 0.97578125 0.04218750 0.04218750
2 0.99531250 0.58203125 0.00937500 0.01093750
2 0.98671875 0.99296875 0.02656250 0.01406250
2 0.89062500 0.95468750 0.02500000 0.02812500
2 0.60859375 0.59140625 0.03593750 0.03906250
2 0.67187500 0.98750000 0.03125000 0.02500000
2 0.83359375 0.85625000 0.02343750 0.02187500
2 0.98437500 0.56953125 0.01562500 0.02031250
2 0.93437500 0.65234375 0.02500000 0.02031250
2 0.95546875 0.53125000 0.01406250 0.01562500
2 0.98828125 0.57187500 0.02343750 0.02812500
2 0.99453125 0.66015625 0.01093750 0.02343750
2 0.31796875 0.98125000 0.01718750 0.02500000
2 0.94296875 0.80000000 0.01406250 0.01875000
1 0.66640625 0.24531250 0.08906250 0.03750000
1 0.09687500 0.36953125 0.09375000 0.04218750
1 0.79140625 0.24140625 0.08906250 0.03906250
1 0.68984375 0.24531250 0.04218750 0.03750000
1 0.84062500 0.54140625 0.09375000 0.03906250
1 0.77421875 0.42343750 0.09843750 0.04375000
1 0.09140625 0.43671875 0.09218750 0.04218750
1 0.38593750 0.43203125 0.09375000 0.03906250
1 0.01640625 0.49062500 0.03281250 0.03437500
1 0.22500000 0.37421875 0.10000000 0.03281250
1 0.00625000 0.37656250 0.01250000 0.03750000
1 0.43828125 0.55781250 0.10468750 0.04062500
1 0.54921875 0.48281250 0.07968750 0.03750000
1 0.12031250 0.49531250 0.10937500 0.03750000
1 0.51015625 0.37343750 0.09531250 0.03750000
1 0.22343750 0.43203125 0.10000000 0.04218750
1 0.38359375 0.36875000 0.08593750 0.04375000
1 0.00468750 0.43750000 0.00937500 0.02812500
1 0.28359375 0.49609375 0.09531250 0.03593750
1 0.64140625 0.42656250 0.08906250 0.04062500
1 0.28750000 0.23906250 0.09687500 0.06250000
1 0.75859375 0.30625000 0.08906250 0.03750000
1 0.75937500 0.36406250 0.09062500 0.03750000
1 0.78750000 0.48281250 0.08437500 0.03750000
1 0.32421875 0.10937500 0.05156250 0.09062500
1 0.42187500 0.48984375 0.09375000 0.03906250
1 0.07421875 0.26015625 0.09843750 0.04843750
1 0.51718750 0.42812500 0.10625000 0.04062500
1 0.67187500 0.48437500 0.10312500 0.04687500
1 0.55937500 0.30625000 0.09062500 0.03437500
1 0.63515625 0.37265625 0.09843750 0.03593750
1 0.18515625 0.55859375 0.09843750 0.04218750
