1 0.91718750 0.10234375 0.10312500 0.03906250
1 0.75234375 0.00546875 0.04531250 0.01093750
1 0.47421875 0.19062500 0.11093750 0.04375000
1 0.77734375 0.10468750 0.11093750 0.04062500
1 0.00468750 0.29609375 0.00937500 0.03906250
1 0.71406250 0.58984375 0.09687500 0.04843750
1 0.15937500 0.11796875 0.08750000 0.03906250
1 0.11484375 0.05859375 0.09531250 0.03593750
1 0.26718750 0.28593750 0.09687500 0.04687500
1 0.78125000 0.28359375 0.10625000 0.04218750
1 0.87578125 0.52265625 0.02656250 0.02343750
1 0.99296875 0.10156250 0.01406250 0.03750000
1 0.51015625 0.60156250 0.04531250 0.01562500
1 0.09296875 0.01093750 0.10156250 0.02187500
1 0.47578125 0.29609375 0.10156250 0.04218750
1 0.42890625 0.10859375 0.11406250 0.04531250
1 0.46796875 0.04765625 0.10468750 0.04531250
