1 0.02656250 0.21093750 0.04375000 0.06875000
1 0.59531250 0.73125000 0.09375000 0.03750000
1 0.76796875 0.96484375 0.08906250 0.03906250
1 0.79296875 0.89765625 0.09531250 0.04218750
1 0.11953125 0.18203125 0.04218750 0.08593750
1 0.42968750 0.95000000 0.08750000 0.04062500
1 0.66562500 0.96015625 0.08437500 0.03906250
1 0.67421875 0.89687500 0.09531250 0.03750000
1 0.12812500 0.42656250 0.04375000 0.07187500
1 0.36953125 0.31328125 0.04843750 0.09843750
1 0.54531250 0.95937500 0.09062500 0.03437500
1 0.55859375 0.37578125 0.03906250 0.09218750
