1 0.96484375 0.04296875 0.07031250 0.03593750
1 0.89921875 0.28359375 0.09218750 0.03593750
1 0.35078125 0.02734375 0.09843750 0.04218750
1 0.36015625 0.26484375 0.09531250 0.03906250
1 0.01093750 0.39375000 0.02187500 0.03750000
1 0.23203125 0.19375000 0.08906250 0.03750000
1 0.03750000 0.12265625 0.07500000 0.03906250
1 0.38593750 0.20937500 0.04375000 0.03437500
1 0.41015625 0.21015625 0.09218750 0.03593750
1 0.77187500 0.16406250 0.08125000 0.03750000
1 0.15312500 0.35781250 0.09375000 0.03750000
1 0.97109375 0.47968750 0.05781250 0.03437500
1 0.19140625 0.26562500 0.08906250 0.03750000
1 0.98203125 0.16796875 0.03593750 0.04218750
1 0.41328125 0.39453125 0.09531250 0.03593750
1 0.54609375 0.27343750 0.08906250 0.03437500
1 0.72812500 0.40000000 0.09375000 0.06562500
1 0.50781250 0.15390625 0.09062500 0.03593750
1 0.71171875 0.35546875 0.09843750 0.03906250
1 0.59843750 0.09843750 0.09375000 0.04375000
1 0.85703125 0.10468750 0.08906250 0.04375000
1 0.69140625 0.22109375 0.08281250 0.03906250
1 0.77421875 0.03906250 0.09218750 0.03750000
0 0.32812500 0.08750000 0.24062500 0.05312500
0 0.54218750 0.47343750 0.23437500 0.05312500
