1 0.42656250 0.83750000 0.05000000 0.09375000
1 0.71875000 0.68750000 0.03750000 0.07812500
1 0.02031250 0.41796875 0.04062500 0.03906250
1 0.14531250 0.57265625 0.04375000 0.04531250
1 0.01171875 0.35937500 0.02343750 0.03750000
1 0.86328125 0.66562500 0.07343750 0.07812500
1 0.67812500 0.14375000 0.04062500 0.08750000
1 0.73437500 0.94296875 0.03750000 0.08593750
1 0.03671875 0.47500000 0.07343750 0.04687500
1 0.66796875 0.67890625 0.03906250 0.08281250
1 0.59609375 0.88437500 0.03906250 0.08125000
1 0.01250000 0.30234375 0.02500000 0.03593750
1 0.60312500 0.13125000 0.04062500 0.09062500
1 0.60234375 0.01953125 0.03906250 0.03906250
1 0.68046875 0.40000000 0.03593750 0.07812500
1 0.32500000 0.59453125 0.07812500 0.07656250
2 0.17812500 0.98984375 0.03437500 0.02031250
2 0.26328125 0.75078125 0.02343750 0.02656250
2 0.16015625 0.61406250 0.02656250 0.03750000
2 0.14062500 0.68671875 0.03125000 0.02656250
2 0.27656250 0.76250000 0.02187500 0.02500000
2 0.79765625 0.76875000 0.01406250 0.01562500
2 0.78359375 0.71406250 0.01718750 0.03750000
2 0.88359375 0.79531250 0.01718750 0.02187500
2 0.65781250 0.64765625 0.01562500 0.02343750
2 0.27265625 0.58828125 0.01718750 0.01718750
2 0.19453125 0.69296875 0.01718750 0.01718750
2 0.33203125 0.88125000 0.01406250 0.02812500
2 0.26093750 0.75156250 0.02187500 0.02812500
2 0.15859375 0.63906250 0.03593750 0.02187500
2 0.88671875 0.79531250 0.02343750 0.02187500
2 0.87187500 0.89843750 0.02187500 0.03125000
2 0.82578125 0.20312500 0.02656250 0.03125000
2 0.17812500 0.32421875 0.01562500 0.02968750
2 0.16015625 0.65312500 0.02031250 0.01875000
2 0.18671875 0.62890625 0.03281250 0.02343750
2 0.03281250 0.58281250 0.02500000 0.01875000
2 0.94921875 0.79921875 0.03906250 0.02656250
2 0.16718750 0.72265625 0.01875000 0.02031250
2 0.88359375 0.87031250 0.01718750 0.01562500
2 0.82968750 0.19921875 0.01875000 0.02031250
2 0.35468750 0.83203125 0.01562500 0.03593750
2 0.71015625 0.91718750 0.01406250 0.02187500
2 0.14375000 0.79531250 0.03750000 0.01875000
2 0.20546875 0.59843750 0.03906250 0.02500000
2 0.13203125 0.66328125 0.02031250 0.02343750
2 0.22890625 0.65312500 0.03906250 0.02187500
2 0.04140625 0.58046875 0.02031250 0.01406250
2 0.98125000 0.52187500 0.03750000 0.06250000
2 0.14140625 0.41875000 0.01718750 0.02187500
2 0.16093750 0.64531250 0.03125000 0.03437500
2 0.85156250 0.98359375 0.02187500 0.02031250
2 0.87265625 0.77656250 0.02343750 0.02187500
2 0.13046875 0.66953125 0.01718750 0.01406250
2 0.14609375 0.68671875 0.02031250 0.02343750
2 0.07265625 0.59218750 0.01406250 0.01562500
2 0.22890625 0.57656250 0.02343750 0.02812500
2 0.88359375 0.87500000 0.02031250 0.02500000
2 0.11484375 0.60859375 0.02031250 0.02031250
2 0.08203125 0.59140625 0.03281250 0.01718750
2 0.13125000 0.79296875 0.01562500 0.01406250
2 0.02500000 0.58203125 0.01562500 0.01718750
2 0.93828125 0.80390625 0.02031250 0.01718750
2 0.67968750 0.88359375 0.01562500 0.01406250
2 0.35546875 0.91953125 0.01406250 0.04218750
2 0.08984375 0.59296875 0.01718750 0.01718750
2 0.08515625 0.80781250 0.02343750 0.01875000
2 0.22031250 0.30937500 0.01875000 0.02187500
2 0.81484375 0.88906250 0.02343750 0.02500000
2 0.26796875 0.75546875 0.03593750 0.03593750
2 0.73593750 0.58671875 0.05312500 0.05156250
2 0.96953125 0.53125000 0.01718750 0.02187500
2 0.89375000 0.73984375 0.01562500 0.02343750
2 0.49765625 0.95468750 0.02656250 0.04062500
2 0.15000000 0.79687500 0.02500000 0.01875000
2 0.95781250 0.79765625 0.02187500 0.02343750
2 0.83515625 0.82500000 0.02343750 0.02812500
