1 0.97265625 0.15468750 0.04218750 0.10312500
1 0.45390625 0.50156250 0.06406250 0.09687500
1 0.18046875 0.20781250 0.06093750 0.10312500
1 0.65546875 0.04843750 0.03906250 0.09687500
1 0.80859375 0.60312500 0.06718750 0.10000000
1 0.95781250 0.77734375 0.08437500 0.08593750
1 0.07343750 0.89531250 0.09687500 0.04062500
1 0.58750000 0.21718750 0.04062500 0.09687500
1 0.53671875 0.03203125 0.04218750 0.06406250
1 0.19765625 0.08828125 0.04218750 0.10156250
1 0.42421875 0.18437500 0.04843750 0.10000000
1 0.96328125 0.48203125 0.07343750 0.08593750
1 0.53046875 0.37109375 0.03593750 0.09218750
1 0.33125000 0.75546875 0.10312500 0.04531250
1 0.52265625 0.83593750 0.08906250 0.07500000
1 0.06328125 0.95546875 0.09843750 0.03906250
1 0.53671875 0.20312500 0.04218750 0.10312500
1 0.47343750 0.36171875 0.04375000 0.09218750
1 0.70625000 0.97578125 0.13125000 0.04843750
1 0.19687500 0.89062500 0.10312500 0.04062500
1 0.14921875 0.34296875 0.10468750 0.10781250
1 0.04687500 0.42343750 0.09375000 0.05000000
1 0.89843750 0.13750000 0.03750000 0.10000000
1 0.47343750 0.08671875 0.03750000 0.09531250
1 0.59609375 0.07031250 0.03906250 0.10000000
1 0.76171875 0.42187500 0.05781250 0.09375000
1 0.65156250 0.19218750 0.04375000 0.11250000
1 0.18906250 0.95000000 0.10312500 0.04687500
1 0.88750000 0.31093750 0.05312500 0.09687500
2 0.60625000 0.44375000 0.01562500 0.01250000
2 0.64375000 0.79140625 0.01562500 0.02031250
2 0.42968750 0.43750000 0.02812500 0.03125000
2 0.44140625 0.41875000 0.01093750 0.01562500
2 0.96562500 0.05078125 0.01250000 0.01718750
2 0.33046875 0.40000000 0.02031250 0.01875000
2 0.71875000 0.83906250 0.03437500 0.04062500
2 0.51015625 0.53515625 0.01718750 0.01406250
2 0.30937500 0.57890625 0.02812500 0.03281250
2 0.73125000 0.88515625 0.03437500 0.02656250
2 0.28984375 0.38828125 0.02968750 0.02343750
2 0.42734375 0.62031250 0.01718750 0.01562500
2 0.59843750 0.45312500 0.03125000 0.03437500
2 0.29609375 0.54062500 0.03593750 0.03437500
2 0.72578125 0.88281250 0.02343750 0.02187500
2 0.28906250 0.53281250 0.02187500 0.01875000
2 0.01250000 0.48125000 0.02187500 0.01250000
2 0.83125000 0.86875000 0.07812500 0.05937500
2 0.86953125 0.03593750 0.01406250 0.01562500
2 0.81015625 0.85625000 0.03281250 0.03437500
2 0.33203125 0.41796875 0.02343750 0.01718750
2 0.43906250 0.42812500 0.01562500 0.03125000
2 0.07968750 0.51953125 0.00937500 0.01093750
2 0.39921875 0.44062500 0.02031250 0.03437500
2 0.19609375 0.41015625 0.03281250 0.03593750
2 0.28671875 0.55937500 0.02031250 0.01875000
2 0.76171875 0.96250000 0.02343750 0.02500000
2 0.42109375 0.43828125 0.02656250 0.02968750
2 0.65625000 0.80546875 0.01562500 0.01406250
2 0.09843750 0.47812500 0.02812500 0.03125000
2 0.59687500 0.44296875 0.01250000 0.01406250
2 0.39687500 0.43515625 0.01562500 0.02343750
2 0.84531250 0.88515625 0.01562500 0.01718750
2 0.17421875 0.47578125 0.02031250 0.01718750
2 0.38046875 0.40078125 0.03281250 0.02343750
2 0.13828125 0.56171875 0.02968750 0.02343750
2 0.92109375 0.04375000 0.01406250 0.01250000
2 0.86015625 0.89140625 0.02031250 0.01406250
2 0.42109375 0.98828125 0.02031250 0.02343750
2 0.35625000 0.18593750 0.02500000 0.06562500
2 0.38828125 0.39765625 0.04531250 0.03281250
2 0.94453125 0.59687500 0.01406250 0.01875000
2 0.62578125 0.84921875 0.02656250 0.02343750
2 0.41171875 0.24531250 0.02343750 0.13437500
2 0.41093750 0.43984375 0.04375000 0.03281250
2 0.33203125 0.40937500 0.02656250 0.03437500
2 0.42421875 0.98203125 0.02656250 0.03593750
2 0.14375000 0.27734375 0.01250000 0.05468750
2 0.60234375 0.44296875 0.02343750 0.01406250
2 0.30546875 0.83593750 0.01406250 0.02187500
2 0.65000000 0.79687500 0.02812500 0.03125000
2 0.42578125 0.98906250 0.02656250 0.02187500
2 0.37500000 0.96015625 0.02187500 0.02656250
2 0.40234375 0.39843750 0.01718750 0.02812500
