2 0.21718750 0.99140625 0.03750000 0.01718750
2 0.38203125 0.89375000 0.03281250 0.02812500
2 0.39218750 0.92890625 0.01250000 0.04531250
2 0.17031250 0.67109375 0.02187500 0.02343750
2 0.09843750 0.60390625 0.02812500 0.01718750
2 0.85390625 0.79687500 0.05468750 0.03437500
2 0.05312500 0.60546875 0.02187500 0.04531250
2 0.96406250 0.92890625 0.01875000 0.03281250
2 0.02500000 0.05937500 0.03125000 0.01875000
2 0.19453125 0.60312500 0.02343750 0.02187500
2 0.38046875 0.97812500 0.01718750 0.02187500
2 0.79218750 0.73125000 0.01562500 0.01250000
2 0.05156250 0.61875000 0.01562500 0.01875000
2 0.28515625 0.76093750 0.04531250 0.03750000
2 0.10546875 0.60312500 0.01406250 0.01562500
2 0.39140625 0.88984375 0.01406250 0.02031250
2 0.47031250 0.70000000 0.03437500 0.02500000
2 0.85000000 0.87578125 0.02187500 0.02656250
2 0.27656250 0.75625000 0.02500000 0.02500000
2 0.16250000 0.54531250 0.01875000 0.01562500
2 0.18828125 0.67343750 0.06093750 0.05000000
2 0.05468750 0.59140625 0.01875000 0.01718750
2 0.20156250 0.81875000 0.01562500 0.01562500
2 0.38671875 0.89296875 0.02343750 0.02656250
2 0.38281250 0.91406250 0.03437500 0.07187500
2 0.76328125 0.88906250 0.02656250 0.02500000
2 0.19687500 0.62265625 0.01875000 0.02968750
2 0.17968750 0.66562500 0.04062500 0.03125000
2 0.23203125 0.62421875 0.01718750 0.02343750
2 0.84062500 0.80625000 0.02500000 0.01562500
2 0.15781250 0.60312500 0.01562500 0.01562500
2 0.20781250 0.68515625 0.01562500 0.02343750
2 0.78359375 0.83515625 0.03281250 0.02343750
2 0.85156250 0.93437500 0.01562500 0.03437500
2 0.02500000 0.05156250 0.05000000 0.03437500
2 0.19531250 0.61562500 0.02500000 0.04375000
2 0.29375000 0.76875000 0.02812500 0.02187500
2 0.05625000 0.85703125 0.01875000 0.01718750
2 0.00703125 0.04687500 0.01406250 0.02812500
2 0.37343750 0.89218750 0.01875000 0.02500000
2 0.93437500 0.78828125 0.03125000 0.02343750
2 0.12187500 0.81640625 0.02187500 0.02031250
2 0.37968750 0.89687500 0.01875000 0.02187500
2 0.78984375 0.92578125 0.02968750 0.02031250
2 0.11015625 0.95234375 0.03281250 0.02968750
2 0.86562500 0.79531250 0.02812500 0.03125000
2 0.19140625 0.65546875 0.01718750 0.01406250
2 0.18828125 0.81093750 0.04218750 0.04375000
2 0.98828125 0.88593750 0.02343750 0.02187500
2 0.17421875 0.79609375 0.01406250 0.01406250
1 0.84296875 0.20078125 0.07656250 0.07031250
1 0.98515625 0.58437500 0.02968750 0.04375000
1 0.02578125 0.54375000 0.05156250 0.03750000
1 0.03046875 0.25000000 0.06093750 0.03750000
1 0.03750000 0.30546875 0.07500000 0.05468750
1 0.01875000 0.42578125 0.03750000 0.04218750
1 0.01406250 0.36562500 0.02812500 0.03750000
1 0.21640625 0.22187500 0.08281250 0.07187500
1 0.02734375 0.48203125 0.05468750 0.04218750
1 0.47656250 0.52343750 0.06875000 0.09375000
1 0.63906250 0.90078125 0.04062500 0.09218750
1 0.54218750 0.24921875 0.08750000 0.07031250
1 0.73593750 0.03515625 0.06875000 0.07031250
