2 0.83359375 0.56953125 0.02031250 0.01718750
2 0.81093750 0.58437500 0.01562500 0.01875000
2 0.85390625 0.56562500 0.02031250 0.01875000
2 0.94921875 0.78906250 0.04218750 0.03125000
2 0.90000000 0.60937500 0.02812500 0.01875000
2 0.91796875 0.60625000 0.03906250 0.03437500
2 0.94531250 0.78203125 0.03437500 0.02031250
2 0.05390625 0.66796875 0.02343750 0.01406250
2 0.46015625 0.84687500 0.02343750 0.02187500
2 0.93828125 0.65156250 0.02968750 0.02500000
2 0.50703125 0.64531250 0.01406250 0.01875000
2 0.28750000 0.67890625 0.02812500 0.01718750
2 0.87187500 0.59765625 0.03437500 0.02343750
2 0.96171875 0.79218750 0.01718750 0.02500000
2 0.16406250 0.65625000 0.01562500 0.01250000
2 0.88125000 0.59609375 0.01875000 0.01718750
2 0.92578125 0.60156250 0.02343750 0.02500000
2 0.93437500 0.77968750 0.01562500 0.01562500
2 0.97656250 0.98359375 0.03750000 0.03281250
2 0.82734375 0.57500000 0.02343750 0.02500000
2 0.96796875 0.65234375 0.01718750 0.02343750
2 0.91093750 0.61484375 0.02500000 0.01718750
1 0.87656250 0.13984375 0.09062500 0.04218750
1 0.91093750 0.08281250 0.08750000 0.03437500
1 0.55312500 0.22656250 0.09062500 0.04062500
1 0.89765625 0.34531250 0.08593750 0.03750000
1 0.39609375 0.97343750 0.04843750 0.05312500
1 0.05781250 0.21875000 0.08750000 0.04062500
1 0.11015625 0.02500000 0.09531250 0.04062500
1 0.88828125 0.46796875 0.09218750 0.03593750
1 0.64140625 0.28515625 0.08593750 0.04218750
1 0.81796875 0.03046875 0.08593750 0.03906250
1 0.03984375 0.34296875 0.07968750 0.03593750
1 0.04609375 0.08671875 0.09218750 0.03906250
1 0.30625000 0.40625000 0.08125000 0.03437500
1 0.90390625 0.40859375 0.08593750 0.03593750
1 0.27734375 0.28671875 0.09218750 0.03593750
1 0.29687500 0.21484375 0.09062500 0.04218750
1 0.40078125 0.28437500 0.09218750 0.03437500
1 0.58515625 0.08046875 0.08593750 0.03593750
1 0.06875000 0.14375000 0.09062500 0.03750000
1 0.15625000 0.28359375 0.08750000 0.03906250
1 0.81015625 0.29296875 0.09531250 0.03593750
1 0.17109375 0.22812500 0.09531250 0.03750000
1 0.03437500 0.28046875 0.06875000 0.03593750
1 0.89609375 0.53515625 0.08906250 0.03906250
1 0.43281250 0.14140625 0.10312500 0.04218750
1 0.44062500 0.22968750 0.08437500 0.03437500
1 0.52421875 0.28593750 0.09218750 0.03750000
1 0.64843750 0.12890625 0.09375000 0.03906250
1 0.73593750 0.52968750 0.08437500 0.04062500
1 0.66093750 0.34687500 0.09062500 0.03750000
1 0.80937500 0.23125000 0.08437500 0.03750000
1 0.68437500 0.23515625 0.09062500 0.03593750
1 0.62031250 0.46171875 0.08750000 0.03906250
1 0.28281250 0.46171875 0.08437500 0.04531250
