1 0.37109375 0.35000000 0.08906250 0.03750000
1 0.63203125 0.02656250 0.08593750 0.04687500
1 0.31640625 0.61484375 0.08281250 0.07031250
1 0.38828125 0.23671875 0.09218750 0.04218750
1 0.87656250 0.00781250 0.07500000 0.01562500
1 0.87656250 0.47890625 0.09062500 0.03593750
1 0.01875000 0.41015625 0.03750000 0.03593750
1 0.01640625 0.14843750 0.03281250 0.03750000
1 0.91484375 0.35000000 0.08593750 0.03750000
1 0.06250000 0.46406250 0.09062500 0.04687500
1 0.18046875 0.14843750 0.09531250 0.03750000
1 0.12500000 0.01875000 0.09687500 0.03750000
1 0.38359375 0.02109375 0.08906250 0.03906250
1 0.18359375 0.28906250 0.09531250 0.03750000
1 0.31953125 0.16484375 0.08906250 0.03906250
1 0.62031250 0.34765625 0.09062500 0.03906250
1 0.05546875 0.22968750 0.08593750 0.03437500
1 0.74218750 0.09140625 0.09687500 0.03906250
1 0.55781250 0.40781250 0.08437500 0.03750000
1 0.96250000 0.26250000 0.07500000 0.04375000
1 0.56484375 0.47500000 0.09218750 0.03750000
1 0.20781250 0.07187500 0.09375000 0.04062500
1 0.34140625 0.46406250 0.08593750 0.04375000
1 0.76953125 0.41171875 0.08906250 0.03593750
1 0.45703125 0.07812500 0.09843750 0.04375000
1 0.14453125 0.53906250 0.07968750 0.04375000
1 0.47500000 0.94375000 0.04062500 0.08437500
2 0.27187500 0.74687500 0.03750000 0.03750000
2 0.74218750 0.61718750 0.01250000 0.01562500
2 0.47421875 0.54609375 0.02656250 0.02031250
2 0.07656250 0.59140625 0.04062500 0.03593750
2 0.45078125 0.55390625 0.02968750 0.01718750
2 0.83046875 0.62343750 0.02656250 0.02500000
2 0.23593750 0.66171875 0.02500000 0.02968750
2 0.37656250 0.99218750 0.02812500 0.01562500
2 0.06796875 0.59843750 0.02343750 0.02500000
2 0.13984375 0.65078125 0.02968750 0.02343750
2 0.82734375 0.82812500 0.02031250 0.02500000
2 0.08437500 0.58515625 0.02500000 0.02343750
2 0.27812500 0.65781250 0.03750000 0.05625000
2 0.13125000 0.78046875 0.01250000 0.01406250
2 0.23281250 0.64921875 0.02812500 0.05156250
2 0.82734375 0.88046875 0.03281250 0.04218750
2 0.04687500 0.56562500 0.03437500 0.01875000
2 0.91953125 0.81250000 0.01718750 0.02500000
2 0.82031250 0.80703125 0.03437500 0.06718750
2 0.29609375 0.69687500 0.02343750 0.03437500
2 0.14453125 0.78671875 0.03906250 0.02656250
2 0.23046875 0.63437500 0.02343750 0.02187500
2 0.13046875 0.60234375 0.02031250 0.02343750
2 0.26484375 0.74375000 0.02343750 0.03125000
2 0.12031250 0.58750000 0.01875000 0.03125000
2 0.11953125 0.59921875 0.04218750 0.04843750
2 0.82968750 0.88750000 0.01875000 0.02812500
2 0.28828125 0.64765625 0.02343750 0.02343750
2 0.81328125 0.78281250 0.02031250 0.01562500
2 0.16796875 0.65156250 0.01406250 0.02500000
2 0.14843750 0.65078125 0.05000000 0.02343750
2 0.74765625 0.61093750 0.02343750 0.02500000
2 0.27031250 0.64296875 0.02187500 0.02968750
2 0.86093750 0.88828125 0.02187500 0.02343750
2 0.11171875 0.61562500 0.02656250 0.01562500
2 0.04140625 0.56718750 0.02343750 0.01562500
2 0.33359375 0.87109375 0.02031250 0.02968750
2 0.08593750 0.79531250 0.01875000 0.01875000
2 0.86953125 0.92812500 0.01718750 0.02500000
2 0.27890625 0.64531250 0.03593750 0.03125000
2 0.27812500 0.75312500 0.02812500 0.02500000
2 0.67500000 0.94140625 0.02187500 0.03593750
2 0.46093750 0.55000000 0.05000000 0.02500000
2 0.15468750 0.78437500 0.01562500 0.01875000
2 0.77968750 0.59062500 0.01875000 0.02187500
2 0.75156250 0.60546875 0.01562500 0.01406250
2 0.73750000 0.58203125 0.05312500 0.06093750
2 0.83437500 0.61796875 0.01875000 0.01406250
2 0.15625000 0.78906250 0.01875000 0.03125000
