1 0.31953125 0.97031250 0.08593750 0.04062500
1 0.61250000 0.79453125 0.09687500 0.03593750
1 0.16171875 0.72578125 0.09843750 0.03906250
1 0.96484375 0.61640625 0.07031250 0.03906250
1 0.78750000 0.90937500 0.09687500 0.03750000
1 0.98750000 0.79921875 0.02500000 0.03906250
1 0.88125000 0.97500000 0.10312500 0.03750000
1 0.32656250 0.78984375 0.08125000 0.04218750
1 0.41796875 0.90625000 0.09218750 0.03750000
1 0.45078125 0.84843750 0.08906250 0.03437500
1 0.51015625 0.73046875 0.08906250 0.03593750
1 0.18593750 0.89687500 0.09062500 0.03750000
1 0.93281250 0.85703125 0.08750000 0.03906250
1 0.30234375 0.90156250 0.09218750 0.03750000
1 0.99375000 0.91640625 0.01250000 0.03593750
1 0.54609375 0.90937500 0.08906250 0.03437500
1 0.33046875 0.84609375 0.08593750 0.03593750
1 0.54687500 0.97578125 0.10000000 0.03593750
1 0.21406250 0.96718750 0.09687500 0.04062500
1 0.28750000 0.73359375 0.09062500 0.03593750
1 0.17500000 0.61093750 0.07187500 0.03437500
1 0.56953125 0.64687500 0.04218750 0.01875000
1 0.21718750 0.84453125 0.09375000 0.03906250
1 0.84765625 0.79453125 0.09531250 0.03593750
1 0.73281250 0.79843750 0.08750000 0.03750000
1 0.42890625 0.96796875 0.09531250 0.03593750
1 0.90312500 0.91406250 0.10000000 0.03437500
1 0.20078125 0.78671875 0.09218750 0.03593750
1 0.97656250 0.97578125 0.04687500 0.03906250
1 0.70078125 0.85312500 0.07343750 0.03437500
1 0.40234375 0.73203125 0.08281250 0.03593750
1 0.97734375 0.73750000 0.04531250 0.03750000
1 0.66875000 0.90859375 0.09062500 0.03593750
1 0.48281250 0.79140625 0.09687500 0.04218750
1 0.58515625 0.85156250 0.10468750 0.04062500
1 0.87343750 0.74453125 0.08750000 0.03593750
1 0.65156250 0.97187500 0.09375000 0.03750000
1 0.80781250 0.85703125 0.08750000 0.04218750
1 0.76953125 0.97500000 0.08906250 0.03750000
0 0.70156250 0.73203125 0.25312500 0.05781250
