0 0.92109375 0.31640625 0.15781250 0.05468750
1 0.63828125 0.19218750 0.09531250 0.03750000
1 0.40000000 0.36953125 0.09687500 0.03906250
1 0.62890625 0.25156250 0.08281250 0.03750000
1 0.85781250 0.19140625 0.10937500 0.04218750
1 0.75468750 0.24765625 0.09375000 0.04218750
1 0.39062500 0.30937500 0.10312500 0.03750000
1 0.86796875 0.37265625 0.10781250 0.04218750
1 0.22109375 0.19531250 0.09843750 0.04062500
1 0.01562500 0.19453125 0.03125000 0.03906250
1 0.63828125 0.36718750 0.07343750 0.03750000
1 0.10546875 0.37265625 0.10468750 0.04218750
1 0.49453125 0.19375000 0.10468750 0.04062500
1 0.11093750 0.20000000 0.10312500 0.03750000
1 0.14609375 0.31250000 0.09843750 0.04375000
1 0.67734375 0.32500000 0.09218750 0.05000000
1 0.03671875 0.25546875 0.07343750 0.03593750
1 0.33125000 0.20000000 0.10000000 0.04062500
1 0.53515625 0.31015625 0.09531250 0.04218750
1 0.47890625 0.25390625 0.10468750 0.03906250
1 0.02500000 0.07421875 0.05000000 0.04218750
1 0.30312500 0.25390625 0.10000000 0.03906250
1 0.79062500 0.30234375 0.09062500 0.03906250
