2 0.17812500 0.98281250 0.03437500 0.03437500
2 0.78203125 0.58750000 0.01718750 0.02187500
2 0.40703125 0.70312500 0.02031250 0.01562500
2 0.15546875 0.78203125 0.02031250 0.01718750
2 0.28046875 0.75156250 0.02031250 0.02500000
2 0.81562500 0.78125000 0.02187500 0.01250000
2 0.06718750 0.60000000 0.02187500 0.02500000
2 0.81484375 0.78359375 0.02343750 0.01718750
2 0.41796875 0.69921875 0.03906250 0.02343750
2 0.09765625 0.81093750 0.03593750 0.04687500
2 0.86328125 0.89609375 0.02656250 0.03906250
2 0.77578125 0.59453125 0.02968750 0.03593750
2 0.61250000 0.90625000 0.01875000 0.01875000
2 0.75156250 0.61796875 0.01875000 0.01718750
2 0.10859375 0.61640625 0.02031250 0.01718750
2 0.23515625 0.66250000 0.02343750 0.02500000
2 0.13906250 0.65156250 0.02812500 0.02500000
2 0.12734375 0.60000000 0.02343750 0.02500000
2 0.27187500 0.74687500 0.03125000 0.03437500
2 0.83125000 0.89062500 0.01875000 0.02187500
2 0.71796875 0.65625000 0.01406250 0.01250000
2 0.78203125 0.58750000 0.01718750 0.02187500
2 0.68203125 0.87109375 0.01718750 0.02968750
2 0.83125000 0.86953125 0.02187500 0.02656250
2 0.05625000 0.81015625 0.04375000 0.04218750
2 0.81718750 0.79062500 0.02812500 0.03437500
2 0.07343750 0.59843750 0.03125000 0.02500000
2 0.91953125 0.80859375 0.01406250 0.01718750
2 0.16328125 0.79453125 0.01718750 0.02343750
2 0.41250000 0.70156250 0.03125000 0.01875000
2 0.08046875 0.92812500 0.02656250 0.02500000
2 0.77031250 0.60390625 0.01875000 0.01718750
2 0.26718750 0.74375000 0.01875000 0.02812500
2 0.41250000 0.85000000 0.04062500 0.02812500
2 0.70625000 0.90390625 0.01875000 0.02968750
2 0.14765625 0.78125000 0.03593750 0.01875000
2 0.12656250 0.60078125 0.02500000 0.02656250
2 0.26015625 0.66015625 0.02656250 0.02656250
2 0.26796875 0.74609375 0.02343750 0.03281250
2 0.26406250 0.66328125 0.02500000 0.02343750
2 0.24921875 0.66093750 0.05156250 0.02812500
2 0.11953125 0.60625000 0.03906250 0.03750000
2 0.87031250 0.92500000 0.02187500 0.04062500
2 0.26171875 0.66093750 0.02656250 0.02812500
2 0.08906250 0.79453125 0.01875000 0.01718750
2 0.73671875 0.57890625 0.05156250 0.05468750
2 0.23281250 0.66250000 0.01875000 0.02500000
2 0.72734375 0.65703125 0.03281250 0.01406250
2 0.16875000 0.65000000 0.02187500 0.02812500
2 0.33359375 0.86796875 0.02031250 0.02968750
2 0.34453125 0.64453125 0.02968750 0.02968750
2 0.11093750 0.61718750 0.02187500 0.01875000
2 0.07343750 0.59296875 0.03125000 0.01406250
2 0.40625000 0.70312500 0.01875000 0.01562500
2 0.49843750 0.94453125 0.03125000 0.03593750
2 0.73437500 0.65703125 0.01875000 0.01406250
2 0.02890625 0.83359375 0.01406250 0.01406250
2 0.92031250 0.80703125 0.01250000 0.01406250
2 0.86093750 0.88750000 0.02187500 0.02187500
2 0.88359375 0.96953125 0.01093750 0.01718750
2 0.70546875 0.92265625 0.01718750 0.02656250
2 0.70781250 0.89140625 0.02187500 0.04218750
2 0.40156250 0.84453125 0.02187500 0.02031250
2 0.42265625 0.69921875 0.02968750 0.02343750
2 0.82734375 0.87968750 0.02031250 0.03750000
2 0.15000000 0.78906250 0.04062500 0.03437500
2 0.75078125 0.61875000 0.02031250 0.01875000
2 0.09296875 0.80937500 0.04218750 0.05000000
2 0.27656250 0.58125000 0.01562500 0.01562500
2 0.83203125 0.88437500 0.02031250 0.03437500
1 0.93593750 0.09843750 0.09062500 0.03750000
1 0.39687500 0.35546875 0.07812500 0.03906250
1 0.97578125 0.04296875 0.04843750 0.03593750
1 0.96250000 0.26328125 0.07500000 0.04218750
1 0.01718750 0.29218750 0.03437500 0.03750000
1 0.58203125 0.13437500 0.09218750 0.04375000
1 0.83906250 0.47343750 0.09687500 0.03750000
1 0.02656250 0.15546875 0.05312500 0.03593750
1 0.03671875 0.40625000 0.07343750 0.04687500
1 0.26406250 0.08515625 0.08750000 0.03593750
1 0.29531250 0.40859375 0.08437500 0.04531250
1 0.41796875 0.01875000 0.08906250 0.03750000
1 0.14453125 0.12890625 0.08593750 0.03593750
1 0.19531250 0.34609375 0.09062500 0.03593750
1 0.41015625 0.14609375 0.09531250 0.03906250
1 0.77421875 0.14765625 0.09531250 0.03906250
1 0.28515625 0.24296875 0.09218750 0.03906250
1 0.92187500 0.39375000 0.08125000 0.03750000
1 0.02578125 0.23203125 0.05156250 0.03906250
1 0.90781250 0.20156250 0.09062500 0.03750000
1 0.59218750 0.41796875 0.09062500 0.03593750
1 0.41953125 0.46015625 0.07968750 0.03593750
1 0.09296875 0.03125000 0.08593750 0.03750000
1 0.77421875 0.35625000 0.09531250 0.03437500
1 0.56484375 0.07968750 0.08281250 0.03750000
1 0.08359375 0.47265625 0.10156250 0.03906250
1 0.78125000 0.09531250 0.08750000 0.03125000
1 0.79375000 0.03671875 0.08437500 0.03906250
