1 0.60546875 0.26875000 0.10156250 0.03750000
1 0.53828125 0.52187500 0.08281250 0.04062500
1 0.98125000 0.02421875 0.03750000 0.03593750
1 0.83515625 0.02734375 0.07343750 0.03593750
1 0.76406250 0.15000000 0.07812500 0.03437500
1 0.57734375 0.03281250 0.09531250 0.03750000
1 0.60625000 0.20781250 0.08437500 0.03437500
1 0.88906250 0.27187500 0.08437500 0.03750000
1 0.03906250 0.26640625 0.06562500 0.05156250
1 0.97890625 0.26796875 0.04218750 0.03906250
1 0.03046875 0.77265625 0.06093750 0.09218750
1 0.60234375 0.15000000 0.09531250 0.03750000
1 0.19531250 0.62187500 0.09375000 0.07812500
1 0.91015625 0.14453125 0.10468750 0.04218750
1 0.07421875 0.38203125 0.08593750 0.04843750
1 0.76562500 0.08437500 0.08437500 0.03750000
1 0.71875000 0.20625000 0.09062500 0.04062500
1 0.98828125 0.08281250 0.02343750 0.03437500
1 0.74296875 0.27031250 0.09531250 0.03750000
1 0.62578125 0.08671875 0.08906250 0.03906250
1 0.70390625 0.02968750 0.08593750 0.03750000
1 0.89062500 0.08203125 0.09062500 0.03593750
1 0.84375000 0.20546875 0.08750000 0.03593750
2 0.17968750 0.92890625 0.01562500 0.01406250
2 0.01015625 0.87578125 0.02031250 0.02343750
2 0.00703125 0.88046875 0.01406250 0.01718750
2 0.17421875 0.92578125 0.02656250 0.02031250
2 0.38828125 0.68281250 0.02656250 0.02500000
2 0.26015625 0.71562500 0.02031250 0.02812500
2 0.03125000 0.97500000 0.01562500 0.02500000
2 0.13359375 0.96171875 0.01093750 0.01718750
2 0.10390625 0.98125000 0.01093750 0.01250000
2 0.15546875 0.80625000 0.01406250 0.01562500
2 0.15546875 0.81093750 0.01718750 0.02500000
2 0.16796875 0.92265625 0.01406250 0.01406250
2 0.23437500 0.76875000 0.01562500 0.01562500
2 0.13671875 0.91406250 0.01718750 0.02187500
