1 0.30937500 0.96093750 0.07812500 0.03750000
1 0.54609375 0.95625000 0.08281250 0.03750000
1 0.42578125 0.95703125 0.09843750 0.04218750
1 0.68515625 0.77968750 0.09531250 0.03750000
1 0.93281250 0.77656250 0.10000000 0.03750000
1 0.20468750 0.83515625 0.08750000 0.03593750
1 0.45859375 0.83750000 0.09218750 0.03750000
1 0.91328125 0.89375000 0.09843750 0.03750000
1 0.54843750 0.77656250 0.09375000 0.03750000
1 0.46328125 0.71953125 0.09531250 0.04218750
1 0.85312500 0.83828125 0.10312500 0.03906250
1 0.99296875 0.89296875 0.01406250 0.03281250
1 0.95703125 0.83828125 0.08593750 0.03593750
1 0.19843750 0.96171875 0.09062500 0.03593750
1 0.35000000 0.71562500 0.09375000 0.04062500
1 0.33593750 0.89531250 0.09375000 0.03750000
1 0.42421875 0.77812500 0.07656250 0.04062500
1 0.23593750 0.66406250 0.09375000 0.04062500
1 0.79218750 0.95937500 0.10937500 0.04375000
1 0.33203125 0.83984375 0.08593750 0.03593750
1 0.79765625 0.77734375 0.07968750 0.03593750
1 0.90234375 0.96015625 0.07968750 0.03906250
1 0.19765625 0.72421875 0.09218750 0.03906250
1 0.20859375 0.77812500 0.07968750 0.03750000
1 0.97734375 0.95390625 0.04531250 0.03593750
1 0.58515625 0.83828125 0.11093750 0.03593750
1 0.96328125 0.72187500 0.07343750 0.03750000
1 0.61328125 0.89765625 0.10781250 0.03906250
1 0.67421875 0.96328125 0.09843750 0.03906250
1 0.75156250 0.90156250 0.09687500 0.03750000
1 0.28750000 0.61796875 0.04687500 0.01718750
1 0.46484375 0.89687500 0.09531250 0.04375000
1 0.71328125 0.83750000 0.09531250 0.04062500
1 0.59453125 0.71328125 0.08906250 0.03906250
1 0.19296875 0.89453125 0.09218750 0.03593750
1 0.85625000 0.72500000 0.08750000 0.03437500
1 0.74453125 0.72031250 0.09843750 0.03750000
1 0.31640625 0.78046875 0.08281250 0.03593750
