1 0.79921875 0.20312500 0.09843750 0.03750000
1 0.68359375 0.20234375 0.09218750 0.03593750
1 0.11875000 0.31718750 0.08750000 0.03750000
1 0.51406250 0.32031250 0.09062500 0.03750000
1 0.79140625 0.49765625 0.09531250 0.04218750
1 0.80156250 0.38906250 0.09062500 0.03750000
1 0.17343750 0.37187500 0.08750000 0.04062500
1 0.04140625 0.36796875 0.08281250 0.03593750
1 0.31953125 0.25625000 0.08906250 0.03437500
1 0.01406250 0.31093750 0.02812500 0.04375000
1 0.54687500 0.37890625 0.06562500 0.04531250
1 0.47890625 0.43906250 0.09531250 0.04062500
1 0.65937500 0.43671875 0.09375000 0.03906250
1 0.35390625 0.43359375 0.09218750 0.03906250
1 0.43046875 0.37812500 0.08281250 0.04062500
1 0.24921875 0.31875000 0.09843750 0.04375000
1 0.29609375 0.37265625 0.08906250 0.03906250
1 0.78046875 0.26796875 0.09843750 0.04218750
1 0.67812500 0.26484375 0.09062500 0.03906250
1 0.43984375 0.25468750 0.08593750 0.04062500
1 0.77421875 0.44375000 0.08593750 0.03750000
1 0.66484375 0.38671875 0.08906250 0.03593750
1 0.55390625 0.26484375 0.09218750 0.03593750
1 0.65390625 0.32031250 0.08906250 0.03437500
1 0.38437500 0.31953125 0.09375000 0.03593750
1 0.55312500 0.20312500 0.10937500 0.03750000
1 0.76718750 0.32890625 0.08437500 0.03906250
0 0.13281250 0.42734375 0.25937500 0.06718750
2 0.95078125 0.47421875 0.01718750 0.02656250
2 0.98671875 0.52500000 0.02656250 0.02187500
2 0.92500000 0.62578125 0.02500000 0.03593750
2 0.93671875 0.76953125 0.04531250 0.03593750
2 0.50703125 0.55937500 0.01406250 0.01875000
2 0.99375000 0.58671875 0.01250000 0.02656250
2 0.99375000 0.52578125 0.01250000 0.01718750
2 0.94687500 0.77109375 0.02500000 0.03593750
2 0.92109375 0.75781250 0.01718750 0.01562500
2 0.90000000 0.56093750 0.01875000 0.02500000
2 0.93828125 0.53515625 0.02031250 0.02656250
2 0.97734375 0.54453125 0.01406250 0.02656250
2 0.92187500 0.63437500 0.01875000 0.01875000
2 0.95781250 0.60156250 0.01875000 0.01562500
2 0.86093750 0.52812500 0.02187500 0.02500000
2 0.35312500 0.98593750 0.03750000 0.02812500
2 0.96953125 0.57343750 0.01406250 0.02500000
