2 0.87187500 0.41328125 0.01250000 0.01406250
2 0.77265625 0.57421875 0.01718750 0.02343750
2 0.13593750 0.55781250 0.01875000 0.01250000
2 0.99375000 0.39843750 0.01250000 0.02187500
2 0.87968750 0.39375000 0.01250000 0.01250000
2 0.96093750 0.97812500 0.04375000 0.02812500
2 0.26875000 0.38593750 0.02187500 0.01562500
2 0.27343750 0.56562500 0.01562500 0.02187500
2 0.93984375 0.91171875 0.02343750 0.02656250
2 0.94531250 0.91640625 0.01250000 0.01718750
2 0.85078125 0.41796875 0.01406250 0.01406250
2 0.28203125 0.39296875 0.01406250 0.01406250
2 0.27578125 0.39296875 0.02656250 0.01406250
2 0.26718750 0.54531250 0.01875000 0.01562500
2 0.26875000 0.55625000 0.02500000 0.03750000
2 0.26406250 0.60546875 0.02500000 0.01406250
2 0.93359375 0.90625000 0.01406250 0.01562500
2 0.78203125 0.57265625 0.03281250 0.02656250
2 0.27343750 0.98750000 0.01875000 0.01875000
2 0.96718750 0.97656250 0.03125000 0.02500000
2 0.01875000 0.16171875 0.02187500 0.02968750
2 0.99375000 0.40000000 0.01250000 0.01875000
2 0.27421875 0.38984375 0.02968750 0.02031250
2 0.99140625 0.82265625 0.01718750 0.02656250
2 0.04687500 0.20625000 0.04375000 0.05937500
2 0.94531250 0.98281250 0.01562500 0.01875000
1 0.42578125 0.71250000 0.09218750 0.03750000
1 0.75859375 0.98671875 0.08906250 0.02656250
1 0.10234375 0.23125000 0.04218750 0.08750000
1 0.79062500 0.92734375 0.08750000 0.03906250
1 0.23828125 0.98828125 0.09531250 0.02343750
1 0.51875000 0.98750000 0.08750000 0.02500000
1 0.15703125 0.75234375 0.08593750 0.04218750
1 0.31328125 0.47187500 0.04218750 0.09062500
1 0.15156250 0.66640625 0.09062500 0.03593750
1 0.66640625 0.93515625 0.08906250 0.03906250
1 0.11796875 0.48046875 0.04531250 0.07031250
1 0.02734375 0.46250000 0.05468750 0.09687500
1 0.54765625 0.41328125 0.04218750 0.09218750
1 0.21640625 0.21484375 0.04531250 0.07968750
1 0.63906250 0.98828125 0.09062500 0.02343750
1 0.39062500 0.86250000 0.06875000 0.06875000
1 0.01406250 0.26406250 0.02812500 0.06875000
