1 0.54375000 0.88515625 0.08125000 0.02968750
1 0.17734375 0.71562500 0.09531250 0.03750000
1 0.77734375 0.83046875 0.09531250 0.03906250
1 0.62031250 0.76562500 0.08437500 0.03437500
1 0.92812500 0.88437500 0.09375000 0.04062500
1 0.92812500 0.75859375 0.10000000 0.03906250
1 0.36796875 0.83281250 0.08593750 0.03750000
1 0.73828125 0.70625000 0.06093750 0.03437500
1 0.20234375 0.83281250 0.09531250 0.03750000
1 0.61093750 0.70625000 0.09375000 0.03437500
1 0.43671875 0.70859375 0.07656250 0.03593750
1 0.30390625 0.71171875 0.08593750 0.03906250
1 0.14687500 0.59296875 0.04062500 0.03906250
1 0.64765625 0.82500000 0.08281250 0.03750000
1 0.20625000 0.89062500 0.08437500 0.03750000
1 0.31953125 0.88750000 0.08906250 0.04062500
1 0.96328125 0.70625000 0.07343750 0.03750000
1 0.49140625 0.76406250 0.09218750 0.03750000
1 0.75546875 0.76562500 0.08906250 0.03750000
1 0.92812500 0.82656250 0.08750000 0.03750000
1 0.22656250 0.76875000 0.09062500 0.03750000
1 0.78125000 0.64375000 0.09375000 0.03750000
1 0.84531250 0.70781250 0.08437500 0.03750000
1 0.71953125 0.88281250 0.08906250 0.04062500
1 0.44375000 0.88828125 0.08750000 0.03593750
1 0.51093750 0.82734375 0.10312500 0.04218750
1 0.55781250 0.95000000 0.09687500 0.03750000
1 0.36562500 0.76640625 0.08437500 0.03906250
1 0.35312500 0.94687500 0.09375000 0.03750000
