2 0.39843750 0.53046875 0.05625000 0.04531250
2 0.41953125 0.57109375 0.03281250 0.03593750
2 0.25781250 0.39296875 0.02812500 0.02656250
2 0.58750000 0.53125000 0.02187500 0.03437500
2 0.87500000 0.51718750 0.01875000 0.01875000
2 0.59062500 0.48984375 0.02187500 0.02031250
2 0.47500000 0.50937500 0.02500000 0.02187500
2 0.35312500 0.39375000 0.01562500 0.01562500
2 0.88359375 0.27500000 0.02031250 0.01875000
2 0.41250000 0.53046875 0.02812500 0.02656250
2 0.34062500 0.52500000 0.03750000 0.03125000
2 0.38281250 0.52812500 0.03437500 0.04062500
2 0.33437500 0.52812500 0.02500000 0.02812500
2 0.96328125 0.54218750 0.02656250 0.01562500
2 0.92265625 0.53515625 0.02343750 0.01406250
2 0.90000000 0.51953125 0.02500000 0.02968750
2 0.42656250 0.59609375 0.02187500 0.05781250
2 0.34843750 0.40078125 0.02187500 0.02656250
2 0.26250000 0.38984375 0.01562500 0.02031250
2 0.26250000 0.46718750 0.03125000 0.02187500
2 0.31171875 0.39218750 0.03281250 0.02812500
2 0.22656250 0.45312500 0.03437500 0.02500000
2 0.28281250 0.51875000 0.03437500 0.03125000
2 0.36328125 0.56328125 0.02031250 0.03906250
2 0.35937500 0.48125000 0.02812500 0.02187500
2 0.40234375 0.58125000 0.02343750 0.02500000
2 0.94218750 0.35234375 0.03437500 0.05156250
2 0.17578125 0.43515625 0.02031250 0.02031250
2 0.87500000 0.27734375 0.03437500 0.02343750
2 0.82500000 0.26875000 0.01562500 0.01562500
2 0.83750000 0.35781250 0.01875000 0.01875000
2 0.44609375 0.55234375 0.02968750 0.03906250
2 0.47968750 0.51640625 0.03437500 0.03593750
2 0.31328125 0.34921875 0.02343750 0.02343750
2 0.59609375 0.53281250 0.02343750 0.03750000
2 0.37500000 0.50390625 0.03125000 0.02968750
2 0.41562500 0.59140625 0.04687500 0.06406250
2 0.41093750 0.52734375 0.03125000 0.04843750
2 0.58125000 0.56015625 0.02187500 0.03906250
2 0.80625000 0.28671875 0.01875000 0.01718750
2 0.61406250 0.48906250 0.02500000 0.02500000
2 0.33125000 0.03984375 0.01562500 0.02343750
2 0.30781250 0.59218750 0.03437500 0.01875000
2 0.83515625 0.36406250 0.02343750 0.03125000
2 0.85078125 0.53984375 0.02656250 0.02343750
2 0.34296875 0.53515625 0.03906250 0.04218750
2 0.32265625 0.05234375 0.03593750 0.04843750
0 0.55000000 0.66640625 0.26562500 0.06093750
1 0.57031250 0.72265625 0.10000000 0.03906250
1 0.51171875 0.79218750 0.09843750 0.04062500
1 0.58046875 0.40859375 0.10781250 0.04218750
1 0.84296875 0.40781250 0.11406250 0.04687500
1 0.88984375 0.65781250 0.09531250 0.05937500
1 0.69765625 0.40000000 0.09843750 0.02812500
1 0.93984375 0.77812500 0.10468750 0.04062500
1 0.86562500 0.71328125 0.09375000 0.04218750
1 0.27031250 0.56484375 0.05000000 0.03281250
1 0.78046875 0.78515625 0.10156250 0.04218750
1 0.32109375 0.21953125 0.04218750 0.08906250
1 0.97109375 0.71718750 0.05781250 0.04062500
1 0.64296875 0.78750000 0.10468750 0.04062500
1 0.45546875 0.38671875 0.11093750 0.04843750
1 0.21328125 0.16328125 0.04218750 0.10156250
1 0.98750000 0.27968750 0.02500000 0.02500000
1 0.43906250 0.73359375 0.09375000 0.03906250
1 0.99375000 0.89921875 0.01250000 0.04531250
1 0.49296875 0.23671875 0.07968750 0.08281250
1 0.96406250 0.39843750 0.07187500 0.03750000
1 0.70078125 0.72890625 0.10156250 0.03906250
1 0.61328125 0.29296875 0.10156250 0.03906250
1 0.75156250 0.66093750 0.06875000 0.04062500
1 0.57500000 0.90859375 0.10000000 0.05156250
1 0.72109375 0.28359375 0.09843750 0.04218750
