1 0.91640625 0.23046875 0.09843750 0.08593750
1 0.72656250 0.01406250 0.06562500 0.02812500
1 0.81718750 0.80000000 0.04062500 0.09375000
1 0.87968750 0.94609375 0.04062500 0.08281250
1 0.81250000 0.68203125 0.03750000 0.08906250
1 0.86718750 0.70859375 0.04062500 0.10156250
1 0.20156250 0.32500000 0.09375000 0.04062500
1 0.70078125 0.57343750 0.05156250 0.09687500
1 0.34921875 0.98671875 0.04218750 0.02656250
1 0.87343750 0.82656250 0.04062500 0.09375000
1 0.76406250 0.92265625 0.04375000 0.10468750
1 0.34453125 0.90156250 0.03906250 0.09687500
1 0.82734375 0.96250000 0.04218750 0.07500000
1 0.19765625 0.25937500 0.10156250 0.04687500
1 0.05703125 0.33203125 0.08593750 0.03593750
1 0.76015625 0.77578125 0.03906250 0.09531250
1 0.99296875 0.69375000 0.01406250 0.05000000
1 0.65703125 0.85625000 0.03906250 0.09687500
1 0.07734375 0.26484375 0.09843750 0.04218750
2 0.40078125 0.65078125 0.02656250 0.04218750
2 0.41093750 0.47812500 0.02187500 0.02500000
2 0.72734375 0.15703125 0.03906250 0.03593750
2 0.44531250 0.57031250 0.01562500 0.03125000
2 0.03515625 0.02031250 0.04218750 0.03437500
2 0.64062500 0.34218750 0.02187500 0.03437500
2 0.51562500 0.87421875 0.02187500 0.01718750
2 0.33437500 0.50937500 0.01562500 0.01562500
2 0.39687500 0.64140625 0.02187500 0.02343750
2 0.30703125 0.56406250 0.01406250 0.02500000
2 0.38437500 0.46015625 0.01875000 0.02031250
2 0.32109375 0.47500000 0.01406250 0.02812500
2 0.36015625 0.53593750 0.02343750 0.03125000
2 0.31796875 0.58750000 0.01718750 0.02500000
2 0.43828125 0.64140625 0.02343750 0.02968750
2 0.36328125 0.47578125 0.01718750 0.02031250
2 0.28515625 0.45078125 0.02031250 0.02656250
2 0.28515625 0.46250000 0.02031250 0.05000000
2 0.31328125 0.57578125 0.02656250 0.04843750
2 0.64375000 0.18671875 0.01562500 0.02343750
2 0.25703125 0.52500000 0.01406250 0.02187500
2 0.38671875 0.45390625 0.02343750 0.03281250
2 0.60625000 0.87421875 0.02812500 0.02031250
2 0.55234375 0.61015625 0.01718750 0.02656250
2 0.40390625 0.49765625 0.02031250 0.02343750
2 0.55859375 0.87500000 0.02656250 0.01875000
2 0.48125000 0.34062500 0.01562500 0.01562500
2 0.73671875 0.34687500 0.02343750 0.05937500
