0 0.91328125 0.03437500 0.17343750 0.05000000
0 0.82265625 0.21875000 0.25781250 0.05312500
0 0.30234375 0.03750000 0.24843750 0.05000000
0 0.56718750 0.03281250 0.25625000 0.05312500
1 0.85781250 0.09609375 0.09687500 0.03593750
1 0.76406250 0.03906250 0.09375000 0.04062500
1 0.23203125 0.15703125 0.09218750 0.03593750
1 0.51562500 0.46093750 0.09375000 0.04375000
1 0.36250000 0.16093750 0.08750000 0.03750000
1 0.35390625 0.10156250 0.09218750 0.04062500
1 0.38828125 0.21953125 0.09218750 0.03593750
1 0.50937500 0.21562500 0.09062500 0.03437500
1 0.62031250 0.15859375 0.10000000 0.03906250
1 0.46406250 0.15703125 0.08750000 0.03906250
1 0.22656250 0.27890625 0.09375000 0.04218750
1 0.82031250 0.46250000 0.08437500 0.04687500
1 0.95078125 0.27968750 0.09218750 0.03750000
1 0.33125000 0.28125000 0.08750000 0.03750000
1 0.99453125 0.15234375 0.01093750 0.02968750
1 0.46250000 0.28203125 0.09687500 0.03906250
1 0.23984375 0.21953125 0.09531250 0.03906250
1 0.90468750 0.15546875 0.08750000 0.03593750
1 0.63046875 0.21562500 0.09531250 0.03750000
1 0.47968750 0.10156250 0.09687500 0.03750000
1 0.95703125 0.09453125 0.06406250 0.03906250
1 0.84375000 0.27734375 0.09687500 0.03906250
1 0.59687500 0.27968750 0.09375000 0.03750000
1 0.86406250 0.64062500 0.07812500 0.03750000
1 0.71718750 0.27578125 0.09062500 0.03906250
1 0.22734375 0.09687500 0.09218750 0.03437500
1 0.60703125 0.09921875 0.10781250 0.03593750
1 0.74218750 0.15625000 0.08750000 0.03750000
1 0.72968750 0.09453125 0.09062500 0.03593750
1 0.98593750 0.21484375 0.02812500 0.03593750
