2 0.16875000 0.97812500 0.04062500 0.04375000
2 0.60546875 0.53750000 0.03593750 0.05000000
2 0.41718750 0.58984375 0.02187500 0.02031250
2 0.49921875 0.83359375 0.04843750 0.07343750
2 0.48281250 0.87500000 0.02187500 0.02812500
2 0.26562500 0.73437500 0.04375000 0.03437500
2 0.52578125 0.62031250 0.05156250 0.02500000
2 0.43281250 0.54921875 0.03750000 0.02656250
2 0.60156250 0.55078125 0.02500000 0.02343750
2 0.87109375 0.18359375 0.02031250 0.01718750
2 0.73125000 0.56484375 0.04062500 0.03281250
2 0.36093750 0.11484375 0.02187500 0.01406250
2 0.47109375 0.56718750 0.03281250 0.01875000
2 0.26328125 0.72656250 0.02656250 0.01875000
2 0.78984375 0.95156250 0.02343750 0.03437500
2 0.60312500 0.52578125 0.03125000 0.02656250
2 0.37031250 0.58593750 0.03125000 0.02500000
2 0.21718750 0.55781250 0.02500000 0.02500000
2 0.12812500 0.64140625 0.02187500 0.02031250
2 0.29687500 0.55078125 0.02187500 0.02031250
2 0.27343750 0.73125000 0.01875000 0.02812500
2 0.12265625 0.57968750 0.02968750 0.02500000
2 0.19843750 0.60000000 0.02500000 0.02500000
2 0.41562500 0.59140625 0.02187500 0.01718750
2 0.08203125 0.79531250 0.04531250 0.05625000
2 0.00937500 0.57968750 0.01875000 0.01875000
2 0.35781250 0.51171875 0.03125000 0.02968750
2 0.59921875 0.52109375 0.02343750 0.02031250
2 0.54453125 0.66718750 0.01718750 0.01250000
2 0.10703125 0.56953125 0.01718750 0.01406250
2 0.56796875 0.66718750 0.01718750 0.01875000
2 0.54453125 0.69843750 0.04218750 0.03125000
2 0.21875000 0.56015625 0.02812500 0.02968750
2 0.39843750 0.57890625 0.03125000 0.02343750
2 0.05234375 0.55546875 0.01718750 0.01406250
2 0.79062500 0.95000000 0.02812500 0.03750000
2 0.59765625 0.52421875 0.02031250 0.02343750
2 0.43125000 0.58281250 0.02812500 0.02187500
2 0.71875000 0.61406250 0.03437500 0.02187500
2 0.13437500 0.57734375 0.03125000 0.02343750
2 0.26328125 0.72734375 0.02656250 0.02343750
2 0.53515625 0.70625000 0.02343750 0.01562500
2 0.53750000 0.70546875 0.02500000 0.01718750
2 0.14531250 0.77734375 0.02187500 0.03281250
2 0.29765625 0.55156250 0.02343750 0.02187500
2 0.29687500 0.55625000 0.02500000 0.03125000
2 0.26015625 0.73359375 0.03281250 0.03281250
2 0.46171875 0.56796875 0.02343750 0.01718750
2 0.12343750 0.62187500 0.02812500 0.02187500
2 0.05234375 0.54765625 0.02656250 0.02968750
2 0.19843750 0.60000000 0.02500000 0.02500000
2 0.69765625 0.98125000 0.05468750 0.03750000
2 0.12500000 0.76718750 0.01875000 0.01250000
2 0.37812500 0.58281250 0.02500000 0.02187500
2 0.60078125 0.55156250 0.02656250 0.02500000
2 0.55781250 0.66718750 0.04062500 0.01875000
2 0.07578125 0.58203125 0.02656250 0.01718750
2 0.52421875 0.49921875 0.03593750 0.02968750
2 0.13750000 0.57656250 0.02500000 0.02187500
2 0.21406250 0.56250000 0.01875000 0.02500000
2 0.48437500 0.55937500 0.03125000 0.02187500
2 0.53671875 0.61796875 0.02968750 0.02343750
2 0.36406250 0.54453125 0.03125000 0.02656250
2 0.20156250 0.99453125 0.02500000 0.01093750
2 0.74218750 0.99218750 0.01875000 0.01562500
2 0.02968750 0.53906250 0.02187500 0.02187500
2 0.52890625 0.50078125 0.02343750 0.02656250
2 0.12343750 0.57656250 0.05000000 0.02812500
2 0.72734375 0.58750000 0.05156250 0.07500000
2 0.19375000 0.59921875 0.01875000 0.02343750
2 0.13593750 0.77656250 0.04062500 0.03125000
2 0.74531250 0.99296875 0.01562500 0.01406250
2 0.47890625 0.56640625 0.02031250 0.02031250
2 0.48359375 0.88281250 0.02343750 0.04375000
2 0.07890625 0.78125000 0.02343750 0.02187500
2 0.53828125 0.60937500 0.02968750 0.03750000
2 0.47578125 0.56328125 0.04531250 0.02968750
2 0.48984375 0.89453125 0.01718750 0.02343750
2 0.68984375 0.89687500 0.02968750 0.03437500
2 0.51328125 0.62109375 0.02656250 0.02031250
2 0.51718750 0.89687500 0.04687500 0.03125000
2 0.12734375 0.64218750 0.02031250 0.01875000
2 0.46562500 0.56796875 0.02187500 0.01718750
2 0.12421875 0.57500000 0.05156250 0.02500000
2 0.35312500 0.51171875 0.02187500 0.02656250
2 0.27500000 0.74140625 0.02500000 0.02031250
2 0.52656250 0.89531250 0.03125000 0.02812500
2 0.02187500 0.53906250 0.03437500 0.02500000
2 0.03437500 0.81640625 0.05312500 0.02656250
2 0.50937500 0.62031250 0.02187500 0.01875000
2 0.52187500 0.50078125 0.03437500 0.02656250
2 0.53828125 0.70390625 0.02656250 0.02343750
2 0.55625000 0.66796875 0.04062500 0.01718750
2 0.51796875 0.50156250 0.02031250 0.02187500
2 0.14453125 0.77187500 0.01718750 0.01875000
2 0.53750000 0.60078125 0.02812500 0.02343750
2 0.51093750 0.89765625 0.05625000 0.03906250
2 0.59375000 0.52031250 0.01562500 0.01875000
2 0.62265625 0.53437500 0.03593750 0.02500000
2 0.14843750 0.77968750 0.01875000 0.03125000
2 0.22265625 0.55390625 0.02343750 0.01718750
2 0.25546875 0.73515625 0.02343750 0.03281250
1 0.83125000 0.03281250 0.08750000 0.03750000
1 0.43046875 0.35234375 0.10156250 0.04218750
1 0.00546875 0.27500000 0.01093750 0.03750000
1 0.34843750 0.40546875 0.09375000 0.03593750
1 0.15000000 0.33515625 0.09062500 0.03593750
1 0.82812500 0.41640625 0.09062500 0.03593750
1 0.63359375 0.17343750 0.09218750 0.04062500
1 0.40234375 0.10156250 0.09531250 0.03750000
1 0.00781250 0.50703125 0.01562500 0.03593750
1 0.00781250 0.21796875 0.01562500 0.03593750
1 0.85390625 0.36562500 0.08906250 0.03750000
1 0.21171875 0.45859375 0.10156250 0.03906250
1 0.12890625 0.39375000 0.08906250 0.03750000
1 0.29531250 0.14921875 0.09062500 0.03906250
1 0.82031250 0.08359375 0.09375000 0.03593750
1 0.68906250 0.46953125 0.09687500 0.04218750
1 0.37812500 0.01328125 0.09687500 0.02656250
1 0.91406250 0.20156250 0.09375000 0.04375000
1 0.72500000 0.58750000 0.04687500 0.07500000
1 0.62421875 0.07812500 0.09531250 0.03750000
1 0.75546875 0.13828125 0.08906250 0.04218750
