0 0.46250000 0.66875000 0.25000000 0.06562500
1 0.90703125 0.72968750 0.09218750 0.03750000
1 0.77265625 0.65234375 0.09531250 0.04218750
1 0.03046875 0.72578125 0.06093750 0.03281250
1 0.78593750 0.84296875 0.09375000 0.03906250
1 0.90312500 0.96796875 0.07500000 0.03906250
1 0.00937500 0.78046875 0.01875000 0.03593750
1 0.12187500 0.84062500 0.08750000 0.03750000
1 0.39921875 0.83906250 0.09843750 0.03750000
1 0.11250000 0.67109375 0.09375000 0.03906250
1 0.78828125 0.96484375 0.09843750 0.04218750
1 0.94843750 0.84375000 0.09687500 0.04062500
1 0.58593750 0.89843750 0.09687500 0.03750000
1 0.54609375 0.95859375 0.08281250 0.03281250
1 0.67500000 0.96875000 0.10000000 0.03750000
1 0.26015625 0.72578125 0.09218750 0.03906250
1 0.28437500 0.90312500 0.09375000 0.03750000
1 0.16796875 0.78281250 0.08593750 0.03750000
1 0.40625000 0.78281250 0.08437500 0.04062500
1 0.77187500 0.78281250 0.09687500 0.03750000
1 0.30859375 0.96015625 0.08281250 0.04531250
1 0.97812500 0.95859375 0.04375000 0.03281250
1 0.96796875 0.78671875 0.06406250 0.03593750
1 0.42656250 0.95937500 0.09687500 0.04375000
1 0.77265625 0.89687500 0.08281250 0.04062500
1 0.56484375 0.72812500 0.08281250 0.03437500
1 0.20000000 0.96406250 0.09062500 0.03750000
