2 0.23437500 0.65234375 0.03750000 0.02343750
2 0.15546875 0.79218750 0.01718750 0.01562500
2 0.00703125 0.59296875 0.01406250 0.01406250
2 0.16171875 0.00937500 0.02343750 0.01875000
2 0.16484375 0.63359375 0.02968750 0.02343750
2 0.20859375 0.31796875 0.02343750 0.01718750
2 0.16562500 0.17187500 0.01562500 0.01875000
2 0.85625000 0.90625000 0.03125000 0.03750000
2 0.95078125 0.79531250 0.04218750 0.03125000
2 0.93984375 0.80078125 0.02031250 0.02031250
2 0.27265625 0.75390625 0.03281250 0.04531250
2 0.14921875 0.79531250 0.04218750 0.03437500
2 0.15859375 0.79765625 0.02343750 0.02968750
2 0.13593750 0.78828125 0.01562500 0.02031250
2 0.19140625 0.62656250 0.02968750 0.02500000
2 0.08437500 0.58906250 0.03437500 0.01875000
2 0.16484375 0.63828125 0.02968750 0.03281250
2 0.20781250 0.59687500 0.03750000 0.02500000
2 0.12031250 0.60546875 0.02500000 0.01718750
2 0.22734375 0.57031250 0.02343750 0.02500000
2 0.18125000 0.98828125 0.02812500 0.02343750
2 0.88515625 0.87187500 0.02343750 0.02812500
2 0.06171875 0.56875000 0.02656250 0.01562500
2 0.09062500 0.59062500 0.02187500 0.01562500
2 0.07500000 0.58750000 0.01875000 0.01875000
2 0.89453125 0.73906250 0.01718750 0.02500000
2 0.35234375 0.36875000 0.01718750 0.04062500
2 0.35000000 0.38125000 0.01562500 0.01562500
2 0.14609375 0.67734375 0.03906250 0.03593750
2 0.35859375 0.91796875 0.01406250 0.04218750
2 0.90468750 0.75156250 0.03750000 0.05312500
1 0.69453125 0.03593750 0.03593750 0.07187500
1 0.46171875 0.81484375 0.03906250 0.08281250
1 0.02343750 0.41796875 0.04687500 0.03906250
1 0.52265625 0.37500000 0.03593750 0.09062500
1 0.03750000 0.47187500 0.07500000 0.04062500
1 0.78281250 0.75859375 0.05000000 0.08593750
1 0.52421875 0.02421875 0.03906250 0.04843750
1 0.01328125 0.35781250 0.02656250 0.03750000
1 0.52500000 0.60937500 0.04062500 0.10312500
1 0.03906250 0.52968750 0.07812500 0.04062500
1 0.47187500 0.16953125 0.03750000 0.08906250
1 0.39531250 0.74296875 0.05625000 0.08906250
1 0.74218750 0.94218750 0.03750000 0.08750000
1 0.15156250 0.57734375 0.04687500 0.03281250
1 0.60468750 0.01875000 0.03750000 0.03750000
1 0.98984375 0.97812500 0.02031250 0.04375000
1 0.47031250 0.45781250 0.04062500 0.10000000
1 0.46484375 0.00468750 0.03281250 0.00937500
1 0.01484375 0.30078125 0.02968750 0.03593750
1 0.60625000 0.12968750 0.04062500 0.09062500
1 0.67578125 0.77421875 0.03593750 0.09531250
1 0.67109375 0.21328125 0.04218750 0.09218750
1 0.50468750 0.96015625 0.03750000 0.07968750
1 0.67656250 0.43046875 0.03750000 0.08593750
