0 0.09453125 0.77187500 0.18906250 0.05000000
1 0.85546875 0.66796875 0.08906250 0.03906250
1 0.05781250 0.70390625 0.10625000 0.04218750
1 0.88828125 0.79218750 0.09843750 0.03750000
1 0.43046875 0.95703125 0.08906250 0.03593750
1 0.31640625 0.71875000 0.03906250 0.03750000
1 0.27031250 0.95390625 0.09375000 0.03906250
1 0.74687500 0.96796875 0.09062500 0.03593750
1 0.36484375 0.77890625 0.08906250 0.04531250
1 0.24921875 0.83359375 0.09218750 0.03593750
1 0.61640625 0.78437500 0.08593750 0.04062500
1 0.34765625 0.72031250 0.10156250 0.04062500
1 0.41328125 0.90312500 0.07656250 0.04687500
1 0.13125000 0.88359375 0.09062500 0.03906250
1 0.99453125 0.85234375 0.01093750 0.03906250
1 0.96796875 0.73281250 0.06406250 0.04062500
1 0.49140625 0.84609375 0.08281250 0.04218750
1 0.74140625 0.84843750 0.09218750 0.04375000
1 0.52500000 0.71015625 0.09062500 0.04218750
1 0.12890625 0.95468750 0.08906250 0.03750000
1 0.79062500 0.72500000 0.10000000 0.04062500
