1 0.91718750 0.35781250 0.05937500 0.10000000
1 0.54453125 0.38750000 0.08906250 0.04375000
1 0.91093750 0.15859375 0.05000000 0.05781250
1 0.96328125 0.75390625 0.07343750 0.04531250
1 0.80312500 0.35390625 0.04375000 0.09531250
1 0.75156250 0.35156250 0.05625000 0.09687500
1 0.03906250 0.40156250 0.07812500 0.08125000
1 0.26093750 0.41171875 0.13125000 0.05156250
1 0.30468750 0.71796875 0.10937500 0.04531250
1 0.04921875 0.72734375 0.09843750 0.04218750
1 0.28671875 0.27656250 0.09531250 0.04375000
1 0.56796875 0.27265625 0.05781250 0.03281250
1 0.17343750 0.71875000 0.10312500 0.03750000
1 0.04921875 0.66250000 0.09843750 0.05312500
1 0.96875000 0.35859375 0.05000000 0.08281250
1 0.59609375 0.64531250 0.10781250 0.04062500
1 0.41015625 0.40000000 0.11406250 0.05000000
1 0.34921875 0.77578125 0.09843750 0.04218750
1 0.46406250 0.70859375 0.11562500 0.05468750
1 0.05859375 0.23359375 0.07968750 0.08281250
1 0.14843750 0.40390625 0.10312500 0.04531250
1 0.86406250 0.35859375 0.04687500 0.09531250
0 0.72421875 0.76015625 0.16406250 0.05468750
0 0.13906250 0.60937500 0.26562500 0.05937500
