1 0.47421875 0.65156250 0.10156250 0.04375000
1 0.48359375 0.58437500 0.08281250 0.05000000
1 0.90156250 0.15781250 0.05000000 0.05625000
1 0.92031250 0.63671875 0.10937500 0.04531250
1 0.32187500 0.65390625 0.09062500 0.04218750
1 0.64531250 0.49765625 0.06250000 0.03906250
1 0.04531250 0.67031250 0.09062500 0.04375000
1 0.28125000 0.27656250 0.09687500 0.04375000
1 0.82578125 0.70078125 0.09531250 0.03906250
1 0.13984375 0.40390625 0.10156250 0.04531250
1 0.03515625 0.39843750 0.07031250 0.07187500
1 0.94843750 0.68750000 0.10312500 0.04062500
1 0.74531250 0.35546875 0.05625000 0.10156250
1 0.88437500 0.57265625 0.10312500 0.04843750
1 0.41171875 0.77343750 0.10156250 0.05000000
1 0.04531250 0.72890625 0.09062500 0.04218750
1 0.27500000 0.41015625 0.10312500 0.05468750
1 0.54296875 0.49687500 0.04843750 0.02500000
1 0.31953125 0.59453125 0.08906250 0.04843750
1 0.29765625 0.71953125 0.10468750 0.04218750
1 0.18671875 0.66328125 0.10156250 0.04218750
1 0.85859375 0.57265625 0.04843750 0.04531250
1 0.75156250 0.57421875 0.08125000 0.04531250
1 0.06250000 0.60937500 0.10000000 0.04375000
1 0.57890625 0.64375000 0.05468750 0.05625000
1 0.43359375 0.70859375 0.08906250 0.05468750
1 0.40546875 0.40156250 0.11406250 0.05000000
1 0.96093750 0.34843750 0.05000000 0.10312500
1 0.56250000 0.70859375 0.10000000 0.04843750
1 0.16328125 0.71953125 0.09843750 0.03906250
1 0.05312500 0.23359375 0.08125000 0.08281250
1 0.53828125 0.38750000 0.08906250 0.04062500
1 0.68203125 0.70234375 0.10156250 0.04218750
1 0.56093750 0.27421875 0.05625000 0.03593750
1 0.10078125 0.78828125 0.10156250 0.04218750
1 0.85546875 0.35781250 0.04218750 0.09687500
1 0.63437500 0.57812500 0.10000000 0.04687500
1 0.79609375 0.35468750 0.04531250 0.09687500
1 0.22812500 0.78203125 0.11250000 0.04843750
