1 0.87656250 0.20703125 0.09687500 0.03906250
1 0.73593750 0.21406250 0.08750000 0.04062500
1 0.34765625 0.40625000 0.10468750 0.03750000
1 0.03437500 0.29765625 0.06875000 0.04218750
1 0.97500000 0.20390625 0.05000000 0.03906250
1 0.24921875 0.34453125 0.09843750 0.03593750
1 0.94453125 0.38593750 0.09531250 0.04062500
1 0.57812500 0.27968750 0.09375000 0.03750000
1 0.48984375 0.22421875 0.09218750 0.04531250
1 0.54296875 0.34218750 0.08906250 0.04062500
1 0.97187500 0.32890625 0.05625000 0.02968750
1 0.04218750 0.35546875 0.08437500 0.03906250
1 0.37421875 0.22656250 0.10156250 0.04062500
1 0.41875000 0.34453125 0.10000000 0.03593750
1 0.17343750 0.29140625 0.10937500 0.04218750
1 0.13750000 0.35078125 0.08437500 0.03593750
1 0.71640625 0.27187500 0.09531250 0.03750000
1 0.96875000 0.26015625 0.06250000 0.04531250
1 0.44843750 0.28203125 0.09687500 0.03906250
1 0.10234375 0.23203125 0.10468750 0.03906250
1 0.74765625 0.39140625 0.07968750 0.03593750
1 0.70000000 0.34062500 0.05000000 0.04062500
1 0.61796875 0.21796875 0.08906250 0.03906250
1 0.03984375 0.41484375 0.07968750 0.03906250
1 0.30859375 0.29062500 0.09218750 0.04062500
1 0.86953125 0.26640625 0.10156250 0.03906250
2 0.99140625 0.96328125 0.01718750 0.05156250
2 0.88359375 0.48437500 0.03281250 0.01875000
2 0.66250000 0.63593750 0.01875000 0.02812500
2 0.68046875 0.44062500 0.01093750 0.02187500
