1 0.03125000 0.23828125 0.04062500 0.06718750
1 0.88437500 0.94843750 0.08437500 0.04687500
1 0.90312500 0.68906250 0.09375000 0.05312500
1 0.01015625 0.45000000 0.02031250 0.08750000
1 0.12421875 0.20625000 0.04531250 0.08750000
1 0.01171875 0.91406250 0.02343750 0.04375000
1 0.42812500 0.91484375 0.08437500 0.03906250
1 0.17421875 0.91015625 0.09218750 0.03906250
1 0.26875000 0.73281250 0.08750000 0.04062500
1 0.33203125 0.44765625 0.04218750 0.09218750
1 0.13750000 0.45312500 0.04375000 0.06875000
1 0.04687500 0.43359375 0.05625000 0.09218750
1 0.36406250 0.80156250 0.04375000 0.08750000
1 0.47734375 0.64140625 0.08281250 0.03593750
1 0.66484375 0.72031250 0.07343750 0.04375000
1 0.56250000 0.39609375 0.03750000 0.08906250
2 0.95781250 0.52187500 0.01562500 0.01562500
2 0.98046875 0.52812500 0.01718750 0.02812500
2 0.09843750 0.51250000 0.02500000 0.02500000
2 0.54296875 0.57890625 0.02031250 0.01718750
2 0.91718750 0.49453125 0.01875000 0.01718750
