2 0.29843750 0.63906250 0.04062500 0.03125000
2 0.34531250 0.31796875 0.02500000 0.03281250
2 0.05234375 0.41015625 0.01093750 0.01093750
2 0.86171875 0.01406250 0.02968750 0.02187500
2 0.66015625 0.61406250 0.01718750 0.01875000
2 0.37109375 0.36328125 0.02031250 0.02968750
2 0.87265625 0.58125000 0.02968750 0.03750000
2 0.27734375 0.35234375 0.02031250 0.02343750
2 0.08046875 0.44843750 0.01406250 0.02187500
2 0.21796875 0.51484375 0.01406250 0.01718750
2 0.30937500 0.14140625 0.02187500 0.05781250
2 0.19062500 0.48046875 0.02187500 0.02031250
2 0.33750000 0.37890625 0.03125000 0.02031250
2 0.31875000 0.14765625 0.04062500 0.07031250
2 0.37656250 0.36093750 0.03125000 0.03125000
2 0.33593750 0.20312500 0.02500000 0.01875000
2 0.83281250 0.03359375 0.01875000 0.03281250
2 0.00703125 0.58906250 0.01406250 0.02187500
2 0.21328125 0.39921875 0.02343750 0.02343750
2 0.32421875 0.33750000 0.02343750 0.01875000
2 0.87812500 0.57031250 0.01875000 0.01562500
2 0.85390625 0.13515625 0.02031250 0.04218750
2 0.59375000 0.66250000 0.01562500 0.02187500
2 0.07187500 0.40390625 0.00937500 0.01093750
2 0.59843750 0.66250000 0.02500000 0.02500000
2 0.33750000 0.29687500 0.02500000 0.01875000
2 0.02578125 0.53203125 0.02656250 0.01406250
2 0.32578125 0.31484375 0.02343750 0.02968750
2 0.19453125 0.39375000 0.01093750 0.01562500
2 0.36953125 0.03671875 0.01718750 0.02031250
2 0.19296875 0.47968750 0.01718750 0.01875000
2 0.18906250 0.48203125 0.02187500 0.02031250
2 0.33125000 0.32500000 0.03437500 0.04062500
2 0.48046875 0.15703125 0.01718750 0.03593750
2 0.22265625 0.51875000 0.02031250 0.02500000
2 0.33437500 0.31484375 0.03750000 0.05468750
2 0.58671875 0.14062500 0.02656250 0.04062500
2 0.20781250 0.39921875 0.03437500 0.02343750
2 0.93359375 0.45156250 0.02656250 0.02500000
2 0.82187500 0.38906250 0.01875000 0.02812500
2 0.08046875 0.38515625 0.01093750 0.01406250
2 0.97109375 0.43906250 0.01718750 0.02187500
2 0.14921875 0.46328125 0.01718750 0.02343750
2 0.80312500 0.03203125 0.01875000 0.01718750
2 0.37656250 0.58359375 0.02812500 0.01718750
2 0.88828125 0.22890625 0.02343750 0.02031250
2 0.33750000 0.30937500 0.03125000 0.04375000
2 0.89531250 0.43359375 0.01875000 0.03281250
2 0.56484375 0.47500000 0.01718750 0.02500000
2 0.30234375 0.36796875 0.02343750 0.02656250
2 0.29218750 0.63359375 0.02500000 0.01718750
2 0.25625000 0.34375000 0.03125000 0.02187500
2 0.29453125 0.63203125 0.01718750 0.01406250
1 0.08046875 0.70312500 0.08906250 0.03437500
1 0.75078125 0.83750000 0.08906250 0.03750000
1 0.53125000 0.23515625 0.03750000 0.08906250
1 0.88906250 0.90156250 0.09375000 0.04375000
1 0.89609375 0.77734375 0.08281250 0.03593750
1 0.01640625 0.91953125 0.03281250 0.03906250
1 0.89843750 0.83984375 0.08750000 0.03906250
1 0.56093750 0.82734375 0.06875000 0.03593750
1 0.45546875 0.88046875 0.08906250 0.03906250
1 0.09687500 0.82343750 0.09375000 0.03750000
1 0.42343750 0.10312500 0.04375000 0.09375000
1 0.36093750 0.82656250 0.08437500 0.03750000
1 0.30234375 0.77421875 0.09531250 0.04218750
1 0.43046875 0.70781250 0.07968750 0.03437500
1 0.11484375 0.76562500 0.08593750 0.03750000
1 0.73671875 0.20781250 0.04843750 0.08437500
1 0.58671875 0.27890625 0.03906250 0.08906250
1 0.97812500 0.62656250 0.04375000 0.04375000
1 0.67421875 0.88984375 0.09218750 0.03906250
1 0.48046875 0.23828125 0.04218750 0.08281250
1 0.49453125 0.77265625 0.08593750 0.04218750
1 0.48046875 0.09375000 0.03593750 0.08750000
1 0.52656250 0.01796875 0.04375000 0.03593750
1 0.75234375 0.39218750 0.05156250 0.09062500
1 0.67890625 0.77187500 0.08593750 0.04375000
1 0.23359375 0.86562500 0.09218750 0.04062500
1 0.47578125 0.01015625 0.03906250 0.02031250
