2 0.08359375 0.97968750 0.01093750 0.01875000
2 0.91484375 0.61796875 0.02968750 0.01406250
2 0.37656250 0.68359375 0.02187500 0.02031250
2 0.12500000 0.81796875 0.02500000 0.03906250
2 0.06406250 0.89218750 0.02187500 0.01875000
2 0.49218750 0.64140625 0.01875000 0.02031250
2 0.35546875 0.65468750 0.02656250 0.04062500
2 0.72343750 0.63359375 0.03125000 0.02968750
2 0.87500000 0.04609375 0.01875000 0.01093750
2 0.89921875 0.69609375 0.04218750 0.01718750
2 0.11640625 0.47578125 0.01718750 0.01718750
2 0.66718750 0.55312500 0.01875000 0.02187500
2 0.83593750 0.63593750 0.03125000 0.02812500
2 0.23750000 0.59453125 0.02500000 0.01406250
2 0.11171875 0.48437500 0.02343750 0.03437500
2 0.33125000 0.65000000 0.06562500 0.05312500
2 0.03281250 0.89609375 0.01875000 0.02656250
2 0.32578125 0.66953125 0.02968750 0.01406250
2 0.00703125 0.84843750 0.01406250 0.01562500
2 0.36953125 0.72500000 0.01718750 0.01562500
2 0.91484375 0.68984375 0.02656250 0.02656250
2 0.31015625 0.63046875 0.02343750 0.01718750
2 0.22031250 0.76875000 0.01562500 0.01562500
2 0.35625000 0.64296875 0.01562500 0.01718750
2 0.28828125 0.69843750 0.02343750 0.02187500
2 0.24218750 0.60390625 0.03437500 0.03281250
2 0.80078125 0.66796875 0.01718750 0.03906250
2 0.03125000 0.90000000 0.01875000 0.02187500
2 0.12031250 0.80781250 0.01562500 0.01562500
2 0.66171875 0.55078125 0.02968750 0.02656250
2 0.26093750 0.61406250 0.07187500 0.05312500
2 0.88984375 0.69453125 0.02343750 0.01406250
2 0.24765625 0.60078125 0.04531250 0.02656250
2 0.04921875 0.98359375 0.02656250 0.02031250
2 0.49296875 0.64218750 0.01718750 0.01875000
2 0.31250000 0.92656250 0.02187500 0.03750000
2 0.65234375 0.54765625 0.02031250 0.02343750
2 0.49687500 0.63984375 0.03437500 0.02968750
2 0.94531250 0.63437500 0.03125000 0.03437500
2 0.80234375 0.77421875 0.02031250 0.02656250
2 0.34453125 0.64765625 0.04218750 0.02656250
2 0.96640625 0.95468750 0.03281250 0.03750000
2 0.42656250 0.62421875 0.02187500 0.02031250
2 0.06718750 0.93906250 0.01562500 0.02812500
2 0.65000000 0.54375000 0.01875000 0.01875000
2 0.21875000 0.71250000 0.01562500 0.01875000
2 0.67656250 0.71640625 0.01562500 0.01093750
1 0.64531250 0.10234375 0.08750000 0.04218750
1 0.39218750 0.09765625 0.07812500 0.03593750
1 0.96953125 0.03593750 0.06093750 0.03750000
1 0.81484375 0.46953125 0.08906250 0.03906250
1 0.75781250 0.15781250 0.08750000 0.03750000
1 0.31718750 0.24140625 0.09062500 0.04218750
1 0.12656250 0.33828125 0.09062500 0.04531250
1 0.40156250 0.28046875 0.09062500 0.03906250
1 0.83593750 0.27890625 0.09687500 0.04218750
1 0.80468750 0.00312500 0.07187500 0.00625000
1 0.14609375 0.03828125 0.09218750 0.03906250
1 0.01875000 0.42109375 0.03750000 0.03593750
1 0.31328125 0.16250000 0.09218750 0.03750000
1 0.03046875 0.14296875 0.06093750 0.04218750
1 0.95625000 0.28046875 0.08750000 0.03593750
1 0.05703125 0.48906250 0.08593750 0.03750000
1 0.32812500 0.40000000 0.09062500 0.03750000
1 0.45859375 0.15703125 0.08281250 0.03593750
1 0.14687500 0.08984375 0.09062500 0.03906250
1 0.31171875 0.03828125 0.09531250 0.04218750
1 0.54062500 0.21406250 0.08437500 0.03750000
1 0.70000000 0.28203125 0.11250000 0.03906250
1 0.42500000 0.35000000 0.10000000 0.04375000
1 0.60234375 0.28203125 0.08906250 0.03593750
1 0.52734375 0.44609375 0.09218750 0.03593750
1 0.60703125 0.03984375 0.09531250 0.03906250
1 0.70234375 0.28125000 0.10781250 0.03750000
1 0.79218750 0.05312500 0.08750000 0.04062500
1 0.43359375 0.00390625 0.08281250 0.00781250
1 0.25234375 0.94687500 0.13906250 0.10625000
1 0.75468750 0.22187500 0.08750000 0.03750000
