1 0.45156250 0.28437500 0.09687500 0.03750000
1 0.93750000 0.11406250 0.03750000 0.05000000
1 0.62421875 0.16562500 0.10468750 0.03750000
1 0.75234375 0.16875000 0.09218750 0.04062500
1 0.95312500 0.04765625 0.09375000 0.03906250
1 0.78750000 0.29062500 0.09687500 0.03750000
1 0.91171875 0.22890625 0.09843750 0.03906250
1 0.19296875 0.20937500 0.08593750 0.03750000
1 0.42265625 0.22187500 0.08906250 0.03750000
1 0.52812500 0.22265625 0.09062500 0.03281250
1 0.34375000 0.15937500 0.07812500 0.03750000
1 0.22109375 0.09843750 0.08906250 0.04062500
1 0.99375000 0.23125000 0.01250000 0.03437500
1 0.33046875 0.28125000 0.08281250 0.03750000
1 0.82500000 0.04765625 0.09375000 0.03593750
1 0.97265625 0.17265625 0.05468750 0.03593750
1 0.67578125 0.28671875 0.09218750 0.03593750
1 0.21171875 0.27500000 0.09531250 0.04062500
1 0.34296875 0.10000000 0.08593750 0.04375000
1 0.54453125 0.04843750 0.08906250 0.04062500
1 0.22578125 0.15625000 0.09531250 0.03750000
1 0.81250000 0.48515625 0.10000000 0.03906250
1 0.49843750 0.15703125 0.09687500 0.03906250
1 0.30312500 0.21484375 0.08125000 0.03906250
1 0.69921875 0.53125000 0.05156250 0.03750000
1 0.78046875 0.22343750 0.08906250 0.04375000
1 0.98750000 0.29218750 0.02500000 0.04062500
1 0.74843750 0.10625000 0.10312500 0.03750000
1 0.64609375 0.22578125 0.07968750 0.04218750
1 0.46250000 0.10234375 0.09375000 0.03906250
1 0.97578125 0.11250000 0.04843750 0.05312500
1 0.90390625 0.29375000 0.08593750 0.03750000
1 0.42421875 0.04765625 0.07656250 0.03906250
1 0.56328125 0.28359375 0.09218750 0.03593750
1 0.60468750 0.10781250 0.09375000 0.04062500
1 0.68359375 0.04843750 0.09843750 0.04062500
1 0.86875000 0.11015625 0.08750000 0.03906250
1 0.67656250 0.53125000 0.09375000 0.03750000
1 0.86562500 0.16796875 0.09375000 0.03906250
0 0.26171875 0.04296875 0.25156250 0.06093750
