1 0.37265625 0.36171875 0.09218750 0.03906250
1 0.62031250 0.16484375 0.09687500 0.03593750
1 0.95703125 0.03515625 0.08593750 0.03906250
1 0.72968750 0.00312500 0.07187500 0.00625000
1 0.99453125 0.10390625 0.01093750 0.03281250
1 0.43515625 0.27734375 0.09531250 0.04531250
1 0.91250000 0.28515625 0.07500000 0.03906250
1 0.46328125 0.03984375 0.09843750 0.04218750
1 0.79375000 0.36250000 0.10312500 0.05000000
1 0.05781250 0.10390625 0.08437500 0.04218750
1 0.42265625 0.22343750 0.09531250 0.03750000
1 0.07578125 0.04296875 0.07968750 0.03593750
1 0.20468750 0.28203125 0.08750000 0.03593750
1 0.31718750 0.28203125 0.08437500 0.03906250
1 0.75781250 0.21406250 0.09062500 0.03750000
1 0.20937500 0.15625000 0.09375000 0.04062500
1 0.02421875 0.27890625 0.04843750 0.03593750
1 0.78593750 0.05078125 0.09375000 0.03593750
1 0.99453125 0.41718750 0.01093750 0.03125000
1 0.68515625 0.09921875 0.08906250 0.03593750
1 0.68125000 0.28515625 0.10312500 0.03593750
1 0.38984375 0.09687500 0.09218750 0.04062500
1 0.30390625 0.04218750 0.09218750 0.03750000
1 0.55468750 0.27734375 0.08437500 0.03281250
1 0.63750000 0.04062500 0.10000000 0.03750000
1 0.05390625 0.37031250 0.10781250 0.04375000
1 0.81406250 0.16406250 0.09062500 0.03750000
1 0.98359375 0.27734375 0.03281250 0.03281250
1 0.79921875 0.28203125 0.10156250 0.04218750
0 0.85937500 0.48984375 0.25937500 0.05781250
0 0.18906250 0.46562500 0.23750000 0.08750000
0 0.18906250 0.48359375 0.23750000 0.05156250
2 0.61093750 0.58750000 0.02187500 0.03750000
2 0.37265625 0.56640625 0.02656250 0.04218750
2 0.15000000 0.56484375 0.01875000 0.02343750
2 0.61015625 0.58125000 0.02031250 0.02187500
