1 0.46875000 0.20859375 0.08750000 0.03906250
1 0.55156250 0.26875000 0.08437500 0.03750000
1 0.75156250 0.03281250 0.09687500 0.03750000
1 0.42890625 0.26875000 0.09218750 0.04687500
1 0.21328125 0.09062500 0.07968750 0.03750000
1 0.96640625 0.03515625 0.06718750 0.03906250
1 0.86484375 0.03593750 0.08906250 0.03750000
1 0.94687500 0.27343750 0.08125000 0.07812500
1 0.93906250 0.08984375 0.09687500 0.03906250
1 0.20859375 0.14843750 0.08906250 0.03437500
1 0.33671875 0.15156250 0.08906250 0.03437500
1 0.46796875 0.03046875 0.08906250 0.03906250
1 0.31328125 0.27265625 0.07656250 0.03593750
1 0.85937500 0.15156250 0.10312500 0.03750000
1 0.20156250 0.27578125 0.09062500 0.03906250
1 0.32031250 0.09296875 0.08437500 0.03906250
1 0.34062500 0.20781250 0.09062500 0.03750000
1 0.46250000 0.14921875 0.09375000 0.03593750
1 0.80625000 0.08984375 0.08437500 0.03906250
1 0.42890625 0.08984375 0.07968750 0.04218750
1 0.19765625 0.20703125 0.09531250 0.03593750
1 0.59218750 0.15078125 0.10937500 0.03593750
1 0.69062500 0.09296875 0.09375000 0.03906250
1 0.61875000 0.21015625 0.10625000 0.03906250
1 0.67968750 0.27656250 0.10000000 0.04062500
1 0.35390625 0.02734375 0.09218750 0.03906250
1 0.20234375 0.03671875 0.09218750 0.03906250
1 0.55312500 0.08828125 0.09375000 0.03906250
1 0.60234375 0.02500000 0.08906250 0.03750000
1 0.72109375 0.15000000 0.09218750 0.03750000
1 0.96171875 0.15156250 0.07656250 0.03750000
