2 0.67890625 0.56171875 0.03906250 0.03906250
2 0.00703125 0.47265625 0.01406250 0.09531250
2 0.66796875 0.56171875 0.01718750 0.03906250
2 0.66093750 0.45078125 0.01875000 0.02968750
1 0.95234375 0.35390625 0.08593750 0.08593750
1 0.41093750 0.90468750 0.10000000 0.03750000
1 0.84218750 0.89687500 0.09687500 0.04062500
1 0.03359375 0.92109375 0.06718750 0.04218750
1 0.96171875 0.89296875 0.07656250 0.03906250
1 0.25156250 0.97265625 0.10000000 0.03906250
1 0.28281250 0.91328125 0.09375000 0.03906250
1 0.11171875 0.84218750 0.09843750 0.04375000
1 0.14921875 0.91796875 0.10156250 0.03906250
1 0.85156250 0.42109375 0.10312500 0.04843750
1 0.94140625 0.99453125 0.08906250 0.01093750
1 0.58125000 0.90859375 0.10312500 0.04843750
1 0.74140625 0.95937500 0.09531250 0.04062500
1 0.71093750 0.89765625 0.10312500 0.04218750
