0 0.26406250 0.04296875 0.24375000 0.05468750
1 0.95312500 0.05000000 0.09375000 0.04062500
1 0.45234375 0.28828125 0.09531250 0.03906250
1 0.60468750 0.11250000 0.08750000 0.04062500
1 0.46328125 0.10625000 0.09218750 0.03750000
1 0.98750000 0.36484375 0.02500000 0.17031250
1 0.19375000 0.21562500 0.08750000 0.04062500
1 0.86015625 0.17500000 0.07656250 0.04062500
1 0.22265625 0.10390625 0.08593750 0.04218750
1 0.34531250 0.16328125 0.07500000 0.03593750
1 0.97187500 0.17890625 0.05625000 0.03906250
1 0.82578125 0.05156250 0.09218750 0.03437500
1 0.56484375 0.28750000 0.09218750 0.03750000
1 0.21484375 0.27890625 0.09531250 0.03906250
1 0.34453125 0.10312500 0.08593750 0.04375000
1 0.42031250 0.22656250 0.08437500 0.03750000
1 0.22578125 0.15937500 0.09843750 0.03750000
1 0.30546875 0.21796875 0.08281250 0.03593750
1 0.62578125 0.17031250 0.10156250 0.04062500
1 0.68359375 0.05234375 0.09843750 0.03906250
1 0.99062500 0.33125000 0.01875000 0.10625000
1 0.52968750 0.22578125 0.08437500 0.02968750
1 0.86875000 0.11406250 0.08750000 0.04062500
1 0.74921875 0.10937500 0.10156250 0.03750000
1 0.96484375 0.11562500 0.07031250 0.05312500
1 0.50000000 0.16250000 0.09375000 0.04062500
1 0.42500000 0.05312500 0.07500000 0.03750000
1 0.67656250 0.29218750 0.09375000 0.03750000
1 0.75156250 0.17421875 0.09375000 0.04218750
1 0.55078125 0.05312500 0.09531250 0.04062500
1 0.33125000 0.28515625 0.08437500 0.03906250
