1 0.69062500 0.01406250 0.09687500 0.02812500
1 0.04921875 0.03515625 0.09843750 0.04218750
1 0.55312500 0.07421875 0.09687500 0.03906250
1 0.43125000 0.01875000 0.10937500 0.03750000
1 0.03671875 0.21093750 0.07343750 0.05937500
1 0.69687500 0.55781250 0.09375000 0.04375000
1 0.30625000 0.02656250 0.10937500 0.04375000
1 0.17265625 0.02734375 0.10156250 0.03593750
1 0.29609375 0.22421875 0.09843750 0.04218750
1 0.68593750 0.19843750 0.10312500 0.04062500
1 0.10625000 0.09531250 0.10000000 0.04062500
1 0.83671875 0.01328125 0.09531250 0.02656250
1 0.95546875 0.00703125 0.08906250 0.01406250
1 0.96250000 0.05859375 0.07500000 0.03906250
1 0.42031250 0.08437500 0.10625000 0.04375000
1 0.57343750 0.01796875 0.10000000 0.03593750
1 0.69687500 0.06953125 0.10312500 0.03906250
1 0.23359375 0.08828125 0.11406250 0.04843750
1 0.82265625 0.06953125 0.10468750 0.03906250
