2 0.08828125 0.46250000 0.02343750 0.02187500
2 0.10625000 0.52187500 0.04062500 0.03750000
2 0.07734375 0.46406250 0.04531250 0.03437500
2 0.33437500 0.48593750 0.02187500 0.01875000
2 0.40859375 0.38671875 0.01718750 0.04843750
2 0.82343750 0.26875000 0.02500000 0.01562500
2 0.98437500 0.44296875 0.02500000 0.01406250
2 0.31562500 0.54062500 0.02187500 0.02500000
2 0.87265625 0.64062500 0.02031250 0.02812500
2 0.11796875 0.14375000 0.08906250 0.18750000
2 0.92421875 0.34687500 0.03281250 0.03437500
2 0.80468750 0.28437500 0.02500000 0.01875000
2 0.06718750 0.46875000 0.02500000 0.02812500
2 0.11484375 0.51328125 0.02656250 0.02343750
2 0.19921875 0.56171875 0.04218750 0.02656250
2 0.85156250 0.58046875 0.02500000 0.02031250
2 0.34687500 0.48671875 0.04687500 0.02343750
2 0.88203125 0.27500000 0.02031250 0.02187500
2 0.07187500 0.55546875 0.02187500 0.02343750
2 0.22656250 0.54765625 0.02500000 0.02968750
2 0.06562500 0.44765625 0.03125000 0.02343750
2 0.96171875 0.54140625 0.02968750 0.01406250
2 0.21171875 0.55703125 0.02031250 0.01718750
2 0.92265625 0.53515625 0.02343750 0.01406250
2 0.84453125 0.44140625 0.02343750 0.01406250
2 0.31484375 0.54296875 0.02656250 0.02968750
2 0.89843750 0.51953125 0.02500000 0.02968750
2 0.27890625 0.61093750 0.03281250 0.03437500
2 0.08125000 0.55859375 0.04062500 0.03281250
2 0.19062500 0.56250000 0.02500000 0.02812500
2 0.31796875 0.53750000 0.01718750 0.01875000
2 0.23828125 0.54609375 0.04843750 0.03281250
2 0.81250000 0.27812500 0.04062500 0.03125000
2 0.98671875 0.28281250 0.02656250 0.03437500
2 0.06484375 0.45859375 0.03281250 0.04531250
2 0.39218750 0.44062500 0.02500000 0.02187500
2 0.13828125 0.50468750 0.03593750 0.03750000
2 0.59765625 0.34218750 0.03281250 0.01875000
2 0.19062500 0.51406250 0.03125000 0.01875000
2 0.25625000 0.57890625 0.03125000 0.03593750
2 0.10859375 0.48515625 0.02968750 0.02343750
2 0.87265625 0.27734375 0.03906250 0.02343750
2 0.37031250 0.53203125 0.03750000 0.03281250
2 0.40546875 0.53906250 0.02031250 0.02812500
2 0.37500000 0.52500000 0.02812500 0.02187500
2 0.25234375 0.54218750 0.02656250 0.02187500
2 0.25234375 0.46328125 0.02343750 0.02656250
2 0.92812500 0.34765625 0.02187500 0.03281250
2 0.41015625 0.54296875 0.02968750 0.03593750
2 0.30546875 0.01796875 0.01093750 0.01406250
2 0.08984375 0.46093750 0.02031250 0.02187500
2 0.16171875 0.41640625 0.02968750 0.02656250
2 0.36093750 0.53593750 0.02187500 0.02812500
2 0.35937500 0.48437500 0.02187500 0.01875000
2 0.87421875 0.51640625 0.01718750 0.02031250
2 0.09218750 0.55937500 0.01875000 0.01875000
2 0.87343750 0.36640625 0.01875000 0.03281250
2 0.19062500 0.52031250 0.03437500 0.03125000
2 0.24531250 0.36796875 0.01250000 0.02031250
2 0.32890625 0.03671875 0.01406250 0.02031250
2 0.85000000 0.54062500 0.02812500 0.02187500
2 0.15625000 0.54687500 0.03437500 0.03437500
0 0.37343750 0.67031250 0.25937500 0.05937500
1 0.51015625 0.79296875 0.09843750 0.03906250
1 0.98750000 0.28359375 0.02500000 0.03593750
1 0.57734375 0.40859375 0.10468750 0.04218750
1 0.93828125 0.77812500 0.10156250 0.04062500
1 0.77890625 0.78593750 0.10156250 0.04062500
1 0.31796875 0.21875000 0.04218750 0.09062500
1 0.96640625 0.71796875 0.06718750 0.03906250
1 0.19062500 0.74140625 0.09375000 0.03906250
1 0.45546875 0.39140625 0.11093750 0.05781250
1 0.21093750 0.16328125 0.04375000 0.10156250
1 0.49921875 0.72656250 0.09843750 0.04062500
1 0.78593750 0.66718750 0.09687500 0.04062500
1 0.84140625 0.40781250 0.11406250 0.05000000
1 0.65390625 0.72968750 0.10156250 0.03750000
1 0.96328125 0.39687500 0.07343750 0.04062500
1 0.61562500 0.66562500 0.06562500 0.04062500
1 0.48984375 0.23593750 0.07968750 0.08125000
1 0.64218750 0.78906250 0.10312500 0.04062500
1 0.71875000 0.28359375 0.09687500 0.04218750
1 0.99296875 0.65859375 0.01406250 0.03906250
1 0.85625000 0.71328125 0.09375000 0.04218750
