1 0.88437500 0.02265625 0.10312500 0.04531250
1 0.05781250 0.30078125 0.10000000 0.04218750
1 0.06328125 0.75937500 0.04218750 0.10625000
1 0.12031250 0.66328125 0.05000000 0.10468750
1 0.17578125 0.23593750 0.09531250 0.04062500
1 0.01562500 0.88828125 0.03125000 0.09843750
1 0.11875000 0.79218750 0.04062500 0.10625000
1 0.27968750 0.41562500 0.10000000 0.07187500
1 0.36562500 0.25859375 0.09687500 0.05156250
1 0.81640625 0.09218750 0.10781250 0.04375000
1 0.01328125 0.75234375 0.02656250 0.09843750
1 0.01640625 0.98046875 0.03281250 0.03906250
1 0.50156250 0.10234375 0.10000000 0.04218750
1 0.94609375 0.08281250 0.09218750 0.04062500
1 0.66796875 0.33515625 0.11093750 0.04843750
1 0.52343750 0.27812500 0.10312500 0.04375000
1 0.56562500 0.04218750 0.09062500 0.03750000
1 0.06640625 0.92421875 0.04218750 0.09843750
1 0.69531250 0.19375000 0.10312500 0.04062500
1 0.62812500 0.09609375 0.11250000 0.04843750
1 0.12968750 0.96093750 0.04062500 0.07812500
