1 0.60625000 0.26953125 0.10312500 0.03906250
1 0.05625000 0.09765625 0.07812500 0.07968750
1 0.76562500 0.15156250 0.08125000 0.03437500
1 0.98125000 0.02578125 0.03750000 0.03593750
1 0.83750000 0.02890625 0.07500000 0.03593750
1 0.57656250 0.03359375 0.09687500 0.03906250
1 0.88203125 0.27421875 0.08593750 0.03906250
1 0.97890625 0.26953125 0.04218750 0.03906250
1 0.60546875 0.20859375 0.08593750 0.03593750
1 0.62578125 0.08750000 0.08906250 0.03750000
1 0.91093750 0.14687500 0.10312500 0.04375000
1 0.98046875 0.43515625 0.03906250 0.04218750
1 0.76640625 0.08593750 0.08593750 0.03750000
1 0.71953125 0.20546875 0.08906250 0.04218750
1 0.98828125 0.08437500 0.02343750 0.03437500
1 0.74296875 0.27187500 0.09531250 0.03750000
1 0.70390625 0.02968750 0.08593750 0.03750000
1 0.69062500 0.38515625 0.10312500 0.05468750
1 0.89140625 0.08359375 0.09218750 0.03906250
1 0.60078125 0.15078125 0.09531250 0.03906250
1 0.84375000 0.20703125 0.08750000 0.03593750
