1 0.77421875 0.98515625 0.09531250 0.02968750
1 0.86250000 0.83906250 0.09687500 0.04687500
1 0.00625000 0.46015625 0.01250000 0.07343750
1 0.35234375 0.92187500 0.09218750 0.04062500
1 0.10937500 0.21718750 0.04062500 0.08750000
1 0.03437500 0.98359375 0.06875000 0.03281250
1 0.36406250 0.98281250 0.09062500 0.03437500
1 0.23515625 0.92890625 0.08593750 0.03906250
1 0.31718750 0.45859375 0.04375000 0.08906250
1 0.12343750 0.46484375 0.04687500 0.07031250
1 0.03437500 0.44531250 0.05312500 0.09375000
1 0.59687500 0.92500000 0.08437500 0.03750000
1 0.49218750 0.98125000 0.08437500 0.03750000
1 0.48359375 0.92890625 0.09218750 0.03906250
1 0.01875000 0.25078125 0.03750000 0.06718750
1 0.63203125 0.98046875 0.08906250 0.03906250
1 0.55078125 0.40390625 0.04218750 0.09218750
1 0.71406250 0.92265625 0.09375000 0.04218750
2 0.03281250 0.37109375 0.01875000 0.01406250
2 0.99453125 0.39843750 0.01093750 0.01875000
2 0.99453125 0.79296875 0.01093750 0.02656250
2 0.86093750 0.45703125 0.01250000 0.01718750
2 0.99453125 0.56015625 0.01093750 0.02656250
2 0.17968750 0.63437500 0.03125000 0.01562500
2 0.87343750 0.50000000 0.01875000 0.01562500
2 0.31328125 0.92421875 0.01406250 0.02343750
2 0.02500000 0.14843750 0.02187500 0.03125000
2 0.93359375 0.49765625 0.02343750 0.02031250
