1 0.34140625 0.62265625 0.07968750 0.06406250
1 0.95312500 0.04609375 0.08125000 0.03281250
1 0.92421875 0.48593750 0.08906250 0.03750000
1 0.01562500 0.23906250 0.03125000 0.04687500
1 0.19609375 0.36250000 0.08281250 0.03750000
1 0.39062500 0.47656250 0.07500000 0.03437500
1 0.43281250 0.02812500 0.08750000 0.03437500
1 0.11484375 0.03359375 0.09218750 0.03906250
1 0.02265625 0.54609375 0.04531250 0.03593750
1 0.91718750 0.41718750 0.08437500 0.04375000
1 0.17890625 0.16796875 0.08593750 0.03593750
1 0.13046875 0.42187500 0.09531250 0.03750000
1 0.16953125 0.47656250 0.08593750 0.03437500
1 0.75625000 0.05468750 0.08750000 0.03750000
1 0.62500000 0.18437500 0.07812500 0.04062500
1 0.36406250 0.12343750 0.09687500 0.03750000
1 0.95703125 0.18593750 0.08593750 0.03750000
1 0.65859375 0.48046875 0.09531250 0.03906250
1 0.45703125 0.36406250 0.08593750 0.03750000
1 0.73984375 0.59609375 0.04218750 0.04843750
1 0.54687500 0.09218750 0.08437500 0.03750000
1 0.62187500 0.02968750 0.05625000 0.03437500
1 0.68593750 0.13750000 0.09062500 0.03750000
1 0.83750000 0.35937500 0.09375000 0.04375000
2 0.61953125 0.91640625 0.02031250 0.03593750
2 0.15468750 0.80078125 0.02187500 0.01718750
2 0.86718750 0.61796875 0.02500000 0.01718750
2 0.00703125 0.59687500 0.01406250 0.03125000
2 0.00703125 0.60625000 0.01406250 0.01562500
2 0.47343750 0.64375000 0.03437500 0.01875000
2 0.87812500 0.61875000 0.01875000 0.01562500
2 0.22656250 0.68203125 0.02187500 0.01718750
2 0.26171875 0.55312500 0.02656250 0.02187500
2 0.25546875 0.61484375 0.02031250 0.02031250
2 0.13671875 0.67031250 0.02343750 0.02500000
2 0.94140625 0.85000000 0.01718750 0.02500000
2 0.88515625 0.92343750 0.02031250 0.02500000
2 0.73984375 0.59765625 0.03593750 0.04843750
2 0.28281250 0.54921875 0.01562500 0.01718750
2 0.92890625 0.73125000 0.01406250 0.01562500
2 0.13515625 0.79531250 0.01406250 0.01250000
2 0.00703125 0.58984375 0.01406250 0.01718750
2 0.94296875 0.84531250 0.01406250 0.01562500
2 0.26093750 0.75078125 0.01875000 0.02343750
2 0.47343750 0.90078125 0.01875000 0.02968750
2 0.95625000 0.88046875 0.01875000 0.01718750
2 0.70546875 0.91250000 0.02031250 0.02812500
2 0.15078125 0.80703125 0.04218750 0.03593750
2 0.15781250 0.80937500 0.02500000 0.03125000
2 0.16328125 0.61015625 0.02656250 0.02031250
2 0.26953125 0.75312500 0.03593750 0.03125000
2 0.87031250 0.61718750 0.03125000 0.01875000
2 0.08828125 0.81406250 0.02031250 0.02187500
2 0.73750000 0.60468750 0.02812500 0.03437500
2 0.99296875 0.76640625 0.01406250 0.05781250
2 0.33437500 0.89140625 0.01250000 0.01406250
2 0.33984375 0.88593750 0.02343750 0.03750000
2 0.69140625 0.68203125 0.01406250 0.01718750
2 0.74296875 0.61328125 0.01718750 0.01718750
2 0.27031250 0.54531250 0.04062500 0.03437500
2 0.99375000 0.98750000 0.01250000 0.02500000
2 0.82031250 0.96640625 0.01875000 0.02031250
2 0.73359375 0.59453125 0.02031250 0.02031250
2 0.82187500 0.96953125 0.02187500 0.02968750
2 0.82500000 0.56171875 0.02812500 0.02343750
2 0.47343750 0.90703125 0.01562500 0.01718750
2 0.86406250 0.61796875 0.01875000 0.01718750
2 0.25937500 0.61250000 0.03125000 0.02500000
2 0.16484375 0.81640625 0.01406250 0.01718750
2 0.99375000 0.74296875 0.01250000 0.01406250
2 0.88125000 0.93359375 0.01562500 0.03281250
