2 0.79296875 0.27343750 0.01406250 0.01875000
2 0.23281250 0.38984375 0.01875000 0.03281250
2 0.29062500 0.55156250 0.02187500 0.03125000
2 0.13125000 0.06250000 0.01562500 0.02187500
2 0.91796875 0.31406250 0.01718750 0.02187500
1 0.96875000 0.28281250 0.05625000 0.03437500
1 0.70390625 0.72734375 0.10781250 0.04218750
1 0.90078125 0.78281250 0.11406250 0.04375000
1 0.67890625 0.40703125 0.09531250 0.04218750
1 0.44921875 0.67421875 0.09531250 0.04843750
1 0.86484375 0.71875000 0.11718750 0.05000000
1 0.54765625 0.41250000 0.10468750 0.04375000
1 0.05937500 0.29453125 0.04375000 0.09843750
1 0.29687500 0.61484375 0.10000000 0.04531250
1 0.16484375 0.91015625 0.09218750 0.07031250
1 0.28593750 0.22734375 0.04062500 0.09218750
1 0.42421875 0.39375000 0.10156250 0.05937500
1 0.41250000 0.44531250 0.12500000 0.04687500
1 0.81093750 0.41015625 0.11562500 0.04843750
1 0.17812500 0.17343750 0.04062500 0.10312500
1 0.12734375 0.42656250 0.05156250 0.09687500
1 0.57187500 0.72812500 0.09687500 0.03750000
1 0.94375000 0.39531250 0.08750000 0.04062500
1 0.71640625 0.78828125 0.10156250 0.04218750
1 0.43906250 0.80078125 0.10625000 0.04843750
1 0.44531250 0.73671875 0.10937500 0.04218750
1 0.45937500 0.24140625 0.08125000 0.07968750
1 0.66171875 0.41718750 0.13281250 0.06250000
1 0.68671875 0.28515625 0.09843750 0.04531250
