1 0.36015625 0.82500000 0.09531250 0.03750000
1 0.27031250 0.93203125 0.10000000 0.03906250
1 0.72734375 0.65625000 0.09531250 0.04375000
1 0.87656250 0.76953125 0.09687500 0.03906250
1 0.32500000 0.76953125 0.09375000 0.03593750
1 0.40468750 0.93046875 0.10625000 0.03906250
1 0.02109375 0.46875000 0.04218750 0.08750000
1 0.03984375 0.79843750 0.07968750 0.03750000
1 0.82109375 0.93671875 0.09218750 0.03906250
1 0.55703125 0.71953125 0.08906250 0.03906250
1 0.14687500 0.22031250 0.04375000 0.09062500
1 0.03125000 0.93046875 0.06250000 0.04531250
1 0.16171875 0.47109375 0.04531250 0.07031250
1 0.97890625 0.87812500 0.04218750 0.04062500
1 0.32890625 0.98359375 0.09218750 0.03281250
1 0.55156250 0.92968750 0.08437500 0.03750000
1 0.84375000 0.82812500 0.08750000 0.03437500
1 0.35546875 0.46484375 0.04218750 0.09218750
1 0.07031250 0.45078125 0.05312500 0.09531250
1 0.17890625 0.84218750 0.09218750 0.03437500
1 0.69843750 0.98671875 0.09687500 0.02656250
1 0.69843750 0.73359375 0.09375000 0.03593750
1 0.58984375 0.40703125 0.03906250 0.09218750
1 0.32031250 0.66640625 0.08750000 0.03281250
1 0.83281250 0.98359375 0.09375000 0.03281250
1 0.15000000 0.66796875 0.08750000 0.03593750
1 0.04375000 0.73281250 0.08750000 0.03750000
1 0.04218750 0.98593750 0.08437500 0.02812500
1 0.01328125 0.25234375 0.02656250 0.09218750
1 0.45937500 0.98359375 0.08437500 0.03281250
1 0.61406250 0.79062500 0.09062500 0.03125000
1 0.26171875 0.20312500 0.04843750 0.08437500
1 0.95781250 0.70546875 0.08437500 0.03906250
1 0.62265625 0.84687500 0.08906250 0.03750000
1 0.40937500 0.71640625 0.09687500 0.03593750
1 0.05156250 0.25312500 0.04375000 0.06875000
1 0.57421875 0.98515625 0.07968750 0.02968750
1 0.69687500 0.92812500 0.09375000 0.03437500
1 0.14375000 0.93203125 0.09062500 0.03906250
1 0.38046875 0.27812500 0.03906250 0.02812500
1 0.19765625 0.98515625 0.09531250 0.02968750
2 0.78671875 0.49218750 0.02343750 0.01562500
2 0.42109375 0.63125000 0.02968750 0.01250000
2 0.90156250 0.59218750 0.02500000 0.01562500
2 0.01562500 0.53828125 0.02187500 0.02343750
2 0.47500000 0.62031250 0.02187500 0.01250000
2 0.95078125 0.61484375 0.02343750 0.02656250
2 0.32656250 0.60390625 0.03125000 0.03281250
2 0.32421875 0.59687500 0.02656250 0.01875000
2 0.58671875 0.60781250 0.02656250 0.01562500
2 0.94687500 0.52265625 0.02500000 0.02031250
