1 0.83203125 0.65390625 0.09218750 0.03906250
1 0.59843750 0.96093750 0.08750000 0.03750000
1 0.29218750 0.55937500 0.04062500 0.02812500
1 0.85937500 0.83671875 0.09375000 0.03593750
1 0.94609375 0.95546875 0.08281250 0.03593750
1 0.38046875 0.57031250 0.03593750 0.02500000
1 0.60859375 0.77656250 0.07968750 0.03437500
1 0.45859375 0.66796875 0.08281250 0.03593750
1 0.60625000 0.83515625 0.08750000 0.03593750
1 0.75078125 0.71484375 0.09218750 0.03906250
1 0.56406250 0.61015625 0.06875000 0.02343750
1 0.96640625 0.83750000 0.06718750 0.03750000
1 0.95000000 0.77578125 0.09375000 0.03906250
1 0.20468750 0.82734375 0.03437500 0.02656250
1 0.57031250 0.63671875 0.04375000 0.02656250
1 0.86250000 0.71796875 0.09375000 0.03593750
1 0.34531250 0.60625000 0.03750000 0.02812500
1 0.97968750 0.89609375 0.04062500 0.03906250
1 0.71718750 0.77890625 0.08437500 0.03906250
1 0.73437500 0.83828125 0.08750000 0.03593750
1 0.97578125 0.71328125 0.04843750 0.03906250
1 0.86562500 0.89453125 0.09062500 0.03906250
1 0.73671875 0.89531250 0.09218750 0.03750000
1 0.82578125 0.95625000 0.09531250 0.04375000
1 0.59843750 0.72421875 0.09375000 0.03906250
1 0.59453125 0.89375000 0.09531250 0.03750000
1 0.23906250 0.45546875 0.02500000 0.04843750
1 0.82578125 0.77578125 0.07656250 0.03906250
1 0.69921875 0.95781250 0.10156250 0.04062500
