0 0.92343750 0.02734375 0.15312500 0.05156250
0 0.84296875 0.21484375 0.26093750 0.05468750
0 0.31875000 0.03125000 0.25312500 0.05312500
0 0.58125000 0.02656250 0.25937500 0.05312500
0 0.45156250 0.02890625 0.51875000 0.05781250
1 0.87890625 0.09062500 0.09843750 0.03750000
1 0.74921875 0.09062500 0.08906250 0.03437500
1 0.38281250 0.52578125 0.09375000 0.03906250
1 0.73593750 0.27187500 0.09375000 0.03750000
1 0.52656250 0.21015625 0.09062500 0.03281250
1 0.97187500 0.40234375 0.05625000 0.03906250
1 0.37578125 0.15546875 0.09218750 0.03593750
1 0.24375000 0.27343750 0.09687500 0.03750000
1 0.36875000 0.09531250 0.09062500 0.04062500
1 0.40390625 0.21406250 0.09218750 0.03750000
1 0.63828125 0.15390625 0.09843750 0.03593750
1 0.96250000 0.27578125 0.07500000 0.03593750
1 0.64531250 0.42578125 0.09375000 0.05156250
1 0.04140625 0.52656250 0.08281250 0.04375000
1 0.34921875 0.27578125 0.09531250 0.03593750
1 0.24765625 0.15234375 0.09531250 0.03593750
1 0.99531250 0.21015625 0.00937500 0.02968750
1 0.25390625 0.21484375 0.09531250 0.04531250
1 0.92578125 0.15000000 0.09218750 0.03437500
1 0.64843750 0.21093750 0.09687500 0.03750000
1 0.97343750 0.08984375 0.05312500 0.04218750
1 0.86406250 0.27109375 0.09687500 0.03906250
1 0.61406250 0.27578125 0.09375000 0.03593750
1 0.48125000 0.15078125 0.08437500 0.03906250
1 0.47578125 0.27734375 0.09843750 0.03906250
1 0.24140625 0.09218750 0.09218750 0.03437500
1 0.49687500 0.09609375 0.09687500 0.03593750
1 0.62578125 0.09453125 0.10781250 0.03593750
1 0.75703125 0.15156250 0.08906250 0.03437500
1 0.78437500 0.03359375 0.09687500 0.03906250
1 0.46484375 0.02734375 0.03281250 0.05468750
