1 0.38437500 0.85312500 0.10312500 0.06250000
1 0.89843750 0.02421875 0.04062500 0.04843750
1 0.75703125 0.96562500 0.06093750 0.06875000
1 0.25703125 0.07734375 0.03906250 0.10468750
1 0.52890625 0.32265625 0.04218750 0.09531250
1 0.58593750 0.24375000 0.03750000 0.10000000
1 0.01796875 0.87890625 0.03593750 0.03906250
1 0.34687500 0.20546875 0.04687500 0.09218750
1 0.95781250 0.83125000 0.08437500 0.05000000
1 0.41484375 0.20078125 0.03593750 0.04531250
1 0.25781250 0.94062500 0.10625000 0.04375000
1 0.59531250 0.01250000 0.03750000 0.02500000
1 0.19375000 0.34296875 0.08750000 0.08593750
1 0.70781250 0.23671875 0.04062500 0.09531250
1 0.23984375 0.19765625 0.07031250 0.09531250
1 0.09140625 0.40625000 0.10156250 0.04687500
1 0.70859375 0.12187500 0.03906250 0.10000000
1 0.01796875 0.98671875 0.03593750 0.02656250
1 0.65390625 0.82968750 0.09843750 0.06875000
1 0.49296875 0.51718750 0.06093750 0.10000000
1 0.58671875 0.10000000 0.03906250 0.10000000
1 0.64921875 0.07968750 0.03906250 0.10000000
1 0.76640625 0.05390625 0.04218750 0.10781250
1 0.65000000 0.20625000 0.03750000 0.10000000
1 0.52421875 0.86250000 0.09843750 0.04687500
1 0.71640625 0.01171875 0.03906250 0.02343750
1 0.76406250 0.19609375 0.04062500 0.09843750
2 0.91015625 0.46250000 0.03281250 0.02500000
2 0.06875000 0.44375000 0.01562500 0.01562500
2 0.80156250 0.77734375 0.02187500 0.04218750
2 0.33515625 0.47265625 0.02031250 0.02343750
2 0.00703125 0.58359375 0.01406250 0.01718750
2 0.00859375 0.38125000 0.01718750 0.01875000
2 0.90234375 0.66562500 0.02968750 0.03125000
2 0.72265625 0.86640625 0.02343750 0.01406250
2 0.29609375 0.54765625 0.03281250 0.02343750
2 0.32812500 0.54140625 0.03125000 0.02031250
2 0.48046875 0.12890625 0.02343750 0.03281250
2 0.30468750 0.54687500 0.01875000 0.02187500
2 0.37578125 0.45546875 0.02343750 0.01718750
2 0.89609375 0.67187500 0.01718750 0.01875000
2 0.86328125 0.43281250 0.03281250 0.01875000
