1 0.58203125 0.40781250 0.08906250 0.03750000
1 0.95546875 0.18828125 0.05156250 0.05156250
1 0.95546875 0.97187500 0.08906250 0.04062500
1 0.79531250 0.37812500 0.04687500 0.10312500
1 0.01250000 0.62109375 0.02500000 0.03906250
1 0.02734375 0.73750000 0.05468750 0.04375000
1 0.27109375 0.80000000 0.10156250 0.05000000
1 0.40000000 0.61640625 0.10000000 0.05781250
1 0.96953125 0.71796875 0.06093750 0.04218750
1 0.81640625 0.92265625 0.09843750 0.04218750
1 0.06406250 0.39609375 0.10625000 0.06093750
1 0.25078125 0.91015625 0.10156250 0.04218750
1 0.96796875 0.66328125 0.06406250 0.03906250
1 0.07343750 0.80468750 0.08750000 0.03750000
1 0.18750000 0.41562500 0.10312500 0.04375000
1 0.10312500 0.24296875 0.08125000 0.07968750
1 0.48515625 0.28828125 0.03593750 0.02343750
1 0.72656250 0.61250000 0.10312500 0.03750000
1 0.99140625 0.78593750 0.01718750 0.03750000
1 0.98906250 0.37968750 0.02187500 0.10625000
1 0.06015625 0.98203125 0.07656250 0.03593750
1 0.84218750 0.38046875 0.04687500 0.09843750
1 0.64531250 0.72968750 0.10312500 0.04062500
1 0.32890625 0.29296875 0.09843750 0.03906250
1 0.99453125 0.60546875 0.01093750 0.03906250
1 0.90156250 0.78593750 0.10000000 0.04062500
1 0.67578125 0.78984375 0.10781250 0.04218750
1 0.45156250 0.41796875 0.11562500 0.04843750
1 0.42500000 0.97421875 0.10625000 0.04531250
1 0.49453125 0.88515625 0.10781250 0.04218750
1 0.61093750 0.29218750 0.05625000 0.02812500
1 0.90390625 0.38515625 0.04531250 0.09531250
1 0.19531250 0.62187500 0.10312500 0.04062500
0 0.34453125 0.67343750 0.13593750 0.05312500
0 0.41406250 0.67187500 0.27500000 0.05625000
