2 0.17890625 0.98671875 0.03281250 0.02656250
2 0.13281250 0.66093750 0.01562500 0.01562500
2 0.13671875 0.65859375 0.02343750 0.02031250
2 0.26953125 0.74843750 0.03281250 0.03125000
2 0.61484375 0.39218750 0.01718750 0.01875000
2 0.13515625 0.62187500 0.02031250 0.01875000
2 0.45625000 0.35468750 0.03125000 0.01562500
2 0.93828125 0.83515625 0.01093750 0.01718750
2 0.10781250 0.49218750 0.02187500 0.01875000
2 0.85625000 0.12578125 0.01875000 0.02343750
2 0.19296875 0.74921875 0.02031250 0.02656250
2 0.95781250 0.90625000 0.01562500 0.01562500
2 0.17187500 0.08515625 0.01562500 0.02031250
2 0.71718750 0.94296875 0.01562500 0.02656250
2 0.20312500 0.48359375 0.03125000 0.01406250
2 0.86796875 0.60859375 0.01718750 0.01406250
2 0.13437500 0.62187500 0.02187500 0.01875000
2 0.17421875 0.08906250 0.02031250 0.02812500
2 0.26562500 0.74687500 0.02187500 0.02812500
2 0.14296875 0.65156250 0.02656250 0.02187500
2 0.30468750 0.70312500 0.02812500 0.03437500
2 0.93515625 0.84453125 0.01718750 0.03281250
2 0.85312500 0.13046875 0.02500000 0.03593750
2 0.13359375 0.78125000 0.01718750 0.01250000
2 0.81093750 0.94062500 0.03125000 0.05000000
2 0.11875000 0.50703125 0.01250000 0.01718750
2 0.79062500 0.99296875 0.02187500 0.01406250
2 0.93359375 0.85078125 0.01406250 0.02031250
2 0.13125000 0.47265625 0.01875000 0.01718750
2 0.35859375 0.91640625 0.01093750 0.04218750
2 0.15625000 0.78828125 0.01875000 0.01718750
2 0.27500000 0.58125000 0.01875000 0.01562500
2 0.15859375 0.79531250 0.02343750 0.03125000
2 0.26328125 0.69843750 0.02656250 0.02500000
2 0.08906250 0.19531250 0.01875000 0.02500000
2 0.63671875 0.20625000 0.02656250 0.01562500
2 0.16328125 0.64687500 0.02343750 0.02187500
2 0.62109375 0.38750000 0.02968750 0.02812500
2 0.17578125 0.09687500 0.02343750 0.04375000
2 0.13750000 0.65859375 0.02500000 0.02031250
2 0.84843750 0.13203125 0.03750000 0.03906250
2 0.01093750 0.98593750 0.02187500 0.02812500
2 0.50937500 0.69218750 0.01875000 0.03125000
2 0.50546875 0.94453125 0.01406250 0.03906250
2 0.86875000 0.61093750 0.01562500 0.01875000
2 0.62656250 0.38593750 0.02187500 0.02500000
2 0.02734375 0.84375000 0.02343750 0.01875000
2 0.51640625 0.68984375 0.03281250 0.03593750
2 0.34375000 0.65000000 0.03437500 0.02812500
2 0.96875000 0.64921875 0.01562500 0.02031250
2 0.87265625 0.92578125 0.02031250 0.02656250
2 0.85625000 0.98046875 0.01875000 0.02968750
2 0.81953125 0.95625000 0.01406250 0.01875000
2 0.08828125 0.80156250 0.02343750 0.02187500
2 0.80546875 0.93046875 0.01406250 0.02968750
2 0.47109375 0.50156250 0.03593750 0.03125000
2 0.33203125 0.88203125 0.01406250 0.01718750
2 0.79296875 0.99062500 0.02343750 0.01875000
2 0.47656250 0.49921875 0.02500000 0.02968750
2 0.78750000 0.94765625 0.01875000 0.02968750
2 0.84453125 0.92265625 0.01406250 0.02031250
2 0.63203125 0.20546875 0.01718750 0.01406250
2 0.16250000 0.80156250 0.01562500 0.01875000
2 0.86640625 0.61250000 0.02031250 0.02187500
2 0.70546875 0.93437500 0.01406250 0.04375000
2 0.86250000 0.61171875 0.02812500 0.02656250
2 0.84062500 0.93203125 0.01875000 0.02031250
1 0.78984375 0.60468750 0.07656250 0.08437500
1 0.53671875 0.12031250 0.07343750 0.07187500
1 0.01328125 0.35234375 0.02656250 0.03906250
1 0.62578125 0.01718750 0.04531250 0.03437500
1 0.51796875 0.69062500 0.03593750 0.03750000
1 0.03750000 0.46484375 0.07500000 0.04843750
1 0.30468750 0.70312500 0.03125000 0.03437500
1 0.21015625 0.59062500 0.03906250 0.02500000
1 0.42578125 0.21171875 0.09531250 0.07031250
1 0.26406250 0.69921875 0.02812500 0.02656250
1 0.69296875 0.55078125 0.07968750 0.07656250
1 0.19921875 0.27656250 0.09843750 0.04375000
1 0.02109375 0.40781250 0.04218750 0.04375000
1 0.39218750 0.71953125 0.05937500 0.08593750
1 0.02031250 0.29062500 0.04062500 0.03750000
1 0.53828125 0.02734375 0.07031250 0.05468750
1 0.27031250 0.74765625 0.03437500 0.03281250
1 0.99296875 0.71250000 0.01406250 0.02500000
