0 0.06640625 0.48593750 0.13281250 0.05312500
0 0.69843750 0.05390625 0.25312500 0.05468750
0 0.32812500 0.15781250 0.11875000 0.04062500
1 0.79062500 0.16875000 0.09687500 0.03750000
1 0.01250000 0.16093750 0.02500000 0.02500000
1 0.31953125 0.28281250 0.08593750 0.03750000
1 0.25546875 0.04609375 0.09218750 0.03906250
1 0.42734375 0.28281250 0.09531250 0.03750000
1 0.86171875 0.11406250 0.09531250 0.04062500
1 0.11718750 0.36250000 0.09062500 0.03750000
1 0.83984375 0.49296875 0.10468750 0.03906250
1 0.06953125 0.09921875 0.08593750 0.03593750
1 0.98828125 0.17421875 0.02343750 0.03593750
1 0.17578125 0.22109375 0.09531250 0.03906250
1 0.22031250 0.28203125 0.10625000 0.03906250
1 0.41875000 0.22187500 0.08437500 0.03750000
1 0.87968750 0.29140625 0.10312500 0.03906250
1 0.93437500 0.38203125 0.09375000 0.03593750
1 0.99218750 0.44218750 0.01562500 0.03125000
1 0.70156250 0.22968750 0.09687500 0.03750000
1 0.65078125 0.28750000 0.09531250 0.03750000
1 0.97343750 0.23203125 0.05312500 0.03906250
1 0.45937500 0.36875000 0.07500000 0.03750000
1 0.05312500 0.04687500 0.08437500 0.03750000
1 0.54296875 0.28984375 0.09531250 0.03906250
1 0.61093750 0.41953125 0.09375000 0.03593750
1 0.52734375 0.16171875 0.09531250 0.03593750
1 0.58437500 0.10703125 0.10312500 0.04843750
1 0.23281250 0.42734375 0.10000000 0.03906250
1 0.97500000 0.29140625 0.05000000 0.03906250
1 0.76875000 0.28984375 0.08750000 0.03906250
