1 0.14062500 0.51484375 0.03125000 0.02343750
1 0.62968750 0.77343750 0.09062500 0.03750000
1 0.88984375 0.96093750 0.08593750 0.03750000
1 0.38750000 0.59687500 0.03125000 0.02187500
1 0.35000000 0.53750000 0.02500000 0.02187500
1 0.61093750 0.95546875 0.10312500 0.03593750
1 0.27343750 0.57500000 0.03125000 0.02500000
1 0.16953125 0.56562500 0.03281250 0.02500000
1 0.24765625 0.45390625 0.02656250 0.04843750
1 0.91484375 0.83281250 0.10468750 0.04375000
1 0.70703125 0.71562500 0.08593750 0.03750000
1 0.54062500 0.59531250 0.03125000 0.02187500
1 0.23828125 0.50703125 0.02656250 0.02031250
1 0.14687500 0.46484375 0.03437500 0.02343750
1 0.72109375 0.89296875 0.09218750 0.04218750
1 0.12265625 0.87421875 0.08281250 0.07031250
1 0.22500000 0.53515625 0.02812500 0.02031250
1 0.25078125 0.61171875 0.02656250 0.02656250
1 0.76875000 0.83828125 0.08437500 0.03593750
1 0.17734375 0.53671875 0.02968750 0.02343750
1 0.22421875 0.59609375 0.02656250 0.02343750
1 0.76875000 0.77031250 0.08437500 0.03750000
1 0.17343750 0.58984375 0.04062500 0.02968750
1 0.03515625 0.37734375 0.02968750 0.02343750
1 0.95390625 0.59218750 0.03281250 0.01562500
1 0.98125000 0.95468750 0.03750000 0.03750000
1 0.40703125 0.56171875 0.01718750 0.02343750
1 0.98281250 0.71093750 0.03437500 0.03437500
1 0.84687500 0.89296875 0.08750000 0.03593750
1 0.58125000 0.71875000 0.09687500 0.03750000
1 0.60859375 0.89453125 0.08281250 0.03593750
1 0.60468750 0.83671875 0.09687500 0.03906250
1 0.74765625 0.95781250 0.09531250 0.03750000
1 0.84140625 0.71406250 0.07656250 0.03750000
1 0.23828125 0.56171875 0.02656250 0.02343750
1 0.99140625 0.76953125 0.01718750 0.03593750
1 0.89609375 0.76875000 0.09218750 0.03750000
0 0.90234375 0.29062500 0.19531250 0.15312500
