2 0.02109375 0.31171875 0.01718750 0.02656250
2 0.83203125 0.38437500 0.01718750 0.02187500
2 0.19687500 0.43984375 0.01875000 0.02343750
2 0.04062500 0.36640625 0.01875000 0.03281250
2 0.07890625 0.13515625 0.01718750 0.03906250
2 0.30546875 0.53671875 0.02656250 0.02343750
2 0.07968750 0.43671875 0.02812500 0.02031250
2 0.09609375 0.37890625 0.02343750 0.02656250
2 0.18046875 0.62343750 0.03593750 0.02500000
2 0.60234375 0.42734375 0.02343750 0.02031250
2 0.81953125 0.33671875 0.01718750 0.01718750
2 0.50468750 0.55234375 0.03437500 0.02343750
2 0.43359375 0.59375000 0.02968750 0.01562500
2 0.14296875 0.60078125 0.02968750 0.02031250
0 0.91171875 0.27421875 0.17656250 0.15468750
0 0.96953125 0.86328125 0.06093750 0.02656250
0 0.31562500 0.70468750 0.24062500 0.05625000
0 0.41171875 0.92734375 0.24218750 0.09218750
1 0.52656250 0.63125000 0.08750000 0.04062500
1 0.48906250 0.76718750 0.09062500 0.03750000
1 0.00625000 0.88671875 0.01250000 0.03281250
1 0.95468750 0.81015625 0.09062500 0.03906250
1 0.42031250 0.82812500 0.08437500 0.03750000
1 0.88437500 0.94140625 0.08125000 0.04218750
1 0.81484375 0.75859375 0.09843750 0.04531250
1 0.09921875 0.77265625 0.08593750 0.03906250
1 0.86171875 0.62734375 0.08593750 0.03906250
1 0.98515625 0.93671875 0.02968750 0.03593750
1 0.72578125 0.82187500 0.08281250 0.03750000
1 0.92578125 0.69609375 0.09218750 0.03906250
1 0.73125000 0.87968750 0.09375000 0.03750000
1 0.75390625 0.94375000 0.09218750 0.04062500
1 0.64140625 0.94296875 0.08593750 0.04531250
