2 0.99375000 0.40078125 0.01250000 0.01718750
2 0.08359375 0.55781250 0.01406250 0.00937500
2 0.94531250 0.46953125 0.01250000 0.01406250
2 0.26250000 0.56250000 0.03125000 0.03437500
2 0.95703125 0.81328125 0.01718750 0.01718750
2 0.94218750 0.46875000 0.01875000 0.01562500
2 0.94218750 0.74843750 0.01250000 0.02500000
1 0.75859375 0.98671875 0.08906250 0.02656250
1 0.79140625 0.92734375 0.08906250 0.03906250
1 0.10078125 0.22968750 0.04531250 0.09062500
1 0.02656250 0.70781250 0.05312500 0.03437500
1 0.21250000 0.73359375 0.09375000 0.05781250
1 0.31328125 0.46953125 0.04531250 0.08906250
1 0.66796875 0.93750000 0.09218750 0.04687500
1 0.11796875 0.48046875 0.04531250 0.07031250
1 0.02734375 0.46250000 0.05468750 0.09687500
1 0.54687500 0.41171875 0.04062500 0.09218750
1 0.21484375 0.21328125 0.04843750 0.08281250
1 0.38125000 0.98906250 0.09062500 0.02187500
1 0.32578125 0.89453125 0.07968750 0.07968750
1 0.01250000 0.26406250 0.02500000 0.06875000
1 0.63828125 0.98828125 0.08906250 0.02343750
1 0.69296875 0.93281250 0.04218750 0.03750000
1 0.16093750 0.94218750 0.09375000 0.04062500
