1 0.30546875 0.96406250 0.08593750 0.03437500
1 0.54609375 0.95937500 0.08281250 0.03750000
1 0.42500000 0.96015625 0.09687500 0.04531250
1 0.10000000 0.67109375 0.09687500 0.04218750
1 0.96328125 0.72656250 0.07343750 0.03750000
1 0.93359375 0.77968750 0.09843750 0.03750000
1 0.20546875 0.84062500 0.08593750 0.03750000
1 0.45937500 0.84062500 0.09375000 0.03437500
1 0.91328125 0.89687500 0.09843750 0.03750000
1 0.46250000 0.72109375 0.09687500 0.03906250
1 0.85468750 0.84140625 0.10312500 0.03593750
1 0.78828125 0.96093750 0.09843750 0.04687500
1 0.99531250 0.89609375 0.00937500 0.03281250
1 0.96015625 0.84062500 0.07968750 0.03750000
1 0.35000000 0.71875000 0.09375000 0.03750000
1 0.33671875 0.89921875 0.09218750 0.03593750
1 0.42578125 0.78125000 0.07968750 0.04062500
1 0.18046875 0.61171875 0.04531250 0.02343750
1 0.59062500 0.61171875 0.04375000 0.02031250
1 0.90468750 0.96406250 0.08125000 0.04062500
1 0.80000000 0.78125000 0.07812500 0.04062500
1 0.33359375 0.84218750 0.08906250 0.03437500
1 0.68203125 0.78359375 0.08906250 0.03593750
1 0.66484375 0.66875000 0.09218750 0.03750000
1 0.19843750 0.72812500 0.09375000 0.04062500
1 0.20937500 0.78125000 0.07812500 0.03437500
1 0.19687500 0.96562500 0.08750000 0.03750000
1 0.97812500 0.95781250 0.04375000 0.03750000
1 0.58671875 0.84140625 0.11093750 0.03593750
1 0.75234375 0.90546875 0.09843750 0.03593750
1 0.61484375 0.90078125 0.10781250 0.03906250
1 0.67421875 0.96640625 0.09843750 0.03906250
1 0.55000000 0.77968750 0.09375000 0.03750000
1 0.25703125 0.59140625 0.03593750 0.01718750
1 0.46093750 0.90000000 0.08437500 0.04062500
1 0.78203125 0.59609375 0.03593750 0.02031250
1 0.02578125 0.61328125 0.05156250 0.02968750
1 0.71562500 0.84062500 0.09375000 0.03750000
1 0.59531250 0.71640625 0.08750000 0.03906250
1 0.19375000 0.89765625 0.09375000 0.03593750
1 0.85781250 0.72890625 0.08750000 0.03281250
1 0.74531250 0.72421875 0.10000000 0.03906250
1 0.31718750 0.78281250 0.08437500 0.03750000
