1 0.86953125 0.75234375 0.09218750 0.03906250
1 0.68671875 0.74062500 0.09531250 0.04062500
1 0.42968750 0.97500000 0.09687500 0.03750000
1 0.38593750 0.73828125 0.10000000 0.03906250
1 0.39765625 0.79765625 0.08593750 0.03906250
1 0.88125000 0.98203125 0.10312500 0.03593750
1 0.54218750 0.73593750 0.08437500 0.03750000
1 0.46718750 0.67421875 0.09062500 0.03593750
1 0.02734375 0.85703125 0.05468750 0.04531250
1 0.02421875 0.66875000 0.04843750 0.04062500
1 0.87890625 0.86875000 0.08906250 0.03750000
1 0.31171875 0.97656250 0.10156250 0.04062500
1 0.21640625 0.97187500 0.09843750 0.04062500
1 0.38437500 0.86328125 0.09375000 0.03906250
1 0.12578125 0.73593750 0.09843750 0.04062500
1 0.15312500 0.79687500 0.08750000 0.03437500
1 0.69765625 0.80000000 0.10156250 0.03750000
1 0.97578125 0.98125000 0.04843750 0.03750000
1 0.76796875 0.98125000 0.08593750 0.03750000
1 0.62109375 0.86250000 0.09218750 0.03750000
1 0.65156250 0.97890625 0.09375000 0.03593750
1 0.54687500 0.98203125 0.10000000 0.03593750
