2 0.96171875 0.49218750 0.02031250 0.02187500
2 0.45468750 0.81562500 0.01250000 0.01250000
2 0.49062500 0.57265625 0.02500000 0.03281250
2 0.91953125 0.52656250 0.02031250 0.02500000
2 0.68828125 0.59921875 0.02656250 0.02031250
2 0.19687500 0.56484375 0.02187500 0.01718750
2 0.35546875 0.49687500 0.01718750 0.02500000
2 0.48750000 0.58046875 0.01875000 0.01718750
2 0.74765625 0.57968750 0.02343750 0.01875000
2 0.99375000 0.49062500 0.01250000 0.02500000
2 0.77578125 0.53671875 0.02343750 0.02656250
1 0.93359375 0.60703125 0.08593750 0.04843750
1 0.54843750 0.88593750 0.10937500 0.03750000
1 0.14453125 0.89218750 0.09218750 0.03750000
1 0.04765625 0.39687500 0.05781250 0.09687500
1 0.77343750 0.95546875 0.08750000 0.03906250
1 0.46171875 0.99296875 0.09218750 0.01406250
1 0.01328125 0.67968750 0.02656250 0.03750000
1 0.26406250 0.68984375 0.09687500 0.03593750
1 0.05000000 0.78750000 0.10000000 0.05000000
1 0.31093750 0.86171875 0.09062500 0.05781250
1 0.10859375 0.73359375 0.09843750 0.03593750
1 0.38828125 0.79296875 0.07343750 0.03593750
1 0.88281250 0.78515625 0.08750000 0.03593750
1 0.57500000 0.73671875 0.08750000 0.03593750
1 0.02421875 0.88203125 0.04843750 0.03593750
1 0.13671875 0.41562500 0.04843750 0.07500000
1 0.01015625 0.41250000 0.02031250 0.08437500
1 0.96953125 0.83906250 0.06093750 0.03750000
1 0.31640625 0.93984375 0.08906250 0.03593750
1 0.55156250 0.94843750 0.09375000 0.03437500
1 0.67968750 0.88593750 0.09375000 0.03437500
1 0.52734375 0.65937500 0.10156250 0.04062500
1 0.56640625 0.36718750 0.03906250 0.09062500
1 0.69921875 0.80625000 0.09218750 0.03750000
1 0.23750000 0.61250000 0.08750000 0.03437500
1 0.11171875 0.99062500 0.10468750 0.01875000
1 0.89531250 0.68203125 0.09062500 0.03593750
1 0.79609375 0.88828125 0.09531250 0.03906250
1 0.67187500 0.94765625 0.08750000 0.04218750
1 0.12890625 0.16718750 0.04218750 0.09062500
1 0.43437500 0.93906250 0.08437500 0.03750000
1 0.03281250 0.20000000 0.04062500 0.07187500
1 0.79843750 0.73046875 0.09375000 0.03593750
1 0.17500000 0.16250000 0.04687500 0.09687500
