2 0.22109375 0.75937500 0.01406250 0.02187500
2 0.17109375 0.07187500 0.01093750 0.01875000
2 0.84218750 0.27890625 0.03750000 0.02343750
2 0.31718750 0.65156250 0.01875000 0.02187500
2 0.13125000 0.32734375 0.03750000 0.03281250
2 0.84765625 0.36718750 0.02656250 0.03750000
2 0.37734375 0.54453125 0.02031250 0.02031250
2 0.15468750 0.37734375 0.02187500 0.02656250
2 0.35937500 0.53203125 0.02187500 0.03906250
2 0.30625000 0.51328125 0.02187500 0.02656250
2 0.84921875 0.27656250 0.02031250 0.01875000
2 0.30156250 0.10078125 0.02812500 0.02968750
2 0.32421875 0.64687500 0.02031250 0.01875000
2 0.85078125 0.40625000 0.02343750 0.04375000
2 0.42500000 0.57187500 0.02812500 0.02812500
2 0.14921875 0.68203125 0.02031250 0.01718750
2 0.21875000 0.44765625 0.03437500 0.02343750
2 0.18125000 0.65546875 0.01250000 0.02343750
2 0.22968750 0.38515625 0.01562500 0.02031250
2 0.26953125 0.73437500 0.01406250 0.01250000
2 0.18437500 0.64218750 0.01562500 0.01875000
2 0.32500000 0.64687500 0.01875000 0.01875000
2 0.69531250 0.36093750 0.14375000 0.15000000
2 0.36718750 0.53125000 0.03750000 0.04062500
2 0.31796875 0.40859375 0.01406250 0.02031250
2 0.35703125 0.52578125 0.01718750 0.02656250
2 0.14296875 0.32421875 0.01406250 0.02343750
2 0.69453125 0.44921875 0.01718750 0.02031250
2 0.14843750 0.68750000 0.02187500 0.02812500
2 0.27109375 0.53359375 0.01718750 0.01718750
2 0.21015625 0.44687500 0.02031250 0.02187500
2 0.29296875 0.59609375 0.01406250 0.01718750
2 0.13359375 0.32734375 0.03281250 0.02968750
2 0.84531250 0.79765625 0.01250000 0.02343750
2 0.84765625 0.51953125 0.02343750 0.02343750
2 0.79140625 0.27343750 0.01406250 0.01875000
2 0.26953125 0.73359375 0.01406250 0.01093750
2 0.33828125 0.83203125 0.02968750 0.02343750
2 0.15078125 0.69375000 0.02343750 0.03750000
2 0.15625000 0.37343750 0.01875000 0.02187500
2 0.15625000 0.37812500 0.01875000 0.02187500
2 0.15468750 0.70234375 0.01562500 0.02343750
2 0.29921875 0.51328125 0.03593750 0.02656250
2 0.38203125 0.39453125 0.02031250 0.04218750
2 0.22734375 0.44531250 0.02031250 0.01875000
2 0.18281250 0.65000000 0.01562500 0.02812500
2 0.33984375 0.48671875 0.02656250 0.02656250
2 0.40156250 0.10312500 0.02812500 0.03437500
2 0.38046875 0.54531250 0.02656250 0.04062500
2 0.31484375 0.76875000 0.01718750 0.01562500
2 0.18359375 0.64921875 0.01718750 0.02968750
2 0.83984375 0.27968750 0.03281250 0.02187500
2 0.05000000 0.24375000 0.01250000 0.01250000
2 0.84140625 0.99062500 0.01718750 0.01875000
2 0.32968750 0.69296875 0.01250000 0.01406250
2 0.22968750 0.38906250 0.01875000 0.02812500
2 0.38125000 0.38281250 0.01562500 0.01875000
2 0.32343750 0.64921875 0.02500000 0.02343750
2 0.31640625 0.76875000 0.01718750 0.01562500
2 0.37734375 0.52578125 0.02031250 0.02343750
2 0.33984375 0.84062500 0.03281250 0.04062500
2 0.36250000 0.52187500 0.02500000 0.02187500
2 0.18671875 0.76171875 0.02031250 0.02968750
2 0.76875000 0.28828125 0.01562500 0.01718750
2 0.56718750 0.55390625 0.02500000 0.04531250
2 0.24375000 0.07890625 0.05937500 0.12031250
2 0.29375000 0.04453125 0.01250000 0.01406250
2 0.22031250 0.76093750 0.01562500 0.02500000
2 0.28750000 0.06796875 0.03125000 0.06093750
1 0.57187500 0.73125000 0.10000000 0.04062500
1 0.44453125 0.73671875 0.10781250 0.04218750
1 0.66250000 0.41953125 0.08437500 0.06718750
1 0.96796875 0.28359375 0.05468750 0.03281250
1 0.81093750 0.40937500 0.11562500 0.04687500
1 0.04453125 0.54843750 0.03906250 0.09375000
1 0.86250000 0.72031250 0.11562500 0.05000000
1 0.01875000 0.71796875 0.03750000 0.10156250
1 0.01093750 0.32031250 0.02187500 0.09375000
1 0.97031250 0.71640625 0.05937500 0.04531250
1 0.06250000 0.86250000 0.04062500 0.08750000
1 0.28671875 0.22656250 0.04218750 0.09062500
1 0.42500000 0.39218750 0.10937500 0.05312500
1 0.44765625 0.67500000 0.09531250 0.04687500
1 0.18750000 0.55703125 0.08437500 0.07656250
1 0.94921875 0.78125000 0.10156250 0.04062500
1 0.65781250 0.40234375 0.07187500 0.03593750
1 0.17890625 0.17343750 0.04218750 0.10312500
1 0.94062500 0.39687500 0.08125000 0.04062500
1 0.59218750 0.67109375 0.10312500 0.04218750
1 0.70312500 0.72734375 0.10625000 0.04218750
1 0.46015625 0.61640625 0.09843750 0.03906250
1 0.45937500 0.24140625 0.07812500 0.07968750
1 0.54843750 0.41171875 0.10312500 0.04218750
1 0.72500000 0.66250000 0.09062500 0.04375000
1 0.68750000 0.28671875 0.09687500 0.04531250
1 0.97968750 0.65546875 0.04062500 0.05468750
1 0.89140625 0.66171875 0.10156250 0.03906250
0 0.07734375 0.08671875 0.05781250 0.17343750
