0 0.32187500 0.43984375 0.24375000 0.05156250
0 0.07187500 0.43046875 0.14375000 0.05781250
0 0.16796875 0.95156250 0.12968750 0.09687500
2 0.65781250 0.56640625 0.01562500 0.02343750
2 0.51015625 0.54843750 0.01406250 0.01875000
2 0.50546875 0.62265625 0.01406250 0.01406250
2 0.51953125 0.54765625 0.02968750 0.02031250
2 0.68828125 0.65000000 0.02031250 0.01562500
2 0.85937500 0.57343750 0.01875000 0.02500000
1 0.98750000 0.13437500 0.02500000 0.04375000
1 0.73828125 0.44453125 0.09531250 0.03593750
1 0.96875000 0.52109375 0.06250000 0.04531250
1 0.01953125 0.31328125 0.02656250 0.03906250
1 0.53515625 0.38046875 0.09218750 0.03906250
1 0.79531250 0.20390625 0.10625000 0.03906250
1 0.43750000 0.25546875 0.08437500 0.03906250
1 0.31875000 0.25781250 0.08750000 0.03437500
1 0.73671875 0.97500000 0.08906250 0.02812500
1 0.77890625 0.27031250 0.08593750 0.03750000
1 0.32968750 0.37656250 0.09062500 0.04687500
1 0.70312500 0.32890625 0.09062500 0.03593750
1 0.11796875 0.31953125 0.08593750 0.03593750
1 0.90859375 0.32890625 0.08281250 0.03593750
1 0.83437500 0.50234375 0.05625000 0.03593750
1 0.68828125 0.60625000 0.05156250 0.01875000
1 0.55390625 0.26640625 0.09218750 0.03281250
1 0.59687500 0.44296875 0.09062500 0.03593750
1 0.13593750 0.00468750 0.07187500 0.00937500
1 0.68125000 0.26640625 0.09062500 0.03906250
1 0.70703125 0.38437500 0.08281250 0.03437500
1 0.68203125 0.20312500 0.09218750 0.03437500
1 0.13984375 0.36953125 0.08593750 0.03593750
1 0.42578125 0.31796875 0.10156250 0.05781250
1 0.98828125 0.38984375 0.02343750 0.03281250
1 0.55156250 0.20312500 0.10937500 0.03750000
