1 0.94218750 0.36015625 0.08750000 0.08593750
1 0.96093750 0.79765625 0.07812500 0.04218750
1 0.79921875 0.57265625 0.03906250 0.02343750
1 0.22187500 0.77109375 0.09062500 0.03906250
1 0.36953125 0.91328125 0.10156250 0.04218750
1 0.87265625 0.89453125 0.09843750 0.03906250
1 0.61015625 0.90625000 0.09531250 0.03750000
1 0.09453125 0.97968750 0.10781250 0.04062500
1 0.87343750 0.99453125 0.09375000 0.01093750
1 0.80937500 0.72109375 0.09375000 0.04531250
1 0.09687500 0.91796875 0.10625000 0.03906250
1 0.84531250 0.42578125 0.10625000 0.05156250
1 0.97265625 0.89140625 0.05468750 0.03906250
1 0.48515625 0.91093750 0.09531250 0.04687500
1 0.70703125 0.96250000 0.08906250 0.04062500
1 0.73203125 0.90156250 0.08593750 0.04062500
1 0.35781250 0.97109375 0.10312500 0.04218750
