1 0.76093750 0.30625000 0.09062500 0.03750000
1 0.79296875 0.24218750 0.08593750 0.04062500
1 0.51328125 0.37421875 0.09531250 0.03593750
1 0.27343750 0.31093750 0.09062500 0.03437500
1 0.09375000 0.43515625 0.08750000 0.03906250
1 0.09765625 0.37031250 0.08906250 0.04062500
1 0.77890625 0.42343750 0.10468750 0.04375000
1 0.40078125 0.24843750 0.09531250 0.03437500
1 0.22734375 0.37187500 0.09843750 0.03437500
1 0.67265625 0.48515625 0.10468750 0.04843750
1 0.02734375 0.31640625 0.05468750 0.03906250
1 0.28515625 0.49453125 0.09531250 0.03593750
1 0.42265625 0.48906250 0.09218750 0.03750000
1 0.55859375 0.48359375 0.07968750 0.03593750
1 0.12421875 0.25781250 0.09531250 0.03437500
1 0.38750000 0.43203125 0.09375000 0.03906250
1 0.22500000 0.42890625 0.09687500 0.04218750
1 0.39531250 0.31093750 0.08750000 0.04375000
1 0.00468750 0.43359375 0.00937500 0.03281250
1 0.63593750 0.37265625 0.09687500 0.03593750
1 0.78828125 0.48281250 0.08593750 0.03750000
1 0.24687500 0.25234375 0.10312500 0.03906250
1 0.13437500 0.31953125 0.09375000 0.04218750
1 0.01718750 0.48906250 0.03437500 0.03437500
1 0.02421875 0.25781250 0.04843750 0.04375000
1 0.76171875 0.36328125 0.09531250 0.03906250
1 0.51796875 0.42734375 0.10156250 0.03906250
1 0.38750000 0.36796875 0.08437500 0.04218750
1 0.66875000 0.24687500 0.08750000 0.03437500
1 0.51953125 0.30468750 0.08906250 0.03437500
1 0.64453125 0.42578125 0.09843750 0.03906250
1 0.53203125 0.25000000 0.08281250 0.03437500
1 0.63906250 0.30546875 0.09062500 0.03281250
1 0.00703125 0.37343750 0.01406250 0.03750000
1 0.12265625 0.49453125 0.10781250 0.03906250
2 0.99375000 0.61953125 0.01250000 0.01718750
2 0.96640625 0.81171875 0.02031250 0.02656250
2 0.48359375 0.61562500 0.03593750 0.02187500
2 0.27890625 0.61953125 0.02343750 0.01718750
2 0.94140625 0.67421875 0.02343750 0.02343750
2 0.78671875 0.57187500 0.02343750 0.01875000
2 0.89453125 0.07343750 0.02031250 0.03125000
2 0.96562500 0.62343750 0.03125000 0.01875000
2 0.47500000 0.61562500 0.01875000 0.01875000
2 0.53281250 0.59296875 0.03125000 0.01718750
2 0.92031250 0.60312500 0.04062500 0.02500000
2 0.76250000 0.00781250 0.02812500 0.01562500
2 0.06875000 0.61562500 0.01562500 0.02812500
2 0.94375000 0.23828125 0.01875000 0.01406250
2 0.87421875 0.60156250 0.02656250 0.02187500
2 0.67187500 0.98750000 0.03125000 0.02500000
2 0.96953125 0.59609375 0.01718750 0.02031250
