2 0.45390625 0.42109375 0.02031250 0.03906250
2 0.76562500 0.60312500 0.02500000 0.03125000
2 0.31640625 0.53593750 0.02343750 0.02500000
2 0.40859375 0.43125000 0.02031250 0.04062500
2 0.37421875 0.53906250 0.02656250 0.02812500
2 0.67500000 0.86718750 0.02187500 0.01250000
2 0.47812500 0.12343750 0.01562500 0.03437500
2 0.38203125 0.39609375 0.02656250 0.02031250
2 0.28828125 0.51250000 0.02968750 0.02187500
2 0.44453125 0.36171875 0.01718750 0.02656250
2 0.99531250 0.57031250 0.00937500 0.02187500
2 0.54296875 0.56406250 0.03593750 0.02187500
2 0.55078125 0.56562500 0.02031250 0.01875000
2 0.41406250 0.27343750 0.01875000 0.03125000
2 0.53203125 0.56640625 0.01406250 0.01406250
2 0.35234375 0.44531250 0.02343750 0.03125000
1 0.43671875 0.92968750 0.09843750 0.04062500
1 0.08750000 0.40937500 0.10312500 0.05000000
1 0.24765625 0.07500000 0.04531250 0.10000000
1 0.43593750 0.57343750 0.08750000 0.09375000
1 0.58125000 0.23984375 0.03750000 0.09531250
1 0.73125000 0.92031250 0.10000000 0.04062500
1 0.64062500 0.24140625 0.04062500 0.10156250
1 0.58281250 0.00625000 0.03437500 0.01250000
1 0.75781250 0.04140625 0.03750000 0.08281250
1 0.55859375 0.74375000 0.10468750 0.04062500
1 0.07578125 0.88671875 0.09843750 0.04218750
1 0.20781250 0.88281250 0.10625000 0.04062500
1 0.70312500 0.21484375 0.04062500 0.10468750
1 0.22578125 0.19140625 0.05156250 0.10468750
1 0.01250000 0.94843750 0.02500000 0.04062500
1 0.94218750 0.99375000 0.09375000 0.01250000
1 0.76328125 0.15937500 0.03906250 0.09687500
1 0.04140625 0.99453125 0.08281250 0.01093750
1 0.91093750 0.26484375 0.04687500 0.09531250
1 0.72734375 0.69843750 0.10156250 0.04062500
1 0.65156250 0.98203125 0.09687500 0.03593750
1 0.57968750 0.10781250 0.04375000 0.10625000
1 0.64609375 0.09687500 0.03906250 0.09375000
1 0.70390625 0.07187500 0.03906250 0.09062500
1 0.19843750 0.33281250 0.10937500 0.10625000
