1 0.87109375 0.11953125 0.08906250 0.03906250
1 0.78750000 0.06328125 0.09687500 0.03593750
1 0.65468750 0.21562500 0.08125000 0.03125000
1 0.96171875 0.01953125 0.07656250 0.03593750
1 0.41406250 0.32031250 0.09062500 0.05625000
1 0.04296875 0.38046875 0.06718750 0.03906250
1 0.66093750 0.27968750 0.09375000 0.03750000
1 0.78046875 0.51796875 0.09218750 0.03593750
1 0.84531250 0.39218750 0.08125000 0.04062500
1 0.62578125 0.38750000 0.09218750 0.04687500
1 0.28593750 0.38125000 0.09687500 0.04375000
1 0.08437500 0.43828125 0.08437500 0.03593750
1 0.40937500 0.07109375 0.08437500 0.03593750
1 0.54140625 0.20546875 0.08593750 0.03906250
1 0.76875000 0.27343750 0.08125000 0.03750000
1 0.23828125 0.11875000 0.09531250 0.03750000
1 0.08203125 0.31562500 0.09531250 0.04375000
1 0.97500000 0.06562500 0.05000000 0.04062500
1 0.50546875 0.27343750 0.09531250 0.03750000
1 0.65859375 0.13281250 0.09531250 0.03750000
1 0.76796875 0.21718750 0.08593750 0.03750000
1 0.63828125 0.56875000 0.11093750 0.03750000
1 0.80312500 0.33671875 0.09062500 0.03593750
0 0.96796875 0.46093750 0.06406250 0.05937500
0 0.69218750 0.45781250 0.23437500 0.05312500
