0 0.97109375 0.50859375 0.05781250 0.05781250
0 0.18984375 0.48359375 0.23593750 0.06093750
0 0.62500000 0.52109375 0.24062500 0.07343750
1 0.70546875 0.10000000 0.08593750 0.04062500
1 0.99296875 0.04062500 0.01406250 0.05000000
1 0.47031250 0.15390625 0.08750000 0.04531250
1 0.32656250 0.26796875 0.08750000 0.03593750
1 0.86406250 0.36406250 0.08125000 0.03750000
1 0.02500000 0.13125000 0.05000000 0.04062500
1 0.97109375 0.28437500 0.05781250 0.03437500
1 0.61015625 0.40625000 0.07343750 0.03750000
1 0.07656250 0.41093750 0.09062500 0.04062500
1 0.46250000 0.10078125 0.07187500 0.04531250
1 0.20859375 0.27656250 0.08906250 0.04375000
1 0.86250000 0.29218750 0.09062500 0.03437500
1 0.17812500 0.36250000 0.09687500 0.04375000
1 0.70468750 0.27734375 0.08750000 0.03593750
1 0.96875000 0.41718750 0.03750000 0.04062500
1 0.18828125 0.08203125 0.09843750 0.04531250
1 0.19375000 0.16015625 0.09062500 0.03906250
1 0.10156250 0.27578125 0.09375000 0.03906250
1 0.56640625 0.27187500 0.07968750 0.03437500
1 0.36093750 0.02578125 0.08750000 0.03906250
1 0.96718750 0.21015625 0.06562500 0.03593750
1 0.72265625 0.46796875 0.08906250 0.03593750
1 0.45078125 0.27109375 0.09218750 0.03593750
1 0.04687500 0.01875000 0.09375000 0.03750000
1 0.52812500 0.03906250 0.08750000 0.04375000
1 0.73437500 0.03515625 0.10000000 0.04218750
1 0.21718750 0.94921875 0.11875000 0.10156250
