1 0.78593750 0.17421875 0.02812500 0.06718750
1 0.67343750 0.11171875 0.04375000 0.09531250
1 0.00781250 0.42656250 0.01562500 0.03750000
1 0.01484375 0.48046875 0.02968750 0.03593750
1 0.35312500 0.65546875 0.07500000 0.08593750
1 0.18046875 0.54375000 0.09843750 0.04062500
1 0.54453125 0.54375000 0.03593750 0.09062500
1 0.96406250 0.60625000 0.07187500 0.06250000
1 0.53281250 0.72187500 0.03437500 0.09375000
1 0.49296875 0.86406250 0.03593750 0.09062500
1 0.02109375 0.54765625 0.04218750 0.03906250
1 0.01796875 0.24062500 0.03593750 0.04375000
1 0.68906250 0.50000000 0.04375000 0.09375000
1 0.47109375 0.15703125 0.03906250 0.08906250
1 0.73359375 0.76718750 0.03906250 0.09687500
1 0.67343750 0.85390625 0.04062500 0.09531250
1 0.53437500 0.11875000 0.03437500 0.08125000
2 0.96093750 0.18281250 0.01875000 0.04375000
2 0.16562500 0.62031250 0.03125000 0.01875000
2 0.14531250 0.29687500 0.01562500 0.01562500
2 0.38515625 0.93281250 0.02343750 0.03125000
2 0.77890625 0.29687500 0.02031250 0.02187500
2 0.96171875 0.17031250 0.01718750 0.01875000
2 0.81875000 0.17421875 0.01562500 0.02656250
2 0.81484375 0.68671875 0.01718750 0.02656250
2 0.13359375 0.22031250 0.01093750 0.01562500
2 0.83750000 0.30312500 0.02187500 0.02187500
2 0.27187500 0.75625000 0.04062500 0.03437500
2 0.19453125 0.65312500 0.01718750 0.01562500
2 0.09609375 0.81562500 0.02031250 0.02187500
2 0.14531250 0.22890625 0.01250000 0.01718750
2 0.19375000 0.63750000 0.01562500 0.01562500
2 0.90312500 0.96796875 0.01250000 0.01406250
2 0.87187500 0.93593750 0.01875000 0.03125000
2 0.41562500 0.85546875 0.02187500 0.02656250
2 0.16093750 0.29062500 0.04375000 0.02812500
2 0.23671875 0.61875000 0.01406250 0.01875000
2 0.14062500 0.67265625 0.02187500 0.02343750
2 0.13984375 0.22500000 0.02343750 0.02500000
2 0.32500000 0.77812500 0.02187500 0.03437500
2 0.26328125 0.75546875 0.02343750 0.02968750
2 0.25156250 0.63828125 0.02500000 0.02343750
2 0.00859375 0.60703125 0.01718750 0.02031250
2 0.12187500 0.60078125 0.04062500 0.02656250
2 0.16015625 0.68437500 0.02031250 0.02187500
2 0.16640625 0.28593750 0.02968750 0.01875000
2 0.36718750 0.92109375 0.01562500 0.03906250
2 0.10703125 0.53828125 0.01406250 0.02656250
2 0.07656250 0.60000000 0.02500000 0.02187500
2 0.14375000 0.79531250 0.01250000 0.01250000
2 0.99453125 0.99296875 0.01093750 0.01406250
2 0.86484375 0.31796875 0.01718750 0.01718750
2 0.83984375 0.98359375 0.01718750 0.02343750
2 0.19062500 0.13515625 0.01562500 0.02343750
2 0.41328125 0.76796875 0.02343750 0.02968750
2 0.77265625 0.99296875 0.01718750 0.01406250
2 0.16406250 0.80937500 0.02500000 0.02812500
2 0.42187500 0.92578125 0.02187500 0.03593750
2 0.87734375 0.93359375 0.02968750 0.03593750
2 0.25937500 0.75703125 0.01562500 0.02031250
