0 0.48593750 0.66562500 0.26250000 0.06250000
1 0.89609375 0.38515625 0.10468750 0.05156250
1 0.97812500 0.33437500 0.04375000 0.06250000
1 0.89218750 0.85859375 0.08750000 0.03593750
1 0.48203125 0.84843750 0.10468750 0.04687500
1 0.87421875 0.92031250 0.09843750 0.04062500
1 0.38593750 0.36328125 0.04062500 0.08593750
1 0.02109375 0.89453125 0.04218750 0.03906250
1 0.08828125 0.95703125 0.09531250 0.03906250
1 0.44296875 0.51015625 0.05781250 0.02656250
1 0.23906250 0.84531250 0.10000000 0.04062500
1 0.29218750 0.90390625 0.09687500 0.03906250
1 0.73671875 0.73281250 0.09843750 0.04375000
1 0.31328125 0.37578125 0.04218750 0.08906250
1 0.08984375 0.71875000 0.09843750 0.03750000
1 0.95625000 0.98046875 0.08750000 0.03906250
1 0.62500000 0.85625000 0.09687500 0.04687500
1 0.98750000 0.86015625 0.02500000 0.03906250
1 0.56406250 0.91171875 0.10312500 0.04218750
1 0.02656250 0.37421875 0.05312500 0.06406250
1 0.77187500 0.85468750 0.10625000 0.04062500
1 0.62031250 0.97500000 0.08750000 0.04375000
1 0.30000000 0.96328125 0.10000000 0.03906250
