2 0.94218750 0.95234375 0.01562500 0.01718750
2 0.09843750 0.27109375 0.02500000 0.01406250
2 0.97187500 0.41796875 0.01875000 0.01406250
2 0.99687500 0.40234375 0.00625000 0.01718750
1 0.01875000 0.26328125 0.03750000 0.06718750
1 0.76328125 0.98593750 0.08906250 0.02812500
1 0.00625000 0.47421875 0.01250000 0.08593750
1 0.40546875 0.93359375 0.09218750 0.03281250
1 0.79609375 0.92734375 0.08593750 0.04218750
1 0.27734375 0.98906250 0.08906250 0.02187500
1 0.53671875 0.93593750 0.07656250 0.03437500
1 0.52421875 0.98593750 0.08906250 0.02812500
1 0.13984375 0.98828125 0.09843750 0.02343750
1 0.11250000 0.22890625 0.04375000 0.09218750
1 0.32265625 0.46875000 0.04531250 0.08750000
1 0.58281250 0.77578125 0.09375000 0.04531250
1 0.12734375 0.47734375 0.04531250 0.06718750
1 0.03750000 0.45859375 0.05312500 0.09531250
1 0.22734375 0.21250000 0.05156250 0.08125000
1 0.97968750 0.66015625 0.04062500 0.05156250
1 0.64375000 0.98671875 0.08750000 0.02656250
1 0.67109375 0.93281250 0.08593750 0.03437500
1 0.39687500 0.98671875 0.08750000 0.02656250
1 0.55546875 0.41171875 0.03906250 0.09218750
