1 0.73125000 0.21328125 0.08437500 0.03906250
1 0.02968750 0.29765625 0.05937500 0.04218750
1 0.57109375 0.27890625 0.09218750 0.03906250
1 0.97265625 0.20234375 0.05468750 0.03906250
1 0.76953125 0.39218750 0.10468750 0.04062500
1 0.96171875 0.49765625 0.07656250 0.02968750
1 0.30078125 0.29062500 0.09531250 0.04062500
1 0.12968750 0.35156250 0.08437500 0.03750000
1 0.36718750 0.22578125 0.10312500 0.04218750
1 0.90781250 0.38515625 0.10000000 0.03906250
1 0.47890625 0.22421875 0.09843750 0.04531250
1 0.87265625 0.20546875 0.09531250 0.03906250
1 0.03750000 0.35625000 0.07500000 0.03750000
1 0.99140625 0.38515625 0.01718750 0.03906250
1 0.53671875 0.34218750 0.09218750 0.04062500
1 0.97109375 0.32812500 0.05781250 0.03437500
1 0.18671875 0.41250000 0.10156250 0.05000000
1 0.16250000 0.29062500 0.10000000 0.04375000
1 0.23984375 0.34531250 0.09531250 0.03750000
1 0.71093750 0.27109375 0.09687500 0.03906250
1 0.44140625 0.28281250 0.09843750 0.04062500
1 0.96875000 0.47421875 0.04687500 0.02343750
1 0.41250000 0.34375000 0.10000000 0.03750000
1 0.69453125 0.34062500 0.05156250 0.04062500
1 0.96640625 0.25937500 0.06718750 0.04375000
1 0.51953125 0.39687500 0.10781250 0.04375000
1 0.09375000 0.23281250 0.10625000 0.04062500
1 0.60937500 0.21796875 0.09062500 0.03906250
1 0.86328125 0.26640625 0.09843750 0.03906250
1 0.61484375 0.40000000 0.05156250 0.04687500
2 0.67343750 0.44218750 0.01250000 0.02187500
2 0.65937500 0.63750000 0.01875000 0.02500000
