2 0.34921875 0.69375000 0.02031250 0.01250000
2 0.99531250 0.28046875 0.00937500 0.03593750
2 0.97265625 0.81718750 0.01406250 0.01875000
2 0.96640625 0.62109375 0.02968750 0.02031250
2 0.27578125 0.61093750 0.02968750 0.01875000
2 0.94218750 0.67109375 0.02500000 0.02343750
2 0.94453125 0.79453125 0.01406250 0.01406250
2 0.07578125 0.70000000 0.02343750 0.01562500
2 0.65078125 0.68984375 0.02968750 0.01718750
2 0.33593750 0.66640625 0.02500000 0.01406250
2 0.24218750 0.60000000 0.01562500 0.01875000
2 0.75468750 0.61718750 0.01875000 0.01875000
2 0.29531250 0.19687500 0.01875000 0.01562500
2 0.99531250 0.61796875 0.00937500 0.02343750
2 0.51640625 0.67031250 0.01406250 0.01250000
2 0.83125000 0.85546875 0.01875000 0.02031250
2 0.80312500 0.66796875 0.01250000 0.01718750
2 0.73437500 0.57031250 0.01562500 0.01250000
2 0.87500000 0.59843750 0.02812500 0.02187500
1 0.76250000 0.30625000 0.08750000 0.03750000
1 0.79609375 0.24296875 0.08593750 0.04218750
1 0.67109375 0.24687500 0.08281250 0.03437500
1 0.51562500 0.37265625 0.09375000 0.03593750
1 0.87109375 0.54765625 0.08593750 0.03281250
1 0.77812500 0.42187500 0.09375000 0.04375000
1 0.64296875 0.30468750 0.08906250 0.03437500
1 0.01093750 0.37109375 0.02187500 0.03906250
1 0.10078125 0.43281250 0.08906250 0.03750000
1 0.40390625 0.24843750 0.09218750 0.03437500
1 0.00781250 0.43359375 0.01562500 0.03593750
1 0.23203125 0.37187500 0.09843750 0.03437500
1 0.03046875 0.31406250 0.06093750 0.03750000
1 0.28828125 0.49296875 0.09218750 0.03593750
1 0.42656250 0.48750000 0.09375000 0.03750000
1 0.56171875 0.48203125 0.07968750 0.03593750
1 0.27734375 0.30937500 0.08906250 0.03750000
1 0.39140625 0.43046875 0.09218750 0.03906250
1 0.22578125 0.42812500 0.09843750 0.04375000
1 0.64453125 0.42421875 0.09218750 0.03906250
1 0.25156250 0.25156250 0.10000000 0.03750000
1 0.13984375 0.31718750 0.09843750 0.04375000
1 0.10234375 0.36796875 0.09218750 0.04218750
1 0.01875000 0.48828125 0.03750000 0.03906250
1 0.92109375 0.60078125 0.04218750 0.02343750
1 0.76484375 0.36562500 0.09218750 0.04062500
1 0.39843750 0.31093750 0.09062500 0.04375000
1 0.79140625 0.48203125 0.08281250 0.03593750
1 0.38984375 0.36718750 0.08593750 0.04375000
1 0.52187500 0.42656250 0.10312500 0.04062500
1 0.12109375 0.25625000 0.09531250 0.03750000
1 0.67578125 0.48203125 0.10156250 0.04531250
1 0.52343750 0.30390625 0.08750000 0.03593750
1 0.53671875 0.25000000 0.07968750 0.03437500
1 0.63906250 0.37109375 0.09687500 0.03593750
1 0.12734375 0.49140625 0.10781250 0.03906250
