1 0.38281250 0.44765625 0.09062500 0.03593750
1 0.88828125 0.48437500 0.09531250 0.04375000
1 0.75546875 0.18359375 0.08593750 0.04218750
1 0.87890625 0.30156250 0.10156250 0.03750000
1 0.31875000 0.29218750 0.08750000 0.04062500
1 0.20937500 0.28906250 0.09062500 0.04375000
1 0.89140625 0.05390625 0.09218750 0.03906250
1 0.10703125 0.43828125 0.08906250 0.03593750
1 0.97500000 0.30078125 0.05000000 0.04218750
1 0.64218750 0.37812500 0.09062500 0.04062500
1 0.17500000 0.37968750 0.09375000 0.03750000
1 0.37031250 0.05703125 0.09375000 0.03593750
1 0.42734375 0.29296875 0.09531250 0.03593750
1 0.15156250 0.10859375 0.10000000 0.04843750
1 0.35781250 0.37109375 0.09687500 0.03906250
1 0.98750000 0.07031250 0.02500000 0.03750000
1 0.19765625 0.17187500 0.09531250 0.04687500
1 0.65000000 0.29609375 0.09375000 0.03593750
1 0.81171875 0.39375000 0.09218750 0.03750000
1 0.72031250 0.44140625 0.06562500 0.04218750
1 0.70625000 0.50625000 0.09062500 0.04375000
1 0.54296875 0.29921875 0.09843750 0.03593750
1 0.14765625 0.05000000 0.08593750 0.04062500
1 0.55625000 0.05156250 0.08437500 0.03750000
1 0.65468750 0.11875000 0.08437500 0.03750000
1 0.76406250 0.29843750 0.09062500 0.03437500
1 0.70078125 0.06484375 0.09843750 0.04218750
1 0.91328125 0.12421875 0.09843750 0.03906250
1 0.54296875 0.00859375 0.09531250 0.01718750
1 0.20859375 0.49843750 0.08593750 0.04375000
