1 0.96015625 0.34609375 0.05468750 0.10468750
1 0.43437500 0.71093750 0.08750000 0.04062500
1 0.74843750 0.36015625 0.05000000 0.07656250
1 0.90546875 0.15546875 0.05468750 0.05781250
1 0.94921875 0.68750000 0.10156250 0.04062500
1 0.92031250 0.63593750 0.10937500 0.04687500
1 0.61406250 0.58125000 0.09687500 0.04062500
1 0.41953125 0.58750000 0.07656250 0.04375000
1 0.04687500 0.72656250 0.09375000 0.04375000
1 0.24140625 0.49687500 0.09843750 0.05625000
1 0.03750000 0.38437500 0.07500000 0.05937500
1 0.74843750 0.33906250 0.05000000 0.11562500
1 0.41328125 0.77265625 0.10468750 0.05156250
1 0.22890625 0.77968750 0.11406250 0.05000000
1 0.29843750 0.71796875 0.10625000 0.04218750
1 0.56484375 0.27031250 0.05781250 0.03125000
1 0.14375000 0.40234375 0.10625000 0.04531250
1 0.18828125 0.66093750 0.10156250 0.04375000
1 0.32265625 0.65156250 0.08906250 0.04375000
1 0.16406250 0.71796875 0.10000000 0.03906250
1 0.75390625 0.57265625 0.07031250 0.04218750
1 0.17421875 0.60234375 0.08906250 0.04531250
1 0.04531250 0.66718750 0.09062500 0.04062500
1 0.98906250 0.74687500 0.02187500 0.04062500
1 0.57890625 0.64296875 0.04843750 0.05781250
1 0.86640625 0.57187500 0.07031250 0.04687500
1 0.40625000 0.40000000 0.11562500 0.05000000
1 0.82656250 0.69921875 0.09687500 0.03906250
1 0.56484375 0.70781250 0.09843750 0.04687500
1 0.44453125 0.51484375 0.06406250 0.04843750
1 0.47421875 0.65156250 0.10156250 0.04062500
1 0.28281250 0.27421875 0.09687500 0.04531250
1 0.05468750 0.23046875 0.08125000 0.08281250
1 0.68437500 0.70078125 0.10312500 0.04218750
1 0.53828125 0.38437500 0.08906250 0.04062500
1 0.10312500 0.78593750 0.10000000 0.04375000
1 0.85859375 0.35390625 0.04531250 0.09531250
1 0.79687500 0.35234375 0.04687500 0.09531250
