1 0.86328125 0.48515625 0.08593750 0.07656250
1 0.46406250 0.86328125 0.08750000 0.03593750
1 0.85234375 0.73359375 0.09843750 0.04218750
1 0.53046875 0.24140625 0.03593750 0.08593750
1 0.91328125 0.89765625 0.08906250 0.03593750
1 0.74921875 0.33125000 0.06093750 0.08437500
1 0.43125000 0.70937500 0.08750000 0.04375000
1 0.58593750 0.28437500 0.03750000 0.09062500
1 0.01718750 0.92500000 0.03437500 0.04375000
1 0.42421875 0.11484375 0.03906250 0.07968750
1 0.96640625 0.77968750 0.06718750 0.04062500
1 0.38750000 0.81406250 0.09062500 0.03750000
1 0.52265625 0.76796875 0.09531250 0.03906250
1 0.96953125 0.69921875 0.06093750 0.03906250
1 0.10546875 0.80546875 0.09531250 0.03593750
1 0.98515625 0.58828125 0.02968750 0.04218750
1 0.31250000 0.53984375 0.08125000 0.07343750
1 0.20234375 0.76093750 0.08281250 0.03437500
1 0.48046875 0.24218750 0.04218750 0.08750000
1 0.52343750 0.02187500 0.03750000 0.04375000
1 0.47968750 0.10000000 0.03437500 0.08750000
1 0.89843750 0.83515625 0.08750000 0.03593750
1 0.65234375 0.83046875 0.09218750 0.03593750
1 0.69140625 0.76640625 0.09218750 0.03906250
1 0.47500000 0.01250000 0.03750000 0.02500000
2 0.85468750 0.13671875 0.03125000 0.05156250
2 0.32265625 0.34453125 0.01406250 0.01093750
2 0.78125000 0.24062500 0.01250000 0.02187500
2 0.35937500 0.47109375 0.01562500 0.02031250
2 0.48437500 0.45234375 0.03437500 0.02031250
2 0.19453125 0.40078125 0.01093750 0.01718750
2 0.41562500 0.35156250 0.02187500 0.02187500
2 0.40468750 0.35000000 0.02500000 0.01875000
2 0.85937500 0.12890625 0.02187500 0.03593750
2 0.83281250 0.04296875 0.01875000 0.03593750
2 0.89218750 0.19531250 0.03125000 0.03750000
2 0.82734375 0.59843750 0.02031250 0.02187500
2 0.24531250 0.05312500 0.02500000 0.04062500
2 0.26171875 0.44296875 0.01406250 0.01406250
2 0.32265625 0.31796875 0.02031250 0.02343750
2 0.36250000 0.08906250 0.01875000 0.02187500
2 0.80625000 0.29531250 0.01875000 0.01875000
2 0.07343750 0.41171875 0.01250000 0.01718750
2 0.25546875 0.44375000 0.02343750 0.01562500
2 0.33828125 0.29765625 0.02343750 0.02343750
2 0.39609375 0.39843750 0.01406250 0.02500000
2 0.82343750 0.59921875 0.02812500 0.02343750
2 0.34375000 0.29765625 0.01250000 0.02031250
2 0.33203125 0.34062500 0.02031250 0.01875000
2 0.14453125 0.45625000 0.01718750 0.01875000
2 0.32656250 0.33906250 0.02187500 0.02187500
2 0.81171875 0.60078125 0.02031250 0.02031250
2 0.21484375 0.40390625 0.02031250 0.01406250
2 0.07656250 0.40234375 0.01875000 0.03281250
2 0.24296875 0.49687500 0.02031250 0.01875000
2 0.82890625 0.33671875 0.01718750 0.02343750
2 0.30937500 0.16953125 0.03125000 0.11093750
2 0.25859375 0.46718750 0.02031250 0.01562500
2 0.19062500 0.48437500 0.02187500 0.02187500
2 0.33750000 0.31171875 0.02500000 0.02656250
2 0.32734375 0.33203125 0.02656250 0.03593750
2 0.02265625 0.34453125 0.01406250 0.01718750
2 0.88906250 0.19453125 0.02500000 0.03281250
2 0.98046875 0.18125000 0.01718750 0.01875000
2 0.20703125 0.40156250 0.03593750 0.01875000
2 0.34609375 0.33046875 0.02031250 0.02031250
2 0.05312500 0.41640625 0.01250000 0.01093750
2 0.40703125 0.34843750 0.02031250 0.01875000
2 0.25000000 0.44296875 0.01250000 0.01406250
2 0.25546875 0.46718750 0.01406250 0.01562500
2 0.33828125 0.32578125 0.03593750 0.04218750
2 0.33281250 0.31875000 0.03750000 0.06250000
2 0.39765625 0.34687500 0.01718750 0.01250000
2 0.35703125 0.47187500 0.01406250 0.01875000
2 0.14453125 0.45625000 0.01718750 0.01875000
2 0.08203125 0.39296875 0.01093750 0.01406250
2 0.34140625 0.09453125 0.01406250 0.02343750
2 0.01406250 0.67656250 0.02812500 0.02812500
2 0.88828125 0.10703125 0.02343750 0.02031250
2 0.47343750 0.45546875 0.01562500 0.01406250
2 0.33750000 0.30390625 0.02500000 0.03281250
2 0.96875000 0.44531250 0.01562500 0.01875000
2 0.22734375 0.49218750 0.01718750 0.01875000
2 0.35546875 0.08437500 0.04218750 0.04375000
2 0.33828125 0.29453125 0.02031250 0.01718750
2 0.48906250 0.45000000 0.02187500 0.01562500
2 0.42968750 0.35468750 0.01562500 0.01562500
2 0.63125000 0.61171875 0.01250000 0.01718750
2 0.89375000 0.18906250 0.02187500 0.02500000
2 0.67890625 0.51796875 0.01406250 0.01718750
2 0.19375000 0.48203125 0.01562500 0.01718750
2 0.41250000 0.35000000 0.04062500 0.02187500
2 0.80937500 0.29843750 0.02500000 0.02500000
2 0.78203125 0.23750000 0.01406250 0.02812500
2 0.84765625 0.14843750 0.02031250 0.03125000
2 0.36250000 0.08125000 0.02500000 0.03750000
2 0.93359375 0.45859375 0.02343750 0.02656250
2 0.96875000 0.20000000 0.03125000 0.02812500
2 0.82578125 0.33750000 0.02031250 0.02187500
