1 0.77890625 0.70546875 0.09531250 0.03906250
1 0.94843750 0.63437500 0.09062500 0.03750000
1 0.96250000 0.94531250 0.07500000 0.03750000
1 0.87578125 0.76250000 0.09843750 0.03750000
1 0.47109375 0.95312500 0.08906250 0.04062500
1 0.02187500 0.82968750 0.04375000 0.03437500
1 0.46953125 0.82890625 0.09218750 0.04218750
1 0.73515625 0.94453125 0.09218750 0.03906250
1 0.34531250 0.95312500 0.08750000 0.03750000
1 0.92421875 0.82109375 0.09218750 0.03593750
1 0.61328125 0.94921875 0.09531250 0.03906250
1 0.64765625 0.88437500 0.09531250 0.03750000
1 0.13671875 0.89296875 0.08593750 0.03906250
1 0.36171875 0.63906250 0.09531250 0.03750000
1 0.27265625 0.77500000 0.09218750 0.04062500
1 0.33203125 0.89062500 0.09218750 0.03750000
1 0.34687500 0.83203125 0.08750000 0.03593750
1 0.74375000 0.76250000 0.08750000 0.03437500
1 0.86328125 0.94296875 0.09843750 0.03906250
1 0.07421875 0.77265625 0.09218750 0.03593750
1 0.97187500 0.75859375 0.05625000 0.04218750
1 0.63281250 0.82734375 0.10000000 0.03906250
1 0.44687500 0.77187500 0.10000000 0.03750000
1 0.49609375 0.88593750 0.09218750 0.03437500
1 0.75781250 0.82578125 0.08750000 0.03906250
1 0.62031250 0.76875000 0.10625000 0.03750000
1 0.23984375 0.94921875 0.09218750 0.04531250
1 0.99531250 0.87968750 0.00937500 0.03125000
0 0.92031250 0.69921875 0.15937500 0.04843750
0 0.84140625 0.88593750 0.26093750 0.05312500
0 0.17265625 0.70937500 0.24531250 0.05312500
0 0.52265625 0.70390625 0.25468750 0.05781250
0 0.62031250 0.28046875 0.38750000 0.16093750
