1 0.08906250 0.98671875 0.03750000 0.02656250
1 0.76562500 0.00703125 0.06562500 0.01406250
1 0.03671875 0.33828125 0.07343750 0.08906250
1 0.84375000 0.60937500 0.04062500 0.01250000
1 0.93671875 0.11093750 0.10156250 0.04375000
1 0.03203125 0.71640625 0.03593750 0.08593750
1 0.44921875 0.05625000 0.09531250 0.03750000
1 0.97968750 0.60859375 0.04062500 0.01406250
1 0.09062500 0.89687500 0.04062500 0.10000000
1 0.08984375 0.76484375 0.03906250 0.09843750
1 0.03281250 0.85937500 0.04062500 0.09687500
1 0.23046875 0.19062500 0.09218750 0.06562500
1 0.03750000 0.97031250 0.04375000 0.05937500
1 0.71406250 0.05625000 0.10312500 0.03750000
1 0.97812500 0.05078125 0.04375000 0.03906250
1 0.91250000 0.60859375 0.04375000 0.01406250
1 0.47656250 0.11093750 0.09687500 0.03750000
1 0.58203125 0.04843750 0.10156250 0.03750000
1 0.88046875 0.04531250 0.08906250 0.03750000
1 0.67656250 0.11406250 0.09687500 0.04062500
2 0.33203125 0.72812500 0.01718750 0.04687500
2 0.27343750 0.51718750 0.02187500 0.01875000
2 0.23906250 0.77968750 0.01875000 0.02500000
2 0.30000000 0.77500000 0.01562500 0.02812500
2 0.36328125 0.45234375 0.02031250 0.02656250
