1 0.30937500 0.96093750 0.07812500 0.03750000
1 0.54609375 0.95625000 0.08281250 0.03750000
1 0.42578125 0.95703125 0.09843750 0.04218750
1 0.14921875 0.67187500 0.09218750 0.03750000
1 0.54843750 0.77656250 0.09375000 0.03750000
1 0.89921875 0.96093750 0.07343750 0.03750000
1 0.93203125 0.77656250 0.09843750 0.03750000
1 0.33203125 0.83984375 0.08593750 0.03593750
1 0.20312500 0.83593750 0.08750000 0.03437500
1 0.45781250 0.83750000 0.09375000 0.03750000
1 0.91171875 0.89453125 0.09843750 0.03906250
1 0.68593750 0.78125000 0.09687500 0.03750000
1 0.46093750 0.71875000 0.09375000 0.04062500
1 0.85234375 0.83906250 0.10156250 0.03750000
1 0.78750000 0.95937500 0.10000000 0.04375000
1 0.21718750 0.62890625 0.03437500 0.02031250
1 0.99375000 0.89453125 0.01250000 0.03281250
1 0.33515625 0.89609375 0.09218750 0.03593750
1 0.95781250 0.83828125 0.08437500 0.03593750
1 0.19765625 0.96250000 0.09218750 0.03750000
1 0.34921875 0.71640625 0.09218750 0.03906250
1 0.42343750 0.77812500 0.07812500 0.04062500
1 0.71406250 0.83828125 0.09375000 0.03906250
1 0.19687500 0.72500000 0.09062500 0.03750000
1 0.20703125 0.77890625 0.07968750 0.03593750
1 0.97734375 0.95546875 0.04531250 0.03906250
1 0.58437500 0.83828125 0.10937500 0.03593750
1 0.96328125 0.72343750 0.07343750 0.03750000
1 0.61171875 0.89765625 0.10781250 0.03906250
1 0.67265625 0.96406250 0.10156250 0.04062500
1 0.46484375 0.89531250 0.09531250 0.04375000
1 0.59375000 0.71328125 0.08750000 0.03906250
1 0.75078125 0.90156250 0.09843750 0.03750000
1 0.19296875 0.89453125 0.09218750 0.03593750
1 0.85468750 0.72421875 0.09062500 0.03593750
1 0.74453125 0.72031250 0.09843750 0.03750000
1 0.31562500 0.78203125 0.08437500 0.03906250
1 0.79843750 0.77734375 0.07812500 0.03593750
