0 0.16093750 0.66875000 0.26562500 0.06250000
0 0.50234375 0.66093750 0.10156250 0.05625000
1 0.38828125 0.78750000 0.10156250 0.04062500
1 0.50078125 0.66562500 0.09843750 0.04687500
1 0.95546875 0.17500000 0.05156250 0.05312500
1 0.79375000 0.36953125 0.04687500 0.09843750
1 0.04765625 0.61796875 0.09531250 0.04218750
1 0.21953125 0.60703125 0.10156250 0.04218750
1 0.05703125 0.43359375 0.10781250 0.03593750
1 0.83437500 0.77109375 0.10937500 0.04218750
1 0.32890625 0.28359375 0.09843750 0.04218750
1 0.04609375 0.73515625 0.09218750 0.03906250
1 0.06093750 0.38906250 0.10625000 0.05312500
1 0.47421875 0.71562500 0.09218750 0.04062500
1 0.91953125 0.70937500 0.08593750 0.03750000
1 0.12031250 0.79453125 0.10312500 0.04218750
1 0.25156250 0.79062500 0.10312500 0.04062500
1 0.30859375 0.73125000 0.10468750 0.04062500
1 0.82109375 0.65156250 0.10781250 0.04062500
1 0.61171875 0.28281250 0.05468750 0.03437500
1 0.17656250 0.72578125 0.10000000 0.03906250
1 0.18671875 0.40937500 0.10468750 0.04375000
1 0.84296875 0.36953125 0.04531250 0.09531250
1 0.98281250 0.77031250 0.03437500 0.04062500
1 0.95156250 0.65546875 0.09687500 0.03593750
1 0.60156250 0.71953125 0.10312500 0.03906250
1 0.69609375 0.78125000 0.10781250 0.04062500
1 0.36093750 0.66562500 0.06875000 0.03750000
1 0.10078125 0.23437500 0.07968750 0.08437500
1 0.45078125 0.40937500 0.11406250 0.04687500
1 0.75078125 0.71640625 0.09531250 0.03593750
1 0.58437500 0.39843750 0.09375000 0.04062500
1 0.90546875 0.37421875 0.04218750 0.09843750
1 0.65546875 0.65937500 0.10468750 0.04062500
1 0.54843750 0.78046875 0.10312500 0.04218750
1 0.99140625 0.71250000 0.01718750 0.03750000
