2 0.08750000 0.52734375 0.01250000 0.01093750
2 0.34062500 0.83593750 0.02187500 0.01875000
2 0.59453125 0.45312500 0.01406250 0.01562500
2 0.39453125 0.35781250 0.02031250 0.04062500
2 0.24765625 0.08046875 0.01406250 0.04218750
2 0.72031250 0.83984375 0.03125000 0.04531250
2 0.81093750 0.96093750 0.02187500 0.02187500
2 0.61093750 0.45078125 0.02187500 0.01406250
2 0.92187500 0.61250000 0.01875000 0.02500000
2 0.06250000 0.54453125 0.03125000 0.01718750
2 0.29765625 0.54687500 0.02031250 0.01562500
2 0.42109375 0.14140625 0.03281250 0.03281250
2 0.33671875 0.43125000 0.02343750 0.01875000
2 0.29843750 0.39843750 0.02187500 0.02187500
2 0.06093750 0.54375000 0.02812500 0.01562500
2 0.29453125 0.56328125 0.02343750 0.02343750
2 0.50859375 0.62734375 0.02031250 0.01718750
2 0.09531250 0.58437500 0.03437500 0.02187500
2 0.37734375 0.41171875 0.01406250 0.01406250
2 0.30390625 0.55625000 0.03593750 0.03437500
2 0.20078125 0.41250000 0.01718750 0.02812500
2 0.41796875 0.13281250 0.02343750 0.01875000
2 0.42421875 0.14296875 0.02656250 0.03281250
2 0.47890625 0.21562500 0.02031250 0.03437500
2 0.60546875 0.45234375 0.03281250 0.01718750
2 0.33359375 0.43203125 0.01718750 0.01718750
2 0.36406250 0.35078125 0.02187500 0.02031250
2 0.09453125 0.58125000 0.03281250 0.01562500
2 0.51328125 0.54296875 0.02656250 0.01093750
2 0.60937500 0.45156250 0.02500000 0.01562500
2 0.34687500 0.28906250 0.01875000 0.02812500
2 0.47890625 0.20625000 0.01718750 0.01562500
2 0.72187500 0.82812500 0.01562500 0.02187500
2 0.36953125 0.43437500 0.02656250 0.03437500
2 0.45234375 0.66875000 0.02343750 0.01562500
2 0.72343750 0.65000000 0.01562500 0.02187500
2 0.43125000 0.14531250 0.01250000 0.02812500
2 0.72500000 0.60937500 0.04062500 0.02187500
2 0.20781250 0.41718750 0.03125000 0.03437500
2 0.41718750 0.13125000 0.01875000 0.01562500
2 0.29531250 0.39843750 0.01562500 0.01875000
0 0.08906250 0.73593750 0.17812500 0.06250000
1 0.65625000 0.06015625 0.04062500 0.09531250
1 0.53984375 0.10390625 0.04218750 0.10468750
1 0.73906250 0.41640625 0.05312500 0.10156250
1 0.54062500 0.23203125 0.04375000 0.10156250
1 0.08125000 0.89843750 0.09687500 0.04062500
1 0.18437500 0.21484375 0.06250000 0.10781250
1 0.93828125 0.77500000 0.08281250 0.08125000
1 0.49140625 0.40156250 0.03593750 0.09375000
1 0.35156250 0.61718750 0.08125000 0.07500000
1 0.44453125 0.82109375 0.09843750 0.07968750
1 0.07187500 0.95703125 0.09687500 0.03906250
1 0.20312500 0.89296875 0.10000000 0.04218750
1 0.59218750 0.22500000 0.03750000 0.09687500
1 0.20546875 0.09921875 0.03906250 0.09843750
1 0.15000000 0.36406250 0.09062500 0.08750000
1 0.05078125 0.43125000 0.10156250 0.05000000
1 0.71406250 0.21250000 0.03750000 0.09687500
1 0.97187500 0.16562500 0.04375000 0.10312500
1 0.42343750 0.52734375 0.06562500 0.08906250
1 0.19687500 0.00937500 0.04062500 0.01875000
1 0.59687500 0.95703125 0.07500000 0.08593750
1 0.65468750 0.20312500 0.04062500 0.10937500
1 0.53906250 0.00625000 0.03750000 0.01250000
1 0.19921875 0.95156250 0.10156250 0.04687500
