1 0.68906250 0.60859375 0.04375000 0.02031250
1 0.42500000 0.96562500 0.09687500 0.04375000
1 0.03437500 0.68203125 0.06875000 0.03593750
1 0.89687500 0.97187500 0.07500000 0.04062500
1 0.07734375 0.73593750 0.08281250 0.03437500
1 0.22421875 0.73125000 0.08281250 0.03750000
1 0.37109375 0.78750000 0.10156250 0.04062500
1 0.03203125 0.90000000 0.06406250 0.03750000
1 0.76015625 0.96875000 0.09843750 0.04375000
1 0.97812500 0.79218750 0.04375000 0.04062500
1 0.30625000 0.96718750 0.08437500 0.04062500
1 0.54375000 0.96406250 0.08437500 0.03437500
1 0.30312500 0.68125000 0.08750000 0.03750000
1 0.14687500 0.67421875 0.09062500 0.03593750
1 0.08984375 0.79218750 0.09531250 0.04375000
1 0.87578125 0.73203125 0.09218750 0.03593750
1 0.69218750 0.73437500 0.09375000 0.03750000
1 0.02031250 0.96406250 0.04062500 0.03750000
1 0.97578125 0.96640625 0.04843750 0.03593750
1 0.99453125 0.72968750 0.01093750 0.03437500
1 0.64531250 0.90468750 0.09687500 0.03750000
1 0.64687500 0.97187500 0.10000000 0.03750000
1 0.47812500 0.72578125 0.10000000 0.03906250
1 0.39453125 0.65078125 0.08593750 0.03593750
1 0.53828125 0.66796875 0.09531250 0.03593750
1 0.17968750 0.96796875 0.08437500 0.03593750
1 0.82578125 0.79062500 0.09843750 0.04062500
