2 0.44062500 0.43046875 0.01875000 0.02031250
2 0.33359375 0.55234375 0.03281250 0.02031250
2 0.40546875 0.30390625 0.01406250 0.02343750
2 0.92187500 0.13593750 0.09062500 0.18437500
2 0.74453125 0.36406250 0.01093750 0.01875000
2 0.41718750 0.35859375 0.01875000 0.02968750
2 0.90000000 0.41484375 0.02812500 0.03281250
2 0.39531250 0.43515625 0.01562500 0.02968750
2 0.43125000 0.35859375 0.01562500 0.02656250
2 0.37109375 0.39296875 0.02656250 0.02343750
2 0.04453125 0.53281250 0.03593750 0.01562500
2 0.70546875 0.85000000 0.01406250 0.02187500
2 0.32734375 0.37656250 0.02031250 0.02187500
2 0.34531250 0.41875000 0.01875000 0.01875000
2 0.78984375 0.35234375 0.01406250 0.02031250
2 0.34140625 0.55156250 0.01718750 0.01875000
2 0.38750000 0.34140625 0.02500000 0.02656250
2 0.29218750 0.53828125 0.01875000 0.02031250
2 0.40625000 0.32734375 0.01875000 0.03281250
2 0.29531250 0.33984375 0.01562500 0.02343750
2 0.30000000 0.43281250 0.01562500 0.01562500
2 0.29531250 0.53515625 0.02187500 0.02656250
2 0.39609375 0.36484375 0.01406250 0.02343750
2 0.03437500 0.53359375 0.01562500 0.01406250
2 0.16875000 0.45625000 0.01562500 0.02812500
2 0.43906250 0.29062500 0.03125000 0.02187500
2 0.28203125 0.50078125 0.03281250 0.02343750
2 0.42265625 0.34531250 0.02031250 0.01875000
2 0.68750000 0.42734375 0.01875000 0.02343750
2 0.46718750 0.12656250 0.01562500 0.02187500
2 0.33437500 0.46015625 0.02500000 0.03593750
2 0.10312500 0.51093750 0.02812500 0.02187500
2 0.44062500 0.42031250 0.01875000 0.03750000
2 0.42500000 0.10546875 0.02812500 0.01406250
2 0.44140625 0.41093750 0.01406250 0.01875000
2 0.38906250 0.31640625 0.01875000 0.02031250
2 0.90546875 0.40859375 0.01718750 0.02031250
2 0.32421875 0.55390625 0.01718750 0.01718750
2 0.31015625 0.43984375 0.03281250 0.02656250
2 0.45156250 0.10781250 0.01875000 0.01250000
2 0.29843750 0.52812500 0.01562500 0.01562500
1 0.43984375 0.77109375 0.09843750 0.04218750
1 0.07343750 0.40468750 0.10312500 0.05000000
1 0.62968750 0.24062500 0.04062500 0.10000000
1 0.38828125 0.98828125 0.10156250 0.02343750
1 0.23671875 0.07109375 0.04218750 0.10156250
1 0.87578125 0.73984375 0.09843750 0.03906250
1 0.05859375 0.88515625 0.09843750 0.03906250
1 0.71250000 0.97656250 0.09375000 0.04062500
1 0.74843750 0.04062500 0.04062500 0.08125000
1 0.86484375 0.68046875 0.09843750 0.03906250
1 0.24921875 0.71015625 0.10156250 0.04218750
1 0.61562500 0.75781250 0.09375000 0.04062500
1 0.15781250 0.94218750 0.09375000 0.04062500
1 0.17812500 0.33750000 0.09375000 0.09062500
1 0.51015625 0.19921875 0.04218750 0.09218750
1 0.19140625 0.88281250 0.10468750 0.04062500
1 0.69218750 0.21406250 0.04062500 0.10312500
1 0.21250000 0.18906250 0.05000000 0.10312500
1 0.98359375 0.95546875 0.03281250 0.03593750
1 0.14843750 0.99296875 0.09062500 0.01406250
1 0.99531250 0.15390625 0.00937500 0.10156250
1 0.77187500 0.90859375 0.09375000 0.04218750
1 0.58906250 0.68828125 0.10312500 0.04218750
1 0.57109375 0.23906250 0.03906250 0.09687500
1 0.49453125 0.45312500 0.04843750 0.09062500
1 0.57109375 0.09921875 0.04843750 0.10468750
1 0.63593750 0.09609375 0.03750000 0.09218750
1 0.75390625 0.15937500 0.03906250 0.09687500
1 0.69375000 0.07109375 0.03750000 0.09218750
1 0.57500000 0.00703125 0.03437500 0.01406250
