1 0.92421875 0.06796875 0.09843750 0.03906250
1 0.54062500 0.19609375 0.08125000 0.03281250
1 0.73359375 0.01796875 0.05781250 0.03593750
1 0.61406250 0.07734375 0.07812500 0.03593750
1 0.96171875 0.01718750 0.07656250 0.03437500
1 0.79140625 0.19843750 0.09218750 0.03750000
1 0.91640625 0.25390625 0.09218750 0.03906250
1 0.36171875 0.14453125 0.08281250 0.03593750
1 0.20390625 0.20234375 0.08281250 0.03593750
1 0.43359375 0.02031250 0.07656250 0.03437500
1 0.30000000 0.02343750 0.08750000 0.03750000
1 0.17500000 0.02812500 0.09687500 0.03750000
1 0.92343750 0.19218750 0.09062500 0.04375000
1 0.33984375 0.26484375 0.09531250 0.03906250
1 0.67734375 0.19218750 0.09218750 0.04062500
1 0.20546875 0.26250000 0.09843750 0.03750000
1 0.31640625 0.19921875 0.08593750 0.03906250
1 0.22343750 0.08125000 0.09062500 0.03750000
1 0.48828125 0.07578125 0.09218750 0.03906250
1 0.77500000 0.14062500 0.09687500 0.03750000
1 0.36250000 0.07890625 0.08437500 0.03906250
1 0.92109375 0.13828125 0.08906250 0.03906250
1 0.20000000 0.14375000 0.09687500 0.03750000
1 0.75234375 0.07734375 0.08906250 0.03906250
1 0.64531250 0.13281250 0.08750000 0.04062500
1 0.50703125 0.13984375 0.10468750 0.04218750
1 0.44062500 0.20000000 0.08750000 0.03750000
1 0.60703125 0.01718750 0.09218750 0.03437500
1 0.84296875 0.01875000 0.08593750 0.03750000
