1 0.45156250 0.29218750 0.09687500 0.03750000
1 0.94375000 0.12031250 0.04375000 0.05312500
1 0.95312500 0.05468750 0.09375000 0.04062500
1 0.97109375 0.18125000 0.05781250 0.04062500
1 0.90156250 0.50546875 0.10000000 0.05468750
1 0.30937500 0.00468750 0.08125000 0.00937500
1 0.91250000 0.23671875 0.10000000 0.03906250
1 0.19296875 0.21796875 0.08593750 0.03906250
1 0.52734375 0.23046875 0.08906250 0.03593750
1 0.90390625 0.30078125 0.08593750 0.04218750
1 0.62343750 0.17343750 0.10000000 0.03750000
1 0.54453125 0.05703125 0.09218750 0.03906250
1 0.34218750 0.16718750 0.07812500 0.03750000
1 0.22187500 0.10781250 0.08750000 0.04062500
1 0.99375000 0.24062500 0.01250000 0.03437500
1 0.82500000 0.05625000 0.09375000 0.03437500
1 0.41953125 0.23125000 0.08593750 0.03750000
1 0.67578125 0.29609375 0.09218750 0.03906250
1 0.21093750 0.28281250 0.09375000 0.03750000
1 0.34296875 0.10781250 0.08593750 0.04375000
1 0.49843750 0.16562500 0.09375000 0.04062500
1 0.30468750 0.22109375 0.08437500 0.03593750
1 0.86953125 0.11875000 0.08906250 0.04062500
1 0.78125000 0.23125000 0.08750000 0.04062500
1 0.98750000 0.30156250 0.02500000 0.04062500
1 0.22578125 0.16328125 0.09531250 0.03593750
1 0.14843750 0.04609375 0.02812500 0.04843750
1 0.74921875 0.11484375 0.10156250 0.03906250
1 0.65156250 0.23281250 0.08437500 0.04062500
1 0.46328125 0.10937500 0.09531250 0.03750000
1 0.96250000 0.12109375 0.07500000 0.05468750
1 0.78828125 0.29843750 0.09843750 0.03750000
1 0.42578125 0.05546875 0.07656250 0.03593750
1 0.56406250 0.29296875 0.09375000 0.03906250
1 0.65156250 0.56953125 0.10000000 0.04531250
1 0.60625000 0.11640625 0.09375000 0.04218750
1 0.68359375 0.05625000 0.09843750 0.03750000
1 0.74921875 0.17656250 0.08906250 0.04062500
1 0.86562500 0.17656250 0.09375000 0.03750000
1 0.33125000 0.28984375 0.08750000 0.04218750
0 0.26093750 0.04609375 0.24687500 0.05156250
