2 0.08750000 0.23281250 0.01562500 0.01562500
2 0.83125000 0.27578125 0.01562500 0.01718750
2 0.96562500 0.35468750 0.03437500 0.05000000
2 0.23437500 0.37109375 0.02187500 0.02656250
2 0.56562500 0.32578125 0.01875000 0.02031250
2 0.88984375 0.28125000 0.02031250 0.01875000
2 0.21718750 0.06250000 0.01562500 0.01875000
2 0.39453125 0.50390625 0.01718750 0.02031250
2 0.31796875 0.35546875 0.01718750 0.02031250
2 0.23671875 0.45703125 0.02968750 0.02656250
2 0.35625000 0.41484375 0.01562500 0.04531250
2 0.28593750 0.47343750 0.02812500 0.02500000
2 0.35546875 0.40546875 0.01406250 0.02656250
2 0.88984375 0.37343750 0.02968750 0.03750000
2 0.00390625 0.39296875 0.00781250 0.04218750
2 0.28281250 0.38437500 0.01562500 0.02187500
2 0.28515625 0.42265625 0.01718750 0.02343750
2 0.91562500 0.29921875 0.01875000 0.01718750
2 0.99140625 0.44531250 0.01718750 0.01562500
2 0.80703125 0.29140625 0.01718750 0.01406250
2 0.38203125 0.15156250 0.01406250 0.02812500
2 0.17031250 0.05625000 0.01250000 0.01562500
2 0.66718750 0.56953125 0.02187500 0.01406250
2 0.65625000 0.28203125 0.01562500 0.01718750
2 0.91562500 0.30468750 0.01875000 0.02812500
2 0.38281250 0.57421875 0.02500000 0.02968750
2 0.26484375 0.12500000 0.01718750 0.02812500
2 0.88281250 0.36875000 0.01562500 0.02812500
2 0.31562500 0.01953125 0.01875000 0.01718750
0 0.89765625 0.66250000 0.10156250 0.05937500
0 0.89765625 0.67109375 0.09843750 0.04218750
0 0.55703125 0.67187500 0.26093750 0.05937500
1 0.72656250 0.28750000 0.09687500 0.04375000
1 0.51718750 0.79609375 0.10625000 0.04218750
1 0.99062500 0.28906250 0.01875000 0.02812500
1 0.59296875 0.61718750 0.10468750 0.04687500
1 0.89765625 0.66875000 0.09843750 0.04687500
1 0.70703125 0.42421875 0.11406250 0.05156250
1 0.94765625 0.78359375 0.09843750 0.04218750
1 0.58515625 0.41250000 0.10468750 0.04375000
1 0.86796875 0.71875000 0.09531250 0.04375000
1 0.00390625 0.39218750 0.00781250 0.04375000
1 0.97421875 0.72421875 0.05156250 0.03906250
1 0.40000000 0.87968750 0.08750000 0.05937500
1 0.57500000 0.72812500 0.10000000 0.03750000
1 0.64765625 0.79296875 0.10156250 0.03906250
1 0.18828125 0.76718750 0.08593750 0.08437500
1 0.32734375 0.22343750 0.04531250 0.09375000
1 0.46328125 0.39375000 0.10468750 0.05937500
1 0.21796875 0.16718750 0.04218750 0.10312500
1 0.44296875 0.73828125 0.09218750 0.03906250
1 0.31015625 0.61328125 0.10781250 0.04531250
1 0.82890625 0.93984375 0.11093750 0.04531250
1 0.04921875 0.56171875 0.06406250 0.08593750
1 0.84921875 0.41328125 0.11718750 0.04843750
1 0.49843750 0.23984375 0.07812500 0.08281250
1 0.96875000 0.40390625 0.06250000 0.03906250
1 0.78515625 0.79062500 0.10156250 0.04062500
1 0.70625000 0.73359375 0.10312500 0.03906250
1 0.32812500 0.06015625 0.03437500 0.05156250
1 0.75703125 0.66796875 0.06406250 0.03906250
