1 0.97500000 0.23437500 0.05000000 0.05937500
1 0.81484375 0.81953125 0.03906250 0.09531250
1 0.87812500 0.96171875 0.04062500 0.07656250
1 0.86640625 0.72343750 0.04218750 0.09687500
1 0.19609375 0.34140625 0.09218750 0.04218750
1 0.36562500 0.19453125 0.09375000 0.05468750
1 0.05000000 0.34765625 0.08750000 0.03593750
1 0.87187500 0.84531250 0.04062500 0.09062500
1 0.76171875 0.94062500 0.04218750 0.10312500
1 0.34062500 0.92265625 0.04062500 0.09843750
1 0.09453125 0.22187500 0.09531250 0.04062500
1 0.82109375 0.95390625 0.04218750 0.09218750
1 0.81171875 0.70078125 0.03906250 0.09218750
1 0.07343750 0.27890625 0.10000000 0.03906250
1 0.75781250 0.78359375 0.03750000 0.07031250
1 0.62500000 0.94218750 0.04062500 0.09375000
1 0.59687500 0.06875000 0.08125000 0.07812500
1 0.18984375 0.27500000 0.09843750 0.04375000
2 0.40546875 0.51640625 0.01718750 0.03593750
2 0.41484375 0.67343750 0.02031250 0.02500000
2 0.30859375 0.59218750 0.02656250 0.03750000
2 0.63828125 0.20625000 0.02031250 0.01562500
2 0.41250000 0.47031250 0.02187500 0.02812500
2 0.41875000 0.49140625 0.01875000 0.02656250
2 0.40000000 0.68593750 0.02500000 0.02812500
2 0.42031250 0.49531250 0.02500000 0.07187500
2 0.71953125 0.16875000 0.03906250 0.03125000
2 0.03203125 0.63906250 0.02656250 0.02187500
2 0.72500000 0.84453125 0.01875000 0.01406250
2 0.33750000 0.46640625 0.02187500 0.03281250
2 0.37890625 0.64375000 0.02343750 0.03125000
2 0.40625000 0.67812500 0.03437500 0.03750000
2 0.44218750 0.58750000 0.01875000 0.02812500
2 0.30234375 0.58671875 0.01406250 0.02656250
2 0.27500000 0.46562500 0.02187500 0.02500000
2 0.99375000 0.48984375 0.01250000 0.02031250
2 0.40625000 0.48906250 0.01875000 0.03125000
2 0.42968750 0.46250000 0.01875000 0.02812500
2 0.25000000 0.54218750 0.02187500 0.01562500
2 0.37734375 0.47812500 0.02656250 0.05625000
2 0.38984375 0.65625000 0.02343750 0.02500000
2 0.04921875 0.63984375 0.06093750 0.02968750
2 0.37890625 0.46796875 0.02031250 0.03593750
2 0.99296875 0.50000000 0.01406250 0.03750000
2 0.41875000 0.52187500 0.01562500 0.02812500
2 0.40546875 0.68125000 0.01406250 0.01875000
2 0.41015625 0.51718750 0.02656250 0.03750000
2 0.42500000 0.47187500 0.02500000 0.04062500
2 0.06718750 0.64843750 0.03125000 0.01875000
2 0.36015625 0.49531250 0.02031250 0.02812500
