0 0.66171875 0.72812500 0.24843750 0.05625000
1 0.07109375 0.45703125 0.02968750 0.03281250
1 0.51093750 0.59375000 0.03125000 0.01562500
1 0.47343750 0.56875000 0.03125000 0.01562500
1 0.94296875 0.73593750 0.09218750 0.04062500
1 0.16796875 0.43828125 0.03281250 0.02031250
1 0.62031250 0.78593750 0.08437500 0.04062500
1 0.60937500 0.96171875 0.09062500 0.03906250
1 0.40468750 0.56250000 0.03125000 0.02500000
1 0.74375000 0.84531250 0.07500000 0.03437500
1 0.14218750 0.47656250 0.03437500 0.02187500
1 0.34687500 0.58515625 0.03125000 0.02343750
1 0.85000000 0.97031250 0.09687500 0.03750000
1 0.98515625 0.85156250 0.02968750 0.03750000
1 0.36953125 0.60703125 0.03281250 0.02343750
1 0.70390625 0.90234375 0.08281250 0.03593750
1 0.27500000 0.60781250 0.02500000 0.02812500
1 0.39375000 0.58281250 0.02500000 0.02187500
1 0.40390625 0.61093750 0.03906250 0.02187500
1 0.24218750 0.46640625 0.03125000 0.03281250
1 0.86093750 0.78906250 0.09375000 0.03750000
1 0.59062500 0.55937500 0.05625000 0.01875000
1 0.17890625 0.51875000 0.02968750 0.01562500
1 0.30078125 0.57968750 0.02656250 0.02187500
1 0.74218750 0.78750000 0.08437500 0.04375000
1 0.09296875 0.52656250 0.03593750 0.02187500
1 0.03203125 0.40468750 0.01406250 0.02187500
1 0.95859375 0.97109375 0.08281250 0.03906250
1 0.36171875 0.55937500 0.02656250 0.02187500
1 0.97968750 0.79453125 0.04062500 0.03906250
1 0.93046875 0.91015625 0.08281250 0.03281250
1 0.32421875 0.60156250 0.02656250 0.03125000
1 0.47343750 0.61093750 0.02500000 0.02500000
1 0.59296875 0.89687500 0.08593750 0.03750000
1 0.62578125 0.84296875 0.09531250 0.03593750
1 0.73046875 0.96953125 0.08593750 0.03906250
1 0.82421875 0.73593750 0.07343750 0.03750000
1 0.29453125 0.55078125 0.03593750 0.02343750
1 0.89687500 0.84296875 0.09375000 0.03906250
1 0.81640625 0.91093750 0.07968750 0.04062500
