1 0.48906250 0.41562500 0.04062500 0.09375000
1 0.17890625 0.89609375 0.10468750 0.04218750
1 0.66406250 0.08828125 0.03750000 0.09218750
1 0.66640625 0.01250000 0.03593750 0.02500000
1 0.81484375 0.98515625 0.09531250 0.02968750
1 0.98203125 0.56796875 0.03593750 0.06093750
1 0.36250000 0.27578125 0.05625000 0.10156250
1 0.35000000 0.75234375 0.09375000 0.04218750
1 0.15390625 0.35937500 0.08593750 0.08125000
1 0.54453125 0.25859375 0.03906250 0.09218750
1 0.78750000 0.76015625 0.10000000 0.04218750
1 0.54375000 0.02343750 0.03750000 0.04687500
1 0.20468750 0.00625000 0.03750000 0.01250000
1 0.04765625 0.90000000 0.09531250 0.04062500
1 0.06406250 0.95703125 0.10312500 0.04218750
1 0.54375000 0.12812500 0.04375000 0.10312500
1 0.60546875 0.01015625 0.03906250 0.02031250
1 0.60312500 0.25625000 0.04062500 0.10000000
1 0.35156250 0.99453125 0.09375000 0.01093750
1 0.97187500 0.89531250 0.05625000 0.03437500
1 0.21250000 0.09453125 0.04062500 0.09843750
1 0.19296875 0.21484375 0.03906250 0.09531250
1 0.05625000 0.42500000 0.10312500 0.04687500
1 0.71875000 0.04843750 0.04062500 0.09687500
1 0.48515625 0.03281250 0.03906250 0.06562500
1 0.97890625 0.16562500 0.04218750 0.10312500
1 0.37421875 0.01406250 0.03281250 0.02812500
1 0.60625000 0.11250000 0.03750000 0.09375000
1 0.62343750 0.92968750 0.09687500 0.04375000
1 0.70625000 0.70078125 0.09375000 0.04218750
1 0.72265625 0.17421875 0.03906250 0.09531250
1 0.66484375 0.22890625 0.03906250 0.10156250
1 0.53515625 0.98750000 0.09843750 0.02500000
2 0.28750000 0.55390625 0.01875000 0.02968750
2 0.34218750 0.55156250 0.03125000 0.02812500
