0 0.261198 0.603241 0.028646 0.021296
0 0.380469 0.754630 0.029687 0.042593
0 0.822656 0.469907 0.028646 0.023148
0 0.288281 0.558333 0.025521 0.022222
0 0.958854 0.626852 0.028125 0.022222
0 0.821615 0.536574 0.027604 0.023148
0 0.784635 0.500000 0.026562 0.024074
0 0.733594 0.534722 0.025521 0.019444
0 0.508333 0.094444 0.014583 0.055556
0 0.314063 0.706481 0.029167 0.024074
0 0.476823 0.329630 0.020313 0.057407
0 0.305469 0.389815 0.029687 0.037037
0 0.747396 0.572222 0.023958 0.022222
0 0.425781 0.786574 0.016146 0.049074
0 0.225260 0.638426 0.028646 0.025000
0 0.553125 0.604167 0.028125 0.034259
0 0.643750 0.383796 0.026042 0.026852
0 0.172396 0.602778 0.026042 0.024074
0 0.866406 0.469907 0.027604 0.023148
0 0.800521 0.393056 0.030208 0.023148
0 0.123177 0.562963 0.026562 0.022222
0 0.827865 0.573148 0.026562 0.022222
0 0.648438 0.569444 0.026042 0.022222
0 0.842969 0.693056 0.026562 0.021296
0 0.853906 0.437500 0.026562 0.021296
0 0.267188 0.637037 0.028125 0.020370
0 0.042448 0.368981 0.027604 0.021296
0 0.864583 0.505093 0.027083 0.023148
0 0.750260 0.703241 0.023438 0.019444
0 0.111458 0.442130 0.026042 0.023148
0 0.020313 0.525926 0.029167 0.020370
0 0.130469 0.595833 0.027604 0.021296
0 0.738542 0.426389 0.026042 0.023148
0 0.906510 0.508333 0.024479 0.020370
0 0.739583 0.462500 0.028125 0.021296
0 0.446615 0.425926 0.030729 0.050000
0 0.209375 0.599537 0.033333 0.026852
0 0.777865 0.429630 0.024479 0.022222
0 0.773958 0.535648 0.025000 0.019444
0 0.896875 0.574537 0.025000 0.023148
0 0.823698 0.504167 0.028646 0.025000
0 0.493229 0.680093 0.027083 0.058333
0 0.776823 0.467130 0.024479 0.021296
0 0.599479 0.575463 0.029167 0.023148
0 0.074740 0.534259 0.027604 0.020370
0 0.449479 0.807870 0.013542 0.052778
0 0.033594 0.552315 0.029687 0.023148
0 0.880469 0.628241 0.025521 0.021296
0 0.708594 0.396759 0.025521 0.025000
0 0.786458 0.602778 0.029167 0.040741
0 0.200781 0.564815 0.026562 0.022222
0 0.982812 0.659259 0.028125 0.018519
0 0.495573 0.214815 0.011979 0.051852
0 0.737500 0.501389 0.026042 0.019444
0 0.384115 0.314815 0.022396 0.048148
0 0.466406 0.144907 0.011979 0.058333
0 0.977083 0.692130 0.026042 0.021296
0 0.945052 0.471296 0.025521 0.022222
0 0.255729 0.372222 0.027083 0.024074
0 0.954688 0.506944 0.026042 0.021296
0 0.909115 0.470833 0.026562 0.023148
0 0.203125 0.703704 0.026042 0.018519
0 0.364323 0.536574 0.026562 0.028704
0 0.413802 0.145370 0.010937 0.053704
0 0.405990 0.248611 0.009896 0.047222
0 0.448437 0.138889 0.010417 0.051852
0 0.894010 0.540278 0.029687 0.023148
0 0.017188 0.409259 0.027083 0.022222
0 0.432031 0.050926 0.011979 0.050000
0 0.700000 0.567593 0.023958 0.020370
0 0.450521 0.067593 0.013542 0.057407
0 0.483854 0.405556 0.023958 0.051852
0 0.469792 0.063889 0.015625 0.061111
0 0.431510 0.139815 0.013021 0.048148
0 0.438021 0.493056 0.031250 0.037963
0 0.817969 0.432870 0.027604 0.021296
0 0.111458 0.503241 0.030208 0.043519
0 0.967448 0.591204 0.025521 0.023148
0 0.508594 0.320833 0.015104 0.052778
0 0.608073 0.971296 0.034896 0.050000
1 0.170052 0.402778 0.064062 0.035185
0 0.935156 0.578704 0.026562 0.022222
0 0.176563 0.669444 0.026042 0.022222
0 0.985417 0.472685 0.026042 0.021296
0 0.996875 0.582870 0.006250 0.019444
0 0.052604 0.594907 0.030208 0.025000
0 0.915104 0.388426 0.023958 0.019444
0 0.133594 0.185648 0.014063 0.049074
0 0.510938 0.747222 0.013542 0.024074
0 0.975781 0.543519 0.023438 0.020370
0 0.413021 0.035648 0.012500 0.052778
0 0.152344 0.399074 0.046354 0.027778
0 0.001823 0.556944 0.003646 0.021296
