0 0.132552 0.181481 0.015104 0.053704
0 0.045312 0.245370 0.012500 0.038889
0 0.475781 0.562963 0.024479 0.024074
0 0.519010 0.569444 0.025521 0.024074
0 0.566927 0.569907 0.026562 0.023148
0 0.258854 0.564815 0.023958 0.018519
0 0.264844 0.524537 0.025521 0.021296
0 0.223958 0.562037 0.022917 0.020370
0 0.602604 0.569907 0.026042 0.021296
0 0.144531 0.556019 0.025521 0.021296
0 0.642448 0.564352 0.025521 0.021296
0 0.184375 0.561111 0.023958 0.022222
0 0.682813 0.566667 0.028125 0.024074
0 0.721875 0.567593 0.025000 0.022222
0 0.227344 0.524074 0.025521 0.020370
0 0.430208 0.137963 0.012500 0.053704
0 0.447396 0.137037 0.011458 0.050000
0 0.431510 0.049537 0.011979 0.049074
0 0.449740 0.066667 0.016146 0.059259
0 0.183073 0.524074 0.030729 0.020370
0 0.105469 0.556019 0.025521 0.023148
0 0.465885 0.143056 0.015104 0.060185
0 0.468490 0.063889 0.016146 0.057407
0 0.055469 0.429630 0.027604 0.022222
0 0.103125 0.510648 0.030208 0.034259
0 0.075781 0.392130 0.026562 0.023148
0 0.144010 0.368056 0.027604 0.023148
0 0.139583 0.474537 0.029167 0.023148
0 0.156510 0.407870 0.027604 0.025000
0 0.014844 0.455556 0.026562 0.022222
0 0.843229 0.685185 0.025000 0.018519
0 0.767188 0.570833 0.026042 0.021296
0 0.218750 0.474537 0.029167 0.023148
0 0.270052 0.369444 0.026562 0.022222
0 0.249479 0.425463 0.025000 0.019444
0 0.975000 0.626389 0.023958 0.019444
0 0.203906 0.381944 0.028646 0.025000
0 0.321094 0.431019 0.026562 0.021296
0 0.321615 0.491204 0.026562 0.019444
0 0.905729 0.625463 0.023958 0.021296
0 0.268490 0.460648 0.023438 0.021296
0 0.283333 0.403704 0.023958 0.020370
0 0.047396 0.528241 0.028125 0.021296
0 0.816667 0.578704 0.026042 0.022222
0 0.976302 0.659722 0.028646 0.021296
0 0.377083 0.429630 0.022917 0.020370
0 0.340104 0.460648 0.026042 0.021296
0 0.348698 0.402315 0.027604 0.021296
0 0.833594 0.650463 0.022396 0.015741
0 0.330990 0.356481 0.029687 0.031481
0 0.008594 0.523148 0.016146 0.022222
0 0.430469 0.436574 0.027604 0.021296
0 0.683073 0.621759 0.028646 0.023148
0 0.478125 0.447685 0.026042 0.021296
0 0.391146 0.471759 0.025000 0.023148
0 0.856771 0.574537 0.025000 0.021296
0 0.639844 0.652778 0.026562 0.022222
0 0.439323 0.491204 0.025521 0.021296
0 0.518490 0.197685 0.021354 0.054630
0 0.586719 0.618519 0.028646 0.022222
0 0.440365 0.662963 0.023438 0.022222
0 0.544010 0.682870 0.027604 0.023148
0 0.386198 0.296759 0.023438 0.049074
0 0.600781 0.416667 0.024479 0.024074
0 0.510938 0.639352 0.027083 0.021296
0 0.486198 0.479630 0.021354 0.018519
0 0.546875 0.449074 0.027083 0.022222
0 0.446354 0.609259 0.026042 0.022222
0 0.657031 0.425000 0.028646 0.024074
0 0.900781 0.573611 0.026562 0.021296
0 0.545833 0.284722 0.029167 0.045370
0 0.538021 0.502315 0.026042 0.023148
0 0.375781 0.641204 0.023438 0.021296
0 0.718750 0.422685 0.029167 0.025000
0 0.617448 0.459259 0.021354 0.020370
0 0.277865 0.633333 0.023438 0.022222
0 0.611198 0.489815 0.022396 0.022222
0 0.342448 0.604167 0.026562 0.021296
0 0.351823 0.674074 0.027604 0.020370
0 0.341406 0.731019 0.032813 0.039815
0 0.695833 0.460648 0.026042 0.021296
0 0.410938 0.182870 0.011458 0.050926
0 0.753646 0.527778 0.028125 0.024074
0 0.727344 0.387963 0.025521 0.022222
0 0.945312 0.579630 0.029167 0.025926
0 0.242188 0.599537 0.027083 0.023148
0 0.250521 0.668056 0.022917 0.021296
0 0.817708 0.467593 0.028125 0.022222
0 0.186458 0.631019 0.028125 0.025000
0 0.986198 0.585185 0.023438 0.020370
0 0.847396 0.431481 0.078125 0.029630
0 0.145052 0.702778 0.026562 0.024074
0 0.822656 0.503704 0.029687 0.024074
0 0.413542 0.075000 0.011458 0.051852
0 0.032552 0.556481 0.026562 0.022222
0 0.931250 0.434259 0.028125 0.024074
0 0.076302 0.693519 0.027604 0.022222
0 0.057552 0.590278 0.026562 0.023148
0 0.877083 0.537500 0.026042 0.023148
0 0.035156 0.625000 0.029687 0.022222
0 0.988021 0.473611 0.014583 0.023148
0 0.008073 0.700926 0.013021 0.022222
