0 0.261719 0.596759 0.027604 0.023148
0 0.823177 0.471296 0.028646 0.022222
0 0.822396 0.537037 0.027083 0.022222
0 0.785417 0.500463 0.025000 0.023148
0 0.734115 0.535185 0.025521 0.018519
0 0.227083 0.632870 0.029167 0.025000
0 0.173958 0.597685 0.026042 0.023148
0 0.866667 0.471759 0.034375 0.023148
0 0.854688 0.439815 0.028125 0.020370
0 0.267969 0.632407 0.027604 0.020370
0 0.866146 0.507407 0.026042 0.020370
0 0.133073 0.588426 0.024479 0.021296
0 0.739583 0.426389 0.025000 0.021296
0 0.907031 0.509722 0.024479 0.021296
0 0.740104 0.463426 0.028125 0.021296
0 0.212240 0.594444 0.027604 0.024074
0 0.779167 0.430556 0.023958 0.022222
0 0.774479 0.537037 0.027083 0.018519
0 0.824479 0.505093 0.028125 0.023148
0 0.777083 0.467593 0.027083 0.022222
0 0.738542 0.501389 0.027083 0.021296
0 0.469271 0.143056 0.014583 0.060185
0 0.946094 0.474074 0.029687 0.022222
0 0.951562 0.508333 0.027083 0.020370
0 0.909896 0.473611 0.033333 0.025000
0 0.864062 0.541667 0.029167 0.024074
0 0.471354 0.063426 0.013542 0.054630
0 0.819010 0.433796 0.028646 0.021296
0 0.265885 0.667130 0.023438 0.019444
0 0.985677 0.475926 0.027604 0.022222
0 0.082812 0.588889 0.027083 0.024074
0 0.982812 0.443056 0.030208 0.017593
0 0.909115 0.543981 0.025521 0.019444
0 0.266667 0.563889 0.022917 0.020370
0 0.175260 0.628241 0.027604 0.023148
0 0.040625 0.587500 0.027083 0.021296
0 0.952344 0.541204 0.024479 0.021296
0 0.232813 0.560185 0.023958 0.020370
0 0.989844 0.512500 0.020313 0.021296
0 0.742448 0.569907 0.026562 0.021296
0 0.120052 0.628241 0.024479 0.021296
0 0.777604 0.575000 0.023958 0.022222
0 0.988021 0.545370 0.021875 0.020370
0 0.194792 0.560185 0.026042 0.022222
0 0.048698 0.243981 0.013021 0.037963
0 0.002865 0.582870 0.005729 0.023148
0 0.058333 0.623611 0.028125 0.021296
0 0.820052 0.575000 0.026562 0.024074
0 0.223177 0.664352 0.028646 0.023148
0 0.013802 0.623611 0.024479 0.021296
0 0.859375 0.575000 0.029167 0.024074
0 0.182812 0.662037 0.027083 0.025926
0 0.267448 0.527315 0.025521 0.019444
0 0.909635 0.580556 0.031771 0.022222
0 0.143490 0.661574 0.027604 0.025000
0 0.224740 0.523611 0.026562 0.019444
0 0.946354 0.581481 0.028125 0.025926
0 0.434896 0.798148 0.015625 0.062963
0 0.527604 0.024074 0.009375 0.048148
0 0.101302 0.661574 0.026562 0.023148
0 0.441667 0.671296 0.013542 0.059259
0 0.153646 0.554167 0.026042 0.021296
0 0.046094 0.098148 0.009896 0.046296
0 0.563542 0.319907 0.030208 0.045370
0 0.980990 0.581481 0.024479 0.018519
0 0.495312 0.561111 0.010417 0.053704
0 0.056510 0.656481 0.026562 0.020370
0 0.136198 0.178241 0.013021 0.050926
0 0.595573 0.365278 0.029687 0.030556
0 0.493750 0.072222 0.014583 0.057407
0 0.516146 0.118981 0.011458 0.052778
0 0.400781 0.870370 0.015104 0.048148
0 0.514844 0.241204 0.010937 0.043519
0 0.438021 0.950926 0.012500 0.057407
0 0.495052 0.204630 0.009896 0.037037
0 0.514062 0.344907 0.011458 0.050926
0 0.346615 0.724074 0.029687 0.037037
0 0.183073 0.521296 0.026562 0.022222
0 0.490885 0.362963 0.011979 0.051852
0 0.784896 0.697222 0.027083 0.024074
0 0.417708 0.688426 0.013542 0.052778
0 0.648438 0.388426 0.027083 0.025000
0 0.508594 0.472222 0.011979 0.053704
0 0.116927 0.553704 0.026562 0.020370
0 0.444531 0.537500 0.011979 0.050926
0 0.417448 0.572222 0.011979 0.046296
0 0.513802 0.611574 0.010937 0.056481
0 0.514583 0.693981 0.010417 0.045370
0 0.488802 0.669907 0.013021 0.054630
0 0.450521 0.125926 0.013542 0.057407
0 0.434635 0.138426 0.010937 0.056481
0 0.502344 0.778241 0.013021 0.056481
0 0.093750 0.518519 0.026042 0.018519
0 0.483594 0.795370 0.011979 0.055556
0 0.018490 0.518519 0.020313 0.022222
0 0.007552 0.657870 0.013021 0.021296
