0 0.184635 0.235648 0.014063 0.054630
0 0.106510 0.268056 0.011979 0.056481
0 0.007031 0.142593 0.011979 0.037037
0 0.497656 0.730556 0.028646 0.046296
0 0.531250 0.760648 0.023958 0.049074
0 0.488802 0.111111 0.011979 0.055556
0 0.662240 0.602315 0.025521 0.032407
0 0.479948 0.402315 0.023438 0.054630
0 0.716406 0.566667 0.026562 0.022222
0 0.445052 0.477778 0.027604 0.046296
0 0.790625 0.562500 0.027083 0.023148
0 0.496354 0.220370 0.010417 0.044444
0 0.406510 0.532407 0.033854 0.038889
0 0.864323 0.563426 0.028646 0.023148
0 0.478906 0.325926 0.020313 0.057407
0 0.921615 0.564815 0.026562 0.022222
0 0.332552 0.570370 0.029687 0.024074
0 0.427604 0.137037 0.013542 0.051852
0 0.446354 0.413426 0.027083 0.054630
0 0.444010 0.137963 0.010937 0.048148
0 0.427604 0.054167 0.011458 0.049074
0 0.443750 0.067593 0.010417 0.048148
0 0.113021 0.439352 0.018750 0.058333
0 0.463281 0.164352 0.011979 0.054630
0 0.009635 0.260185 0.013021 0.048148
0 0.036458 0.124074 0.011458 0.044444
0 0.053385 0.118981 0.019271 0.054630
0 0.029427 0.544444 0.028646 0.022222
0 0.153906 0.382870 0.026562 0.034259
0 0.013021 0.425463 0.022917 0.021296
0 0.737760 0.457407 0.022396 0.020370
0 0.734896 0.425926 0.027083 0.022222
0 0.784375 0.420370 0.028125 0.022222
0 0.773698 0.458796 0.026562 0.025000
0 0.822135 0.423611 0.028646 0.023148
0 0.811458 0.457870 0.025000 0.019444
0 0.852083 0.457407 0.028125 0.022222
0 0.735938 0.493056 0.026042 0.023148
0 0.866927 0.421296 0.027604 0.022222
0 0.041406 0.271759 0.013021 0.043519
0 0.779167 0.494444 0.026042 0.024074
0 0.916406 0.424537 0.028646 0.023148
0 0.896354 0.460648 0.026042 0.021296
0 0.732292 0.527315 0.029167 0.025000
0 0.263021 0.649074 0.027083 0.022222
0 0.935417 0.456944 0.023958 0.021296
0 0.953906 0.426389 0.025521 0.023148
0 0.259375 0.615741 0.028125 0.022222
0 0.221875 0.647685 0.027083 0.021296
0 0.274219 0.682407 0.025521 0.020370
0 0.208854 0.614815 0.029167 0.024074
0 0.241146 0.681481 0.025000 0.020370
0 0.980469 0.458333 0.029687 0.024074
0 0.821615 0.493981 0.027604 0.025000
0 0.779687 0.528704 0.027083 0.024074
0 0.121094 0.648148 0.025521 0.022222
0 0.167187 0.650926 0.028125 0.024074
0 0.119010 0.614352 0.027604 0.025000
0 0.158333 0.614815 0.027083 0.024074
0 0.196354 0.688426 0.027083 0.025000
0 0.082031 0.613426 0.026562 0.021296
0 0.989062 0.425463 0.021875 0.021296
0 0.863802 0.494444 0.031771 0.024074
0 0.397396 0.830093 0.022917 0.047222
0 0.408594 0.180556 0.010937 0.051852
0 0.263542 0.578241 0.028125 0.023148
0 0.083333 0.648148 0.029167 0.024074
0 0.151562 0.684259 0.028125 0.022222
0 0.101823 0.529167 0.031771 0.032407
0 0.906771 0.493981 0.028125 0.025000
0 0.046615 0.613889 0.024479 0.022222
0 0.408073 0.097222 0.010937 0.048148
0 0.202865 0.582407 0.027604 0.024074
0 0.109635 0.685648 0.027604 0.023148
0 0.014323 0.613889 0.024479 0.020370
0 0.037760 0.651389 0.027604 0.025000
0 0.882552 0.529630 0.026562 0.022222
0 0.953385 0.494444 0.029687 0.022222
0 0.808073 0.387037 0.026562 0.020370
0 0.613021 0.965741 0.031250 0.064815
0 0.105729 0.578241 0.029167 0.025000
0 0.984375 0.566204 0.022917 0.021296
0 0.062760 0.684722 0.028646 0.021296
0 0.442448 0.010648 0.011979 0.021296
0 0.409115 0.015741 0.013021 0.031481
0 0.910937 0.384259 0.029167 0.020370
0 0.002083 0.648148 0.003125 0.022222
