0 0.444792 0.300463 0.011458 0.052778
0 0.464323 0.122685 0.011979 0.050926
0 0.195312 0.328241 0.035417 0.026852
0 0.862760 0.497685 0.026562 0.023148
0 0.772135 0.461111 0.025521 0.020370
0 0.729427 0.423611 0.024479 0.021296
0 0.732812 0.457870 0.022917 0.021296
0 0.737240 0.493981 0.027604 0.021296
0 0.726302 0.527778 0.024479 0.022222
0 0.780469 0.496296 0.023438 0.020370
0 0.771615 0.425463 0.025521 0.023148
0 0.821875 0.462037 0.028125 0.024074
0 0.867448 0.462037 0.032813 0.024074
0 0.814323 0.425463 0.025521 0.023148
0 0.910937 0.465741 0.028125 0.022222
0 0.818750 0.497222 0.025000 0.020370
0 0.858594 0.431481 0.026562 0.020370
0 0.766927 0.529167 0.027604 0.023148
0 0.902083 0.431019 0.029167 0.021296
0 0.957552 0.467593 0.029687 0.024074
0 0.902865 0.499537 0.026562 0.021296
0 0.940365 0.431481 0.027604 0.020370
0 0.956510 0.499537 0.029687 0.025000
0 0.804427 0.530093 0.021354 0.017593
0 0.253906 0.634722 0.025521 0.023148
0 0.847917 0.531481 0.026042 0.020370
0 0.983073 0.427315 0.033854 0.030556
0 0.890885 0.534722 0.027604 0.023148
0 0.260937 0.525000 0.025000 0.020370
0 0.217188 0.526389 0.033333 0.026852
0 0.726302 0.567593 0.025521 0.022222
0 0.258333 0.598148 0.027083 0.025926
0 0.256771 0.564352 0.028125 0.025000
0 0.934896 0.535648 0.029167 0.023148
0 0.760938 0.566667 0.026042 0.024074
0 0.995052 0.503241 0.008854 0.021296
0 0.978385 0.535185 0.025521 0.020370
0 0.799740 0.568056 0.025521 0.025000
0 0.181510 0.527778 0.028646 0.027778
0 0.829427 0.566204 0.021354 0.021296
0 0.514583 0.485185 0.011458 0.053704
0 0.443490 0.404630 0.011979 0.053704
0 0.215625 0.632870 0.027083 0.025000
0 0.143750 0.529167 0.029167 0.026852
0 0.464844 0.047685 0.010937 0.049074
0 0.863802 0.573148 0.025521 0.020370
0 0.995833 0.466667 0.008333 0.020370
0 0.400781 0.917130 0.015104 0.060185
0 0.899740 0.570370 0.025521 0.022222
0 0.423958 0.923148 0.012500 0.059259
0 0.538542 0.276852 0.023958 0.046296
0 0.171354 0.634259 0.029167 0.025926
0 0.327865 0.713889 0.027604 0.025926
0 0.933854 0.570833 0.026042 0.021296
0 0.491406 0.041667 0.013021 0.053704
0 0.692708 0.665741 0.026042 0.024074
0 0.129948 0.633333 0.028646 0.027778
0 0.219271 0.598611 0.030208 0.025000
0 0.010156 0.123148 0.014063 0.037037
0 0.445573 0.124537 0.013021 0.050926
0 0.171354 0.597685 0.033333 0.026852
0 0.509635 0.343981 0.013021 0.049074
0 0.290104 0.706481 0.025000 0.022222
0 0.449479 0.849537 0.018750 0.058333
0 0.101562 0.525463 0.031250 0.025000
0 0.429948 0.600926 0.013021 0.057407
0 0.086719 0.630093 0.028646 0.023148
0 0.588021 0.347222 0.032292 0.040741
0 0.447656 0.522222 0.010937 0.055556
0 0.488542 0.273611 0.012500 0.056481
0 0.970833 0.569907 0.025000 0.021296
0 0.417969 0.476389 0.010937 0.052778
0 0.043229 0.628241 0.027083 0.023148
0 0.513802 0.636574 0.014063 0.062037
0 0.059115 0.523148 0.025521 0.022222
0 0.570052 0.787037 0.023438 0.046296
0 0.485938 0.590278 0.012500 0.049074
0 0.422917 0.381944 0.012500 0.054630
0 0.744271 0.391204 0.025000 0.021296
0 0.383073 0.276852 0.022396 0.051852
0 0.508333 0.741204 0.014583 0.028704
0 0.501042 0.817130 0.011458 0.056481
0 0.101302 0.596759 0.028646 0.025000
0 0.989062 0.624074 0.020833 0.051852
0 0.923958 0.394907 0.031250 0.023148
0 0.482292 0.932870 0.015625 0.049074
0 0.427083 0.206944 0.012500 0.047222
