0 0.461198 0.132407 0.011979 0.040741
0 0.461979 0.060648 0.012500 0.056481
0 0.725781 0.482870 0.025521 0.019444
0 0.729167 0.448148 0.026042 0.024074
0 0.767188 0.483796 0.026042 0.021296
0 0.805469 0.481944 0.025521 0.019444
0 0.766667 0.450000 0.026042 0.020370
0 0.727604 0.514352 0.026042 0.021296
0 0.814323 0.450000 0.028646 0.024074
0 0.920052 0.414352 0.027604 0.019444
0 0.869531 0.447222 0.029687 0.022222
0 0.857812 0.481481 0.027083 0.022222
0 0.967969 0.412963 0.028646 0.022222
0 0.940104 0.481481 0.023958 0.020370
0 0.911458 0.450000 0.027083 0.020370
0 0.901563 0.481944 0.029167 0.021296
0 0.767188 0.521759 0.027083 0.021296
0 0.943750 0.450000 0.026042 0.022222
0 0.983073 0.448611 0.025521 0.019444
0 0.239583 0.639352 0.022917 0.021296
0 0.250521 0.529630 0.022917 0.020370
0 0.808854 0.517130 0.028125 0.019444
0 0.860417 0.516667 0.027083 0.020370
0 0.727865 0.556019 0.025521 0.019444
0 0.772135 0.556481 0.028646 0.020370
0 0.904687 0.518056 0.029167 0.021296
0 0.813281 0.555556 0.026562 0.020370
0 0.128646 0.192130 0.013542 0.049074
0 0.850521 0.556019 0.027083 0.019444
0 0.193750 0.639352 0.026042 0.021296
0 0.997135 0.410185 0.005729 0.020370
0 0.951042 0.517593 0.025000 0.020370
0 0.209896 0.528704 0.028125 0.022222
0 0.260937 0.604630 0.026042 0.022222
0 0.150781 0.640741 0.024479 0.022222
0 0.257031 0.671759 0.027604 0.019444
0 0.225000 0.606481 0.023958 0.022222
0 0.417969 0.591667 0.010937 0.051852
0 0.220833 0.673611 0.026042 0.019444
0 0.101042 0.639815 0.029167 0.022222
0 0.183333 0.604630 0.028125 0.022222
0 0.170052 0.534722 0.027604 0.021296
0 0.126823 0.603704 0.028646 0.022222
0 0.405469 0.888889 0.010937 0.042593
0 0.895833 0.553704 0.027083 0.022222
0 0.383333 0.746759 0.023958 0.045370
0 0.174219 0.675463 0.026562 0.019444
0 0.130729 0.675000 0.027083 0.020370
0 0.053646 0.639815 0.030208 0.018519
0 0.077865 0.605556 0.033854 0.024074
0 0.442448 0.813889 0.013021 0.042593
0 0.980990 0.740278 0.026562 0.023148
0 0.440885 0.373611 0.013021 0.062037
0 0.936458 0.554167 0.028125 0.021296
0 0.013542 0.638889 0.022917 0.018519
0 0.041927 0.605093 0.027604 0.023148
0 0.090365 0.670833 0.028646 0.023148
0 0.422135 0.189352 0.010937 0.049074
0 0.971875 0.554630 0.028125 0.020370
0 0.441406 0.035648 0.011979 0.043519
0 0.282292 0.708796 0.022917 0.019444
0 0.048698 0.674537 0.029687 0.021296
0 0.594531 0.363426 0.026562 0.025000
0 0.982031 0.482870 0.031771 0.021296
0 0.493490 0.047222 0.013021 0.050000
0 0.992708 0.517593 0.013542 0.020370
0 0.481771 0.102778 0.011458 0.048148
0 0.444792 0.942593 0.012500 0.055556
0 0.041406 0.260185 0.013021 0.037037
0 0.641667 0.380556 0.025000 0.022222
0 0.426302 0.977778 0.008854 0.038889
0 0.015104 0.675463 0.023958 0.019444
0 0.010677 0.607870 0.019271 0.019444
0 0.129688 0.533333 0.026042 0.020370
0 0.151562 0.570370 0.026042 0.020370
0 0.505469 0.496296 0.010937 0.057407
0 0.216406 0.706019 0.025521 0.023148
0 0.419271 0.792130 0.010417 0.054630
0 0.154167 0.353241 0.021875 0.045370
0 0.485677 0.320833 0.010937 0.049074
0 0.430990 0.712963 0.011979 0.046296
0 0.503125 0.231481 0.012500 0.055556
0 0.143490 0.709722 0.030729 0.023148
0 0.486979 0.460185 0.010417 0.051852
0 0.436458 0.517130 0.010417 0.054630
0 0.727083 0.380093 0.025000 0.021296
0 0.093490 0.523611 0.025521 0.019444
0 0.607552 0.716667 0.024479 0.038889
0 0.418229 0.340741 0.014583 0.059259
0 0.085677 0.570833 0.026562 0.021296
0 0.487240 0.692130 0.010937 0.052778
0 0.073177 0.711111 0.025521 0.022222
0 0.510938 0.731481 0.011458 0.048148
0 0.440885 0.174537 0.013021 0.052778
0 0.044010 0.537500 0.023438 0.021296
0 0.488802 0.826852 0.010937 0.050000
0 0.954427 0.369444 0.028646 0.020370
0 0.205469 0.569907 0.031771 0.021296
0 0.507552 0.932407 0.011979 0.050000
0 0.010677 0.710648 0.016146 0.019444
0 0.599740 0.336574 0.015104 0.017593
0 0.728125 0.411111 0.025000 0.024074
