0 0.460677 0.127315 0.011979 0.050926
0 0.460938 0.059722 0.010417 0.052778
0 0.726042 0.483796 0.025000 0.019444
0 0.728906 0.447222 0.025521 0.022222
0 0.766927 0.483796 0.026562 0.021296
0 0.805469 0.481481 0.026562 0.020370
0 0.766927 0.448611 0.025521 0.019444
0 0.727344 0.513889 0.024479 0.020370
0 0.814323 0.449537 0.029687 0.023148
0 0.919792 0.413889 0.029167 0.020370
0 0.869010 0.446759 0.029687 0.023148
0 0.857552 0.481944 0.026562 0.023148
0 0.968229 0.412963 0.028125 0.022222
0 0.940104 0.481019 0.023958 0.021296
0 0.910937 0.450000 0.028125 0.022222
0 0.900781 0.481019 0.029687 0.021296
0 0.766927 0.521296 0.026562 0.020370
0 0.943490 0.449537 0.024479 0.019444
0 0.983073 0.448148 0.025521 0.020370
0 0.239583 0.638426 0.025000 0.021296
0 0.249219 0.528704 0.025521 0.022222
0 0.808594 0.516204 0.027604 0.021296
0 0.860156 0.517593 0.026562 0.020370
0 0.727604 0.556481 0.025000 0.018519
0 0.772135 0.556944 0.027604 0.021296
0 0.903906 0.517593 0.028646 0.022222
0 0.813021 0.555556 0.025000 0.020370
0 0.129427 0.193519 0.016146 0.061111
0 0.850000 0.556019 0.028125 0.021296
0 0.193490 0.638889 0.026562 0.022222
0 0.997135 0.410648 0.005729 0.021296
0 0.950781 0.516667 0.026562 0.022222
0 0.209115 0.528704 0.027604 0.020370
0 0.260677 0.603704 0.025521 0.022222
0 0.150260 0.640741 0.024479 0.024074
0 0.256250 0.670833 0.026042 0.017593
0 0.224479 0.606019 0.025000 0.023148
0 0.421615 0.928704 0.008854 0.048148
0 0.220312 0.672222 0.026042 0.020370
0 0.100521 0.639815 0.029167 0.022222
0 0.183594 0.603241 0.027604 0.023148
0 0.170052 0.533796 0.027604 0.021296
0 0.126042 0.603241 0.029167 0.023148
0 0.896094 0.553241 0.027604 0.023148
0 0.405208 0.981019 0.009375 0.037963
0 0.173698 0.673611 0.026562 0.019444
0 0.483333 0.611111 0.011458 0.055556
0 0.130208 0.674074 0.027083 0.022222
0 0.053646 0.638426 0.031250 0.019444
0 0.078125 0.604630 0.033333 0.024074
0 0.980729 0.740278 0.026042 0.023148
0 0.441146 0.746759 0.013542 0.056481
0 0.935937 0.552315 0.028125 0.021296
0 0.013542 0.637500 0.022917 0.019444
0 0.041927 0.604630 0.026562 0.022222
0 0.090104 0.671296 0.028125 0.022222
0 0.417708 0.537963 0.011458 0.046296
0 0.971875 0.554167 0.029167 0.023148
0 0.441927 0.413426 0.011979 0.050926
0 0.386979 0.745370 0.027083 0.040741
0 0.048698 0.674074 0.028646 0.022222
0 0.531250 0.241667 0.019792 0.053704
0 0.982031 0.483333 0.031771 0.022222
0 0.408073 0.125463 0.011979 0.054630
0 0.992969 0.516667 0.014063 0.022222
0 0.442448 0.161574 0.013021 0.052778
0 0.556771 0.346759 0.031250 0.036111
0 0.486719 0.720833 0.010937 0.049074
0 0.014583 0.674074 0.023958 0.018519
0 0.010156 0.606481 0.019271 0.018519
0 0.130729 0.532870 0.026042 0.019444
0 0.151302 0.569907 0.026562 0.021296
0 0.501563 0.096296 0.011458 0.053704
0 0.336198 0.704630 0.025521 0.025926
0 0.146615 0.349537 0.030729 0.037963
0 0.482812 0.050000 0.010417 0.044444
0 0.255208 0.705093 0.028125 0.021296
0 0.484896 0.158333 0.012500 0.051852
0 0.620833 0.384722 0.025000 0.023148
0 0.058594 0.428241 0.022396 0.021296
0 0.718229 0.647222 0.022917 0.022222
0 0.418229 0.684259 0.012500 0.050000
0 0.102344 0.569444 0.026562 0.022222
0 0.485417 0.335648 0.011458 0.052778
0 0.166406 0.708796 0.024479 0.021296
0 0.505208 0.311574 0.010417 0.049074
0 0.440365 0.543981 0.013021 0.056481
0 0.491406 0.430556 0.010937 0.053704
0 0.214844 0.569444 0.019271 0.020370
0 0.758854 0.375463 0.027083 0.021296
0 0.205990 0.569444 0.033854 0.022222
0 0.506510 0.545833 0.013021 0.054630
0 0.097135 0.709259 0.027604 0.020370
0 0.029687 0.711111 0.027083 0.022222
0 0.487760 0.848611 0.010937 0.045370
0 0.913021 0.376389 0.028125 0.017593
0 0.507812 0.751389 0.012500 0.052778
0 0.424740 0.049537 0.011979 0.052778
0 0.507292 0.956944 0.010417 0.047222
