0 0.133073 0.184259 0.014063 0.050000
0 0.471615 0.568519 0.027604 0.024074
0 0.519531 0.572222 0.026562 0.020370
0 0.567187 0.572685 0.026042 0.021296
0 0.362760 0.555556 0.024479 0.020370
0 0.413281 0.489352 0.025521 0.028704
0 0.298438 0.567130 0.023958 0.019444
0 0.603385 0.574074 0.026562 0.022222
0 0.161719 0.561111 0.025521 0.020370
0 0.642969 0.566667 0.026562 0.018519
0 0.217448 0.566204 0.026562 0.021296
0 0.683333 0.568981 0.027083 0.023148
0 0.722656 0.570370 0.023438 0.020370
0 0.331771 0.525000 0.030208 0.024074
0 0.608073 0.970370 0.034896 0.050000
0 0.430729 0.140278 0.010417 0.049074
0 0.447917 0.138889 0.010417 0.051852
0 0.430729 0.051852 0.011458 0.048148
0 0.449479 0.067593 0.012500 0.055556
0 0.272917 0.532870 0.031250 0.023148
0 0.116406 0.560648 0.026562 0.023148
0 0.465885 0.146759 0.011979 0.056481
0 0.468750 0.066204 0.014583 0.054630
0 0.026302 0.558796 0.026562 0.021296
0 0.104427 0.512037 0.028646 0.033333
0 0.127604 0.636111 0.034375 0.025926
0 0.768750 0.574074 0.026042 0.022222
0 0.004687 0.377778 0.009375 0.020370
0 0.057552 0.531481 0.027604 0.020370
0 0.801302 0.587500 0.025521 0.023148
0 0.011458 0.527315 0.021875 0.019444
0 0.839323 0.576852 0.026562 0.022222
0 0.371094 0.317130 0.026562 0.045370
0 0.094531 0.396759 0.026562 0.021296
0 0.141927 0.406019 0.025521 0.023148
0 0.896875 0.575463 0.025000 0.023148
0 0.224740 0.396296 0.027604 0.024074
0 0.149219 0.443056 0.022396 0.019444
0 0.988802 0.665278 0.022396 0.021296
0 0.011458 0.434722 0.022917 0.021296
0 0.215365 0.441667 0.027604 0.020370
0 0.065104 0.362037 0.028125 0.024074
0 0.085938 0.457870 0.028125 0.023148
0 0.929948 0.580093 0.024479 0.021296
0 0.287760 0.427778 0.026562 0.024074
0 0.905208 0.658333 0.028125 0.022222
0 0.967448 0.590741 0.024479 0.022222
0 0.266927 0.475926 0.025521 0.020370
0 0.175000 0.348148 0.026042 0.020370
0 0.062760 0.562500 0.028646 0.023148
0 0.457813 0.412037 0.027083 0.024074
0 0.134375 0.476852 0.026042 0.022222
0 0.704167 0.655093 0.028125 0.021296
0 0.738281 0.463889 0.028646 0.020370
0 0.402604 0.894907 0.016667 0.056481
0 0.945573 0.697222 0.028646 0.022222
0 0.942969 0.623148 0.026562 0.020370
0 0.732292 0.536574 0.025000 0.019444
0 0.737760 0.427315 0.025521 0.021296
0 0.636198 0.657870 0.025521 0.021296
0 0.860417 0.746759 0.030208 0.021296
0 0.284375 0.358796 0.025000 0.026852
0 0.776563 0.431019 0.023958 0.021296
0 0.774740 0.467593 0.025521 0.022222
0 0.735938 0.502778 0.028125 0.022222
0 0.645312 0.617593 0.027083 0.024074
0 0.549219 0.298611 0.028646 0.047222
0 0.365885 0.737037 0.029687 0.035185
0 0.816927 0.432870 0.026562 0.021296
0 0.564583 0.683333 0.030208 0.022222
0 0.782813 0.501389 0.027083 0.021296
0 0.562500 0.616667 0.027083 0.024074
0 0.820573 0.471296 0.028646 0.022222
0 0.864844 0.470370 0.027604 0.024074
0 0.996354 0.585185 0.006250 0.018519
0 0.775000 0.537037 0.026042 0.020370
0 0.850781 0.438889 0.026562 0.020370
0 0.629687 0.375926 0.028125 0.027778
0 0.821615 0.504630 0.027604 0.022222
0 0.399219 0.254167 0.019271 0.050926
0 0.258594 0.602315 0.029687 0.021296
0 0.396354 0.676852 0.026042 0.020370
0 0.509375 0.748148 0.012500 0.024074
0 0.824740 0.537037 0.027604 0.024074
0 0.908854 0.472685 0.028125 0.023148
0 0.940885 0.397685 0.026562 0.021296
0 0.259635 0.637500 0.028646 0.021296
0 0.856250 0.401389 0.025000 0.021296
0 0.186719 0.598148 0.028646 0.024074
0 0.885417 0.506944 0.028125 0.019444
0 0.949479 0.473148 0.026042 0.022222
0 0.413281 0.162963 0.010937 0.051852
0 0.086719 0.600000 0.027604 0.022222
0 0.148438 0.704167 0.026042 0.019444
0 0.002083 0.555556 0.004167 0.020370
0 0.952604 0.510648 0.027083 0.021296
0 0.005469 0.593056 0.005729 0.023148
0 0.413542 0.019907 0.009375 0.037963
0 0.935677 0.436574 0.054688 0.034259
