0 0.195833 0.332407 0.035417 0.027778
0 0.446094 0.473148 0.028646 0.024074
0 0.229167 0.446296 0.027083 0.020370
0 0.161198 0.418981 0.024479 0.021296
0 0.061979 0.475463 0.025000 0.021296
0 0.277083 0.413889 0.023958 0.020370
0 0.373437 0.444907 0.026042 0.021296
0 0.517969 0.458333 0.026562 0.022222
0 0.406771 0.408333 0.028125 0.024074
0 0.601302 0.456019 0.026562 0.023148
0 0.070833 0.445370 0.025000 0.018519
0 0.492188 0.419444 0.025000 0.024074
0 0.149479 0.478704 0.028125 0.020370
0 0.671875 0.420833 0.029167 0.021296
0 0.606771 0.342593 0.027083 0.033333
0 0.561198 0.485185 0.024479 0.020370
0 0.733854 0.424537 0.025000 0.019444
0 0.661198 0.487500 0.027604 0.025000
0 0.251563 0.485648 0.021875 0.017593
0 0.373958 0.497685 0.026042 0.023148
0 0.497396 0.510648 0.027083 0.023148
0 0.261198 0.526852 0.026562 0.018519
0 0.218750 0.529167 0.028125 0.023148
0 0.720833 0.564352 0.023958 0.021296
0 0.260156 0.567593 0.027604 0.024074
0 0.612500 0.520370 0.028125 0.022222
0 0.762500 0.563889 0.023958 0.024074
0 0.809115 0.529167 0.027604 0.023148
0 0.802344 0.565741 0.023438 0.022222
0 0.182031 0.530556 0.025521 0.020370
0 0.831250 0.563889 0.019792 0.020370
0 0.983333 0.650463 0.025000 0.017593
0 0.145833 0.532870 0.026042 0.019444
0 0.864844 0.568981 0.025521 0.019444
0 0.788542 0.457870 0.023958 0.021296
0 0.901563 0.567593 0.026042 0.020370
0 0.838021 0.654630 0.027083 0.018519
0 0.935677 0.566204 0.025521 0.021296
0 0.681250 0.655093 0.023958 0.019444
0 0.955990 0.615741 0.026562 0.020370
0 0.816667 0.614352 0.028125 0.021296
0 0.102604 0.529630 0.028125 0.022222
0 0.422396 0.641204 0.027083 0.019444
0 0.974740 0.565278 0.026562 0.021296
0 0.343229 0.638426 0.026042 0.019444
0 0.059375 0.528704 0.027083 0.020370
0 0.709896 0.613889 0.028125 0.022222
0 0.446094 0.050463 0.011979 0.049074
0 0.445312 0.137500 0.012500 0.041667
0 0.606771 0.617130 0.029167 0.023148
0 0.169010 0.565278 0.034896 0.023148
0 0.212760 0.568056 0.026562 0.021296
0 0.264062 0.639815 0.025000 0.018519
0 0.484635 0.611111 0.024479 0.020370
0 0.428646 0.049537 0.010417 0.054630
0 0.843750 0.690278 0.026042 0.019444
0 0.712760 0.458333 0.027604 0.022222
0 0.010677 0.526852 0.020313 0.018519
0 0.427344 0.132407 0.010937 0.051852
0 0.687760 0.693519 0.028646 0.022222
0 0.124219 0.566204 0.029687 0.023148
0 0.380469 0.681019 0.027604 0.023148
0 0.874219 0.493981 0.028646 0.021296
0 0.409375 0.828704 0.020833 0.051852
0 0.463802 0.137037 0.010937 0.040741
0 0.574479 0.356481 0.029167 0.031481
0 0.417969 0.972222 0.016146 0.055556
0 0.360417 0.603241 0.025000 0.019444
0 0.465365 0.065278 0.014063 0.052778
0 0.079948 0.563426 0.027604 0.023148
0 0.245312 0.377315 0.023958 0.021296
0 0.366667 0.754630 0.030208 0.038889
0 0.251823 0.680556 0.024479 0.020370
0 0.619010 0.400000 0.024479 0.020370
0 0.313021 0.353241 0.025000 0.028704
0 0.510938 0.743056 0.011458 0.021296
0 0.728125 0.379630 0.028125 0.024074
0 0.178646 0.634722 0.028125 0.023148
0 0.380990 0.299537 0.018229 0.036111
0 0.214583 0.602778 0.029167 0.024074
0 0.182812 0.670833 0.028125 0.023148
0 0.801302 0.387037 0.029687 0.024074
0 0.889323 0.422685 0.052604 0.026852
0 0.917448 0.530093 0.028646 0.023148
0 0.922135 0.459722 0.026562 0.021296
0 0.096354 0.602778 0.027083 0.024074
0 0.928906 0.496296 0.024479 0.020370
0 0.077083 0.635185 0.029167 0.024074
0 0.074740 0.671296 0.028646 0.024074
0 0.983073 0.427778 0.022396 0.020370
0 0.976042 0.385648 0.023958 0.023148
0 0.010677 0.601389 0.009896 0.021296
0 0.990365 0.528704 0.011979 0.020370
