0 0.263281 0.597685 0.026562 0.021296
0 0.823177 0.470833 0.028646 0.023148
0 0.822656 0.536574 0.027604 0.021296
0 0.785417 0.500000 0.027083 0.024074
0 0.734635 0.535185 0.026562 0.020370
0 0.228385 0.634259 0.028646 0.024074
0 0.174740 0.597222 0.026562 0.020370
0 0.867188 0.469907 0.028125 0.025000
0 0.854688 0.437037 0.026042 0.020370
0 0.269010 0.632870 0.026562 0.021296
0 0.866406 0.505556 0.027604 0.022222
0 0.134635 0.589352 0.023438 0.019444
0 0.739844 0.425463 0.027604 0.023148
0 0.907292 0.507870 0.025000 0.021296
0 0.740625 0.462500 0.029167 0.021296
0 0.213802 0.594444 0.027604 0.024074
0 0.778906 0.430093 0.023438 0.021296
0 0.775260 0.536111 0.025521 0.018519
0 0.824479 0.504167 0.029167 0.023148
0 0.777344 0.466667 0.026562 0.024074
0 0.739062 0.500463 0.027083 0.021296
0 0.469271 0.143056 0.012500 0.052778
0 0.946094 0.472222 0.026562 0.022222
0 0.952865 0.506944 0.027604 0.023148
0 0.910156 0.471296 0.027604 0.024074
0 0.864062 0.539815 0.029167 0.024074
0 0.471875 0.063426 0.015625 0.062037
0 0.819531 0.431481 0.026562 0.020370
0 0.266927 0.667593 0.023438 0.020370
0 0.986198 0.473611 0.024479 0.021296
0 0.084375 0.589815 0.028125 0.024074
0 0.983333 0.440278 0.030208 0.017593
0 0.137760 0.180556 0.013021 0.050000
0 0.909375 0.542130 0.025000 0.019444
0 0.267448 0.564815 0.023438 0.020370
0 0.176823 0.628704 0.028646 0.022222
0 0.039062 0.588889 0.027083 0.020370
0 0.951562 0.539815 0.023958 0.022222
0 0.234115 0.561574 0.025521 0.019444
0 0.990625 0.511111 0.017708 0.022222
0 0.743229 0.568981 0.027083 0.023148
0 0.118490 0.628241 0.023438 0.021296
0 0.777083 0.573611 0.023958 0.021296
0 0.988021 0.543056 0.021875 0.021296
0 0.196094 0.560185 0.024479 0.020370
0 0.050260 0.245370 0.014063 0.037037
0 0.003125 0.584259 0.006250 0.022222
0 0.059635 0.624074 0.028646 0.022222
0 0.819792 0.574074 0.027083 0.024074
0 0.225000 0.663889 0.027083 0.022222
0 0.509635 0.022222 0.011979 0.044444
0 0.014583 0.624537 0.026042 0.023148
0 0.549479 0.301852 0.026042 0.050000
0 0.526302 0.213426 0.020313 0.056481
0 0.421094 0.966204 0.011979 0.056481
0 0.442969 0.979167 0.010937 0.039815
0 0.858854 0.573611 0.029167 0.025000
0 0.451562 0.479167 0.012500 0.062037
0 0.692969 0.387037 0.024479 0.020370
0 0.183333 0.662037 0.027083 0.025926
0 0.267188 0.526852 0.026042 0.018519
0 0.338281 0.704630 0.029687 0.024074
0 0.501302 0.147222 0.014063 0.057407
0 0.489583 0.262963 0.011458 0.053704
0 0.914062 0.578704 0.027083 0.024074
0 0.739844 0.386574 0.026562 0.021296
0 0.424479 0.842593 0.012500 0.059259
0 0.127344 0.411111 0.026562 0.024074
0 0.492708 0.363426 0.011458 0.056481
0 0.501302 0.476852 0.011979 0.055556
0 0.144010 0.662500 0.027604 0.025000
0 0.221354 0.523611 0.028125 0.021296
0 0.704948 0.676852 0.022396 0.020370
0 0.443490 0.780093 0.015104 0.054630
0 0.412500 0.774074 0.011458 0.048148
0 0.418750 0.594444 0.012500 0.055556
0 0.119271 0.478704 0.025000 0.050000
0 0.518229 0.519907 0.011458 0.052778
0 0.304688 0.372685 0.021875 0.023148
0 0.423958 0.425000 0.011458 0.055556
0 0.512760 0.671296 0.013021 0.051852
0 0.959115 0.579630 0.028646 0.024074
0 0.488542 0.634722 0.013542 0.060185
0 0.822396 0.391204 0.026042 0.019444
0 0.088281 0.524074 0.029687 0.022222
0 0.072917 0.660185 0.029167 0.024074
0 0.430990 0.256019 0.010937 0.047222
0 0.489063 0.800463 0.012500 0.054630
0 0.511458 0.744444 0.014583 0.025926
0 0.451042 0.228241 0.011458 0.052778
0 0.540365 0.855556 0.020313 0.051852
0 0.915885 0.396296 0.033854 0.022222
0 0.504948 0.860185 0.011979 0.050000
0 0.038542 0.549537 0.023958 0.019444
0 0.994531 0.581019 0.008854 0.021296
0 0.435417 0.043981 0.017708 0.056481
0 0.484635 0.981944 0.027604 0.034259
0 0.004687 0.517593 0.005208 0.022222
