0 0.183333 0.239815 0.011458 0.051852
0 0.105990 0.273611 0.016146 0.058333
0 0.006250 0.149074 0.011458 0.040741
0 0.732552 0.570833 0.025521 0.019444
0 0.467708 0.482870 0.012500 0.056481
0 0.052083 0.125000 0.017708 0.057407
0 0.735677 0.461574 0.023438 0.021296
0 0.732812 0.430556 0.026042 0.020370
0 0.783333 0.424537 0.027083 0.021296
0 0.772396 0.462500 0.025000 0.021296
0 0.821094 0.427778 0.026562 0.020370
0 0.810156 0.461574 0.024479 0.021296
0 0.850521 0.461111 0.028125 0.022222
0 0.735156 0.496759 0.025521 0.021296
0 0.865885 0.424074 0.026562 0.020370
0 0.008594 0.267593 0.013021 0.051852
0 0.777865 0.498148 0.025521 0.022222
0 0.915365 0.428241 0.027604 0.019444
0 0.894271 0.463426 0.026042 0.021296
0 0.731250 0.531019 0.028125 0.023148
0 0.261458 0.654630 0.026042 0.018519
0 0.933073 0.461574 0.025521 0.021296
0 0.952344 0.430556 0.023438 0.018519
0 0.258333 0.619444 0.028125 0.022222
0 0.221094 0.653704 0.026562 0.020370
0 0.273958 0.687037 0.027083 0.020370
0 0.207813 0.618519 0.028125 0.022222
0 0.240104 0.686111 0.025000 0.018519
0 0.977865 0.461111 0.028646 0.022222
0 0.820312 0.497222 0.027083 0.024074
0 0.779167 0.531481 0.026042 0.020370
0 0.120052 0.653704 0.024479 0.022222
0 0.166927 0.655093 0.027604 0.023148
0 0.117708 0.618981 0.031250 0.023148
0 0.157031 0.619444 0.029687 0.024074
0 0.196094 0.692593 0.025521 0.022222
0 0.080469 0.616667 0.026562 0.020370
0 0.988281 0.429167 0.021354 0.019444
0 0.862240 0.497222 0.031771 0.022222
0 0.082812 0.654167 0.028125 0.023148
0 0.151042 0.688889 0.027083 0.020370
0 0.904948 0.496759 0.027604 0.023148
0 0.045312 0.618981 0.023958 0.021296
0 0.109115 0.688889 0.028646 0.022222
0 0.037500 0.656019 0.029167 0.023148
0 0.821615 0.531481 0.027604 0.020370
0 0.951562 0.497222 0.029167 0.022222
0 0.768750 0.568981 0.025000 0.019444
0 0.069271 0.688889 0.027083 0.022222
0 0.002604 0.653704 0.005208 0.020370
0 0.985938 0.497685 0.023958 0.019444
0 0.028385 0.688426 0.025521 0.021296
0 0.258594 0.584259 0.028646 0.020370
0 0.808854 0.566667 0.029167 0.024074
0 0.210677 0.582870 0.024479 0.021296
0 0.848958 0.567130 0.026042 0.021296
0 0.239063 0.549074 0.026042 0.020370
0 0.871354 0.531481 0.030208 0.022222
0 0.891406 0.571759 0.028646 0.021296
0 0.929427 0.568519 0.027604 0.022222
0 0.466146 0.323611 0.011458 0.054630
0 0.014063 0.618981 0.025000 0.019444
0 0.164062 0.583796 0.026042 0.021296
0 0.466927 0.405556 0.010937 0.048148
0 0.917708 0.535185 0.029167 0.022222
0 0.200781 0.549537 0.023438 0.019444
0 0.970833 0.530556 0.027083 0.022222
0 0.150521 0.351389 0.020833 0.049074
0 0.461719 0.252778 0.013021 0.055556
0 0.996875 0.530556 0.005208 0.020370
0 0.461198 0.016204 0.013021 0.032407
0 0.380469 0.757407 0.030729 0.046296
0 0.461719 0.158333 0.016146 0.061111
0 0.041406 0.277315 0.013021 0.041667
0 0.460938 0.076389 0.011458 0.054630
0 0.909896 0.652315 0.027083 0.019444
0 0.311458 0.722685 0.025000 0.019444
0 0.492188 0.363889 0.012500 0.051852
0 0.490365 0.037037 0.014063 0.057407
0 0.440365 0.907407 0.010937 0.046296
0 0.442448 0.068519 0.011979 0.051852
0 0.426563 0.798611 0.010417 0.050926
0 0.507031 0.030093 0.013021 0.056481
0 0.276042 0.359722 0.026042 0.021296
0 0.967708 0.570833 0.023958 0.021296
0 0.426042 0.153241 0.010417 0.050926
0 0.634896 0.706019 0.031250 0.030556
0 0.872656 0.718981 0.026562 0.021296
0 0.441927 0.143519 0.015104 0.059259
0 0.496094 0.201389 0.010937 0.047222
0 0.424219 0.078241 0.013021 0.054630
0 0.668750 0.399537 0.031250 0.026852
0 0.127865 0.205093 0.014063 0.043519
0 0.494531 0.539815 0.010937 0.051852
0 0.539583 0.804167 0.018750 0.052778
0 0.113802 0.487037 0.021354 0.061111
0 0.491406 0.778704 0.009896 0.042593
0 0.823438 0.395833 0.027083 0.017593
0 0.035417 0.129167 0.010417 0.045370
0 0.002083 0.690278 0.004167 0.021296
0 0.516667 0.923611 0.011458 0.049074
0 0.489583 0.901389 0.011458 0.045370
0 0.505990 0.988889 0.020313 0.022222
