0 0.128125 0.183333 0.016667 0.051852
0 0.010677 0.123148 0.013021 0.037037
0 0.046354 0.251852 0.012500 0.044444
0 0.739062 0.569907 0.027083 0.021296
0 0.466667 0.161111 0.013542 0.050000
0 0.469792 0.059722 0.013542 0.050926
0 0.743490 0.498148 0.026562 0.020370
0 0.896094 0.436574 0.027604 0.019444
0 0.850260 0.437500 0.025521 0.019444
0 0.742188 0.464815 0.026042 0.022222
0 0.811719 0.435648 0.023438 0.017593
0 0.782031 0.464352 0.024479 0.023148
0 0.917188 0.470370 0.028125 0.018519
0 0.822656 0.468056 0.025521 0.019444
0 0.783073 0.500000 0.022396 0.020370
0 0.266406 0.639815 0.024479 0.020370
0 0.834115 0.500926 0.027604 0.022222
0 0.942448 0.436574 0.027604 0.019444
0 0.870313 0.470833 0.026042 0.019444
0 0.221875 0.637500 0.026042 0.023148
0 0.732812 0.532407 0.026042 0.018519
0 0.255729 0.603241 0.025000 0.023148
0 0.984896 0.435648 0.026042 0.017593
0 0.180990 0.634722 0.019271 0.023148
0 0.217708 0.598611 0.028125 0.021296
0 0.918750 0.507407 0.028125 0.020370
0 0.957552 0.472685 0.023438 0.017593
0 0.142969 0.633796 0.024479 0.021296
0 0.769531 0.533796 0.024479 0.019444
0 0.257292 0.671759 0.023958 0.019444
0 0.219531 0.668519 0.027604 0.020370
0 0.097656 0.631944 0.026562 0.021296
0 0.957812 0.508333 0.027083 0.020370
0 0.055990 0.629630 0.024479 0.020370
0 0.127604 0.598148 0.028125 0.022222
0 0.159115 0.669907 0.026562 0.021296
0 0.081510 0.597685 0.027604 0.021296
0 0.807292 0.539352 0.023958 0.021296
0 0.886198 0.540278 0.025521 0.021296
0 0.012760 0.627315 0.023438 0.019444
0 0.117448 0.667593 0.026562 0.022222
0 0.777083 0.573611 0.022917 0.021296
0 0.843750 0.538889 0.026042 0.018519
0 0.819010 0.575463 0.026562 0.023148
0 0.259115 0.568056 0.024479 0.019444
0 0.266146 0.528704 0.026042 0.020370
0 0.224479 0.565741 0.025000 0.020370
0 0.854688 0.576389 0.026042 0.021296
0 0.145833 0.560648 0.023958 0.021296
0 0.892188 0.578241 0.029167 0.023148
0 0.171615 0.598611 0.026562 0.023148
0 0.184635 0.563889 0.024479 0.022222
0 0.038281 0.595833 0.026562 0.017593
0 0.930208 0.579630 0.029167 0.024074
0 0.969531 0.580556 0.026562 0.020370
0 0.877344 0.506019 0.030729 0.019444
0 0.227604 0.527778 0.027083 0.022222
0 0.995573 0.580556 0.007812 0.022222
0 0.928125 0.539352 0.027083 0.023148
0 0.991406 0.510648 0.016146 0.019444
0 0.971875 0.542593 0.028125 0.022222
0 0.997135 0.544444 0.004687 0.018519
0 0.608854 0.968519 0.036458 0.053704
0 0.428125 0.649537 0.019792 0.054630
0 0.520833 0.093056 0.012500 0.050926
0 0.509375 0.748148 0.013542 0.025926
0 0.057552 0.100463 0.014063 0.056481
0 0.430729 0.141667 0.010417 0.048148
0 0.447656 0.140741 0.009896 0.053704
0 0.071615 0.367130 0.028646 0.021296
0 0.430990 0.053241 0.011979 0.049074
0 0.068229 0.462963 0.025000 0.020370
0 0.491406 0.046296 0.014063 0.055556
0 0.449740 0.068519 0.011979 0.055556
0 0.361458 0.504167 0.025000 0.041667
0 0.281771 0.706481 0.026042 0.022222
0 0.494010 0.174074 0.013021 0.055556
0 0.752344 0.690741 0.027604 0.022222
0 0.490365 0.378241 0.011979 0.050926
0 0.508073 0.432870 0.010937 0.052778
0 0.232813 0.705556 0.026042 0.020370
0 0.695312 0.707407 0.026042 0.020370
0 0.487500 0.280093 0.010417 0.041667
0 0.175781 0.704167 0.027604 0.021296
0 0.112760 0.508333 0.029687 0.033333
0 0.504167 0.642130 0.012500 0.058333
0 0.397135 0.249537 0.015104 0.049074
0 0.004167 0.593056 0.008333 0.021296
0 0.017448 0.524537 0.019271 0.023148
