0 0.451823 0.906019 0.014063 0.050926
0 0.444271 0.050463 0.011458 0.045370
0 0.444531 0.134722 0.013021 0.045370
0 0.427604 0.049537 0.010417 0.052778
0 0.429688 0.416667 0.023958 0.048148
0 0.426302 0.132870 0.010937 0.052778
0 0.463021 0.132407 0.012500 0.048148
0 0.463802 0.063889 0.015104 0.055556
0 0.496615 0.063889 0.011979 0.051852
0 0.483594 0.177778 0.014063 0.053704
0 0.478906 0.865278 0.017188 0.047222
0 0.430469 0.462500 0.027604 0.043519
0 0.517448 0.684259 0.025521 0.042593
0 0.728125 0.487963 0.025000 0.020370
0 0.730729 0.453241 0.025000 0.021296
0 0.767969 0.488426 0.026562 0.021296
0 0.981510 0.489815 0.032813 0.022222
0 0.807031 0.487500 0.027604 0.021296
0 0.768750 0.454167 0.025000 0.019444
0 0.729948 0.518981 0.025521 0.021296
0 0.816927 0.456481 0.026562 0.020370
0 0.922656 0.421296 0.029687 0.020370
0 0.870833 0.453704 0.029167 0.022222
0 0.409375 0.124537 0.010417 0.054630
0 0.859375 0.487037 0.028125 0.024074
0 0.970313 0.419444 0.029167 0.020370
0 0.448177 0.816667 0.021354 0.040741
0 0.941146 0.487963 0.025000 0.022222
0 0.913542 0.456481 0.028125 0.020370
0 0.902604 0.487037 0.029167 0.022222
0 0.767969 0.525463 0.026562 0.021296
0 0.946615 0.456481 0.025521 0.020370
0 0.130208 0.193519 0.013542 0.053704
0 0.544531 0.611111 0.034896 0.042593
0 0.356771 0.725926 0.026042 0.029630
0 0.985156 0.455556 0.023438 0.018519
0 0.098958 0.365741 0.025000 0.018519
0 0.239844 0.640741 0.024479 0.022222
0 0.012500 0.415278 0.025000 0.032407
0 0.810677 0.522685 0.027604 0.021296
0 0.173958 0.395370 0.029167 0.024074
0 0.301563 0.528704 0.030208 0.025926
0 0.395573 0.458796 0.023438 0.039815
0 0.863281 0.523148 0.028646 0.022222
0 0.113542 0.493519 0.028125 0.055556
0 0.777865 0.561111 0.024479 0.020370
0 0.511198 0.742130 0.014063 0.025000
0 0.370573 0.770370 0.018229 0.025926
0 0.403646 0.239352 0.012500 0.047222
0 0.054948 0.536111 0.027604 0.022222
0 0.988802 0.562037 0.016146 0.022222
