0 0.261458 0.595833 0.028125 0.023148
0 0.819792 0.470833 0.027083 0.021296
0 0.820573 0.536111 0.027604 0.022222
0 0.784115 0.499537 0.026562 0.021296
0 0.732031 0.533333 0.025521 0.018519
0 0.226823 0.633333 0.028646 0.025926
0 0.173437 0.596296 0.026042 0.022222
0 0.865365 0.470370 0.027604 0.020370
0 0.852865 0.437500 0.027604 0.019444
0 0.267448 0.631481 0.026562 0.020370
0 0.864062 0.506019 0.027083 0.019444
0 0.133073 0.589352 0.024479 0.021296
0 0.738802 0.425463 0.026562 0.021296
0 0.905990 0.507870 0.024479 0.017593
0 0.739062 0.462037 0.029167 0.022222
0 0.211458 0.593519 0.027083 0.022222
0 0.777083 0.428704 0.023958 0.020370
0 0.773177 0.535185 0.026562 0.016667
0 0.822917 0.503704 0.028125 0.022222
0 0.775521 0.466204 0.026042 0.021296
0 0.736719 0.500000 0.029687 0.020370
0 0.538802 0.544444 0.029687 0.046296
0 0.944271 0.471759 0.026042 0.017593
0 0.948958 0.506019 0.026042 0.019444
0 0.908854 0.470833 0.027083 0.019444
0 0.862500 0.540278 0.029167 0.023148
0 0.476823 0.392130 0.018229 0.063889
0 0.816927 0.432407 0.024479 0.020370
0 0.265365 0.666667 0.023438 0.020370
0 0.984896 0.473611 0.027083 0.017593
0 0.082812 0.589352 0.027083 0.023148
0 0.906250 0.542130 0.025000 0.019444
0 0.266667 0.563426 0.023958 0.021296
0 0.174740 0.627778 0.027604 0.022222
0 0.040365 0.587500 0.026562 0.021296
0 0.949479 0.539815 0.023958 0.022222
0 0.232813 0.559259 0.025000 0.018519
0 0.989323 0.511111 0.019271 0.018519
0 0.741146 0.568056 0.028125 0.021296
0 0.119531 0.627778 0.024479 0.020370
0 0.775000 0.574074 0.025000 0.018519
0 0.986719 0.543056 0.022396 0.021296
0 0.194531 0.559259 0.026562 0.020370
0 0.047917 0.243981 0.012500 0.036111
0 0.002604 0.583333 0.005208 0.022222
0 0.058594 0.624074 0.028646 0.020370
0 0.818229 0.573148 0.026042 0.022222
0 0.222917 0.663889 0.027083 0.022222
0 0.013802 0.622685 0.023438 0.019444
0 0.857031 0.573611 0.028646 0.021296
0 0.182552 0.662037 0.026562 0.024074
0 0.266927 0.526389 0.026562 0.019444
0 0.908594 0.578704 0.030729 0.020370
0 0.143229 0.661574 0.027083 0.023148
0 0.224219 0.523148 0.025521 0.018519
0 0.945573 0.580093 0.025521 0.021296
0 0.489063 0.207870 0.008333 0.034259
0 0.101042 0.661574 0.027083 0.021296
0 0.153646 0.554167 0.026042 0.021296
0 0.978906 0.579630 0.023438 0.018519
0 0.058073 0.656019 0.027604 0.021296
0 0.492708 0.082870 0.011458 0.049074
0 0.182292 0.521759 0.027083 0.021296
0 0.116927 0.552778 0.026562 0.020370
0 0.468229 0.135185 0.008333 0.040741
0 0.433333 0.141204 0.011458 0.054630
0 0.139063 0.520833 0.025000 0.019444
0 0.011979 0.657870 0.023958 0.019444
0 0.451562 0.057407 0.010417 0.051852
0 0.980990 0.441204 0.029687 0.015741
0 0.508854 0.741204 0.013542 0.028704
0 0.403906 0.975926 0.013021 0.048148
0 0.086198 0.521296 0.024479 0.016667
0 0.577865 0.367130 0.027604 0.026852
0 0.434375 0.062037 0.010417 0.051852
0 0.890365 0.730556 0.025521 0.020370
0 0.509115 0.011574 0.007812 0.023148
0 0.216927 0.432407 0.026562 0.022222
0 0.393750 0.813426 0.018750 0.049074
0 0.468750 0.252778 0.011458 0.050000
0 0.074219 0.552778 0.026562 0.020370
0 0.624479 0.370370 0.028125 0.025926
0 0.179427 0.368519 0.027604 0.022222
0 0.247135 0.368981 0.030729 0.025000
0 0.363802 0.554167 0.027604 0.054630
0 0.036979 0.518981 0.028125 0.019444
0 0.562500 0.793981 0.018750 0.039815
0 0.437500 0.772222 0.019792 0.059259
0 0.459635 0.926852 0.013021 0.051852
