0 0.110677 0.266204 0.013021 0.054630
0 0.009896 0.140278 0.013542 0.039815
0 0.727604 0.570370 0.026042 0.022222
0 0.056510 0.118981 0.019271 0.058333
0 0.768750 0.570370 0.027083 0.020370
0 0.260937 0.578241 0.029167 0.023148
0 0.807292 0.568981 0.027083 0.023148
0 0.214062 0.574537 0.025000 0.025000
0 0.847917 0.570370 0.025000 0.020370
0 0.361198 0.550000 0.027604 0.024074
0 0.882292 0.575926 0.028125 0.022222
0 0.920052 0.573611 0.028646 0.025000
0 0.175521 0.576389 0.025000 0.021296
0 0.664844 0.569907 0.026562 0.021296
0 0.270052 0.543519 0.023438 0.020370
0 0.445833 0.066667 0.012500 0.055556
0 0.429167 0.150463 0.010417 0.047222
0 0.445312 0.143056 0.015625 0.058333
0 0.428385 0.079630 0.014063 0.057407
0 0.228385 0.545370 0.027604 0.024074
0 0.134375 0.575000 0.026042 0.024074
0 0.184635 0.540741 0.026562 0.024074
0 0.148177 0.542130 0.024479 0.021296
0 0.099219 0.533333 0.025521 0.022222
0 0.092708 0.577315 0.027083 0.023148
0 0.057031 0.541667 0.027604 0.022222
0 0.465885 0.124537 0.011979 0.054630
0 0.010156 0.646296 0.015104 0.022222
0 0.462760 0.054630 0.010937 0.042593
0 0.012500 0.384259 0.025000 0.020370
0 0.046354 0.267593 0.012500 0.044444
0 0.138281 0.412963 0.028646 0.022222
0 0.011198 0.421759 0.022396 0.021296
0 0.589063 0.561574 0.026042 0.025000
0 0.213021 0.424537 0.026042 0.021296
0 0.200260 0.383796 0.024479 0.019444
0 0.042188 0.122222 0.012500 0.053704
0 0.545052 0.322685 0.028646 0.043519
0 0.060677 0.486574 0.026562 0.023148
0 0.314844 0.408796 0.027604 0.025000
0 0.016667 0.454167 0.026042 0.019444
0 0.251302 0.455093 0.025521 0.023148
0 0.124219 0.453241 0.025521 0.019444
0 0.657031 0.396296 0.027604 0.024074
0 0.951562 0.694444 0.027083 0.024074
0 0.703125 0.398148 0.028125 0.022222
0 0.990104 0.627315 0.019792 0.019444
0 0.227865 0.487500 0.026562 0.025000
0 0.148698 0.493056 0.026562 0.021296
0 0.451302 0.424537 0.025521 0.025000
0 0.815365 0.693519 0.031771 0.025926
0 0.533854 0.429167 0.025000 0.023148
0 0.455208 0.458796 0.026042 0.021296
0 0.805729 0.651852 0.025000 0.020370
0 0.907813 0.649537 0.028125 0.023148
0 0.053125 0.576852 0.027083 0.020370
0 0.374740 0.450000 0.024479 0.024074
0 0.019792 0.537500 0.027083 0.023148
0 0.015104 0.258333 0.019792 0.061111
0 0.323437 0.491667 0.028125 0.022222
0 0.730208 0.696759 0.026042 0.023148
0 0.792969 0.620370 0.027604 0.022222
0 0.730990 0.648611 0.025521 0.019444
0 0.496094 0.517130 0.028646 0.025000
0 0.755469 0.400000 0.028646 0.020370
0 0.386458 0.484259 0.027083 0.020370
0 0.604427 0.425926 0.028646 0.024074
0 0.646615 0.681019 0.028646 0.021296
0 0.643229 0.617593 0.028125 0.022222
0 0.567969 0.653704 0.026562 0.022222
0 0.573698 0.458796 0.029687 0.025000
0 0.720313 0.619907 0.025000 0.021296
0 0.505990 0.462037 0.026562 0.024074
0 0.659115 0.432870 0.026562 0.021296
0 0.966406 0.574537 0.023438 0.019444
0 0.444792 0.492130 0.026042 0.023148
0 0.011458 0.573148 0.021875 0.022222
0 0.513802 0.619907 0.027604 0.021296
0 0.503125 0.675926 0.025000 0.022222
0 0.700260 0.431019 0.025521 0.021296
0 0.457292 0.650463 0.027083 0.021296
0 0.353385 0.356944 0.025521 0.037963
0 0.790365 0.383796 0.024479 0.019444
0 0.451823 0.610185 0.027604 0.022222
0 0.654948 0.464815 0.027604 0.022222
0 0.739844 0.463426 0.028646 0.023148
0 0.371354 0.649537 0.027083 0.021296
0 0.558854 0.496759 0.027083 0.025000
0 0.394010 0.689352 0.029687 0.019444
0 0.804167 0.427315 0.029167 0.023148
0 0.312500 0.724074 0.026042 0.022222
0 0.340625 0.612037 0.028125 0.020370
0 0.621094 0.493056 0.025521 0.019444
0 0.185156 0.612037 0.027604 0.025926
0 0.314063 0.679167 0.025000 0.019444
0 0.281510 0.644907 0.024479 0.019444
0 0.870052 0.433796 0.028646 0.025000
0 0.206250 0.718981 0.026042 0.019444
0 0.610938 0.528704 0.028125 0.022222
0 0.831510 0.393981 0.026562 0.019444
0 0.109115 0.610185 0.027604 0.024074
0 0.108854 0.647685 0.027083 0.025000
0 0.217188 0.680093 0.026042 0.021296
0 0.027083 0.608333 0.025000 0.024074
0 0.189583 0.647222 0.027083 0.022222
0 0.914062 0.465278 0.028125 0.021296
0 0.088802 0.682407 0.030729 0.024074
0 0.149219 0.718519 0.026562 0.020370
0 0.821094 0.534259 0.027604 0.022222
0 0.972135 0.466204 0.028646 0.021296
0 0.932292 0.432407 0.027083 0.022222
0 0.979427 0.430093 0.024479 0.023148
0 0.466667 0.007407 0.014583 0.014815
