0 0.184375 0.245370 0.013542 0.059259
0 0.105990 0.279167 0.013021 0.056481
0 0.472656 0.498148 0.011979 0.050000
0 0.880729 0.490278 0.025000 0.021296
0 0.095052 0.699537 0.026562 0.023148
0 0.733594 0.528704 0.025521 0.022222
0 0.076823 0.627315 0.028646 0.021296
0 0.741406 0.457407 0.026562 0.024074
0 0.725000 0.425463 0.028125 0.023148
0 0.787240 0.456019 0.026562 0.023148
0 0.766927 0.422685 0.025521 0.023148
0 0.733073 0.495370 0.028646 0.024074
0 0.788021 0.495370 0.026042 0.020370
0 0.830208 0.456019 0.025000 0.023148
0 0.835417 0.493056 0.030208 0.023148
0 0.811979 0.422685 0.027083 0.021296
0 0.005990 0.154630 0.010937 0.038889
0 0.872656 0.456481 0.025521 0.022222
0 0.262240 0.693056 0.025521 0.021296
0 0.916406 0.457407 0.026562 0.020370
0 0.869010 0.421296 0.026562 0.022222
0 0.212760 0.625926 0.027604 0.024074
0 0.222396 0.696296 0.028125 0.024074
0 0.254688 0.621759 0.028125 0.023148
0 0.257552 0.658333 0.028646 0.022222
0 0.171094 0.626389 0.026562 0.023148
0 0.215365 0.658333 0.027604 0.024074
0 0.974479 0.453241 0.030208 0.019444
0 0.771875 0.527778 0.028125 0.022222
0 0.906510 0.423611 0.021354 0.021296
0 0.924219 0.494444 0.026562 0.020370
0 0.173958 0.659259 0.032292 0.025926
0 0.186458 0.692593 0.023958 0.024074
0 0.947917 0.423611 0.028125 0.019444
0 0.128125 0.625000 0.026042 0.022222
0 0.129167 0.662037 0.027083 0.024074
0 0.141146 0.695833 0.027083 0.021296
0 0.030729 0.664815 0.027083 0.020370
0 0.073698 0.660648 0.028646 0.023148
0 0.812760 0.528241 0.026562 0.021296
0 0.972917 0.491667 0.026042 0.020370
0 0.845833 0.527315 0.023958 0.017593
0 0.733594 0.564815 0.027604 0.018519
0 0.264062 0.549074 0.025000 0.020370
0 0.033073 0.624537 0.027604 0.021296
0 0.253906 0.587963 0.025521 0.022222
0 0.780208 0.567130 0.028125 0.023148
0 0.001563 0.662037 0.003125 0.020370
0 0.040885 0.698148 0.031771 0.022222
0 0.892448 0.524537 0.025521 0.017593
0 0.002344 0.626389 0.004687 0.023148
0 0.222135 0.553241 0.026562 0.021296
0 0.930208 0.527778 0.027083 0.020370
0 0.214062 0.587963 0.026042 0.022222
0 0.005469 0.693981 0.010937 0.021296
0 0.174219 0.587500 0.025521 0.021296
0 0.974219 0.524537 0.025521 0.017593
0 0.827865 0.566667 0.027604 0.024074
0 0.463021 0.197685 0.012500 0.052778
0 0.041406 0.283333 0.011979 0.042593
0 0.466406 0.337037 0.010937 0.055556
0 0.129427 0.591204 0.032813 0.025000
0 0.866406 0.565741 0.032813 0.024074
0 0.471094 0.410648 0.013021 0.058333
0 0.090885 0.590741 0.024479 0.020370
0 0.904167 0.563889 0.028125 0.022222
0 0.177604 0.555093 0.025000 0.023148
0 0.045833 0.593981 0.029167 0.025000
0 0.941146 0.563889 0.028125 0.022222
0 0.134115 0.553704 0.026562 0.022222
0 0.463802 0.271296 0.013021 0.051852
0 0.974740 0.563889 0.024479 0.020370
0 0.461458 0.121759 0.013542 0.056481
0 0.009635 0.593519 0.018229 0.024074
0 0.462500 0.042593 0.015625 0.061111
0 0.426823 0.141204 0.013021 0.050926
0 0.509115 0.175463 0.015104 0.050926
0 0.083073 0.555093 0.030729 0.023148
0 0.491667 0.931481 0.012500 0.048148
0 0.733073 0.787963 0.015104 0.029630
0 0.409635 0.809722 0.025521 0.050926
0 0.498698 0.017130 0.010937 0.034259
0 0.041146 0.557870 0.027083 0.021296
0 0.513542 0.273148 0.012500 0.051852
0 0.484635 0.106944 0.011979 0.049074
0 0.568490 0.368056 0.033854 0.039815
0 0.443229 0.143056 0.012500 0.056481
0 0.740104 0.685185 0.019792 0.020370
0 0.498698 0.368981 0.014063 0.052778
0 0.127344 0.211111 0.014063 0.046296
0 0.442708 0.071296 0.011458 0.050000
0 0.611458 0.751852 0.028125 0.037037
0 0.494531 0.517593 0.013021 0.057407
0 0.428906 0.703704 0.022396 0.055556
0 0.426823 0.057870 0.011979 0.054630
0 0.514323 0.734722 0.013021 0.058333
0 0.731250 0.389815 0.026042 0.020370
0 0.492448 0.759259 0.011979 0.057407
0 0.450781 0.831481 0.016146 0.055556
0 0.006510 0.557870 0.013021 0.023148
0 0.905208 0.382407 0.027083 0.018519
0 0.514062 0.969907 0.014583 0.050926
0 0.035417 0.136111 0.011458 0.050000
