0 0.194792 0.329167 0.032292 0.025000
0 0.865104 0.494444 0.026042 0.022222
0 0.773698 0.458333 0.024479 0.018519
0 0.730990 0.420370 0.024479 0.020370
0 0.734375 0.454630 0.023958 0.020370
0 0.739323 0.490741 0.028646 0.020370
0 0.727865 0.525000 0.023438 0.020370
0 0.781510 0.493056 0.025521 0.019444
0 0.773177 0.422222 0.026562 0.022222
0 0.823958 0.458333 0.027083 0.022222
0 0.870573 0.457407 0.025521 0.022222
0 0.816667 0.422222 0.025000 0.020370
0 0.913281 0.461111 0.027604 0.020370
0 0.820833 0.493056 0.026042 0.021296
0 0.860417 0.428241 0.025000 0.019444
0 0.768490 0.525926 0.026562 0.020370
0 0.903125 0.425926 0.029167 0.022222
0 0.959115 0.462500 0.034896 0.023148
0 0.904687 0.496296 0.025000 0.020370
0 0.943750 0.427778 0.026042 0.018519
0 0.959375 0.495833 0.029167 0.023148
0 0.805469 0.526389 0.022396 0.017593
0 0.253906 0.635185 0.025521 0.022222
0 0.851042 0.527315 0.026042 0.021296
0 0.891927 0.530093 0.026562 0.021296
0 0.260677 0.526852 0.026562 0.018519
0 0.217969 0.527778 0.027604 0.022222
0 0.729167 0.564352 0.026042 0.021296
0 0.258594 0.600000 0.025521 0.020370
0 0.257031 0.566667 0.028646 0.024074
0 0.937500 0.531019 0.029167 0.023148
0 0.762760 0.563889 0.022396 0.020370
0 0.979948 0.531019 0.026562 0.021296
0 0.801042 0.564815 0.023958 0.022222
0 0.181250 0.529167 0.026042 0.019444
0 0.832031 0.562500 0.020313 0.019444
0 0.216146 0.634722 0.027083 0.021296
0 0.143750 0.531481 0.027083 0.022222
0 0.865885 0.568981 0.025521 0.021296
0 0.996354 0.462037 0.006250 0.018519
0 0.902604 0.567593 0.026042 0.022222
0 0.172135 0.637037 0.026562 0.020370
0 0.936979 0.566204 0.026042 0.021296
0 0.131250 0.637963 0.025000 0.020370
0 0.222135 0.601389 0.025521 0.021296
0 0.179688 0.601852 0.029167 0.022222
0 0.101302 0.527778 0.027604 0.022222
0 0.086979 0.632870 0.029167 0.021296
0 0.975000 0.565741 0.026042 0.020370
0 0.044271 0.631944 0.027083 0.021296
0 0.059115 0.526852 0.026562 0.022222
0 0.124740 0.600000 0.027604 0.024074
0 0.446094 0.048611 0.010937 0.047222
0 0.445833 0.133333 0.011458 0.044444
0 0.077865 0.598148 0.031771 0.024074
0 0.216146 0.672685 0.021875 0.023148
0 0.176563 0.669907 0.025000 0.021296
0 0.168490 0.563426 0.029687 0.023148
0 0.211198 0.566667 0.025521 0.022222
0 0.609635 0.964352 0.029687 0.058333
0 0.006510 0.631944 0.013021 0.021296
0 0.028385 0.597685 0.024479 0.021296
0 0.428385 0.047685 0.010937 0.054630
0 0.137240 0.671296 0.027604 0.022222
0 0.835156 0.620833 0.025521 0.021296
0 0.509635 0.741204 0.015104 0.026852
0 0.984896 0.421759 0.028125 0.026852
0 0.010156 0.523611 0.017188 0.017593
0 0.426823 0.129167 0.010937 0.054630
0 0.090625 0.670370 0.036458 0.024074
0 0.778385 0.650000 0.023438 0.020370
0 0.123438 0.563426 0.027083 0.023148
0 0.421615 0.718981 0.019271 0.052778
0 0.036198 0.668519 0.027604 0.020370
0 0.695052 0.612500 0.025521 0.025000
0 0.988281 0.647222 0.023438 0.022222
0 0.163802 0.447222 0.024479 0.018519
0 0.628125 0.618519 0.029167 0.037037
0 0.995833 0.497685 0.006250 0.021296
0 0.838802 0.684259 0.025521 0.022222
0 0.579167 0.537500 0.025000 0.039815
0 0.306771 0.497222 0.026042 0.038889
0 0.003906 0.596296 0.007812 0.022222
0 0.547396 0.810185 0.022917 0.038889
0 0.689844 0.384259 0.025521 0.020370
0 0.014844 0.473611 0.028646 0.023148
0 0.516146 0.881481 0.011458 0.048148
0 0.384375 0.609722 0.022917 0.049074
0 0.489323 0.327315 0.019271 0.050926
0 0.002083 0.667593 0.004167 0.022222
0 0.218490 0.707870 0.024479 0.021296
0 0.466406 0.218519 0.010937 0.053704
0 0.443490 0.815741 0.017188 0.051852
