0 0.195312 0.333796 0.028125 0.025000
0 0.260677 0.529167 0.027604 0.021296
0 0.217969 0.530093 0.027604 0.023148
0 0.480990 0.562963 0.025521 0.024074
0 0.260156 0.568519 0.026562 0.024074
0 0.511979 0.557407 0.021875 0.025926
0 0.557813 0.554167 0.027083 0.026852
0 0.182031 0.532407 0.024479 0.018519
0 0.591927 0.557407 0.020313 0.022222
0 0.145052 0.535185 0.025521 0.018519
0 0.654687 0.562500 0.023958 0.019444
0 0.708073 0.562037 0.024479 0.020370
0 0.765625 0.562037 0.025000 0.022222
0 0.101823 0.531944 0.028646 0.019444
0 0.845833 0.559722 0.027083 0.021296
0 0.059635 0.531019 0.026562 0.019444
0 0.444531 0.050463 0.010937 0.043519
0 0.444271 0.135648 0.013542 0.045370
0 0.169010 0.567130 0.030729 0.025000
0 0.212240 0.569907 0.025521 0.023148
0 0.427604 0.049537 0.010417 0.052778
0 0.010677 0.529630 0.018229 0.020370
0 0.426823 0.131481 0.011979 0.053704
0 0.123698 0.567593 0.028646 0.024074
0 0.463021 0.131481 0.012500 0.048148
0 0.464062 0.064352 0.014583 0.054630
0 0.079948 0.565741 0.027604 0.022222
0 0.334375 0.356019 0.028125 0.034259
0 0.039844 0.480093 0.028646 0.021296
0 0.163802 0.450926 0.025521 0.022222
0 0.113802 0.485648 0.028646 0.023148
0 0.010677 0.442593 0.021354 0.020370
0 0.065365 0.453241 0.028646 0.019444
0 0.953646 0.611111 0.027083 0.016667
0 0.210156 0.421759 0.026562 0.019444
0 0.297135 0.407870 0.027604 0.023148
0 0.198958 0.487963 0.025000 0.020370
0 0.823958 0.645833 0.027083 0.023148
0 0.238021 0.463889 0.028125 0.022222
0 0.035156 0.565741 0.030729 0.022222
0 0.293229 0.441667 0.028125 0.022222
0 0.756510 0.643519 0.025521 0.020370
0 0.722396 0.608796 0.026042 0.021296
0 0.264062 0.365741 0.026042 0.025926
0 0.333594 0.488889 0.025521 0.022222
0 0.375260 0.469907 0.026562 0.019444
0 0.363281 0.412037 0.025521 0.018519
0 0.504427 0.125463 0.018229 0.060185
1 0.113542 0.411111 0.085417 0.033333
0 0.678906 0.681481 0.026562 0.020370
0 0.679427 0.640741 0.023438 0.020370
0 0.439583 0.470833 0.026042 0.021296
0 0.400000 0.441667 0.026042 0.022222
0 0.480729 0.443981 0.026042 0.023148
0 0.608854 0.606944 0.025000 0.021296
0 0.436198 0.503241 0.022396 0.021296
0 0.468229 0.410185 0.027083 0.022222
0 0.498958 0.478241 0.028125 0.021296
0 0.534635 0.605093 0.026562 0.021296
0 0.421875 0.644444 0.027083 0.022222
0 0.561719 0.420833 0.025521 0.021296
0 0.571615 0.483333 0.024479 0.024074
0 0.472917 0.613889 0.027083 0.022222
0 0.610156 0.449537 0.025521 0.023148
0 0.646875 0.418519 0.021875 0.022222
0 0.390625 0.291204 0.018750 0.047222
0 0.880990 0.384259 0.029687 0.024074
0 0.685417 0.452778 0.026042 0.022222
0 0.658073 0.370370 0.026562 0.024074
0 0.702865 0.490741 0.026562 0.020370
0 0.284896 0.604167 0.020833 0.019444
0 0.736198 0.413889 0.024479 0.020370
0 0.300521 0.637037 0.026042 0.018519
0 0.780729 0.493056 0.030208 0.025000
0 0.801823 0.456019 0.027604 0.023148
0 0.792448 0.384259 0.028646 0.022222
0 0.859375 0.423148 0.026042 0.020370
0 0.910677 0.563889 0.025521 0.020370
0 0.164323 0.637037 0.025521 0.022222
0 0.866927 0.490741 0.025521 0.022222
0 0.904167 0.456944 0.023958 0.023148
0 0.003646 0.566204 0.007292 0.023148
0 0.943750 0.421759 0.034375 0.023148
0 0.408333 0.075463 0.011458 0.054630
0 0.983854 0.455556 0.015625 0.024074
