0 0.184635 0.238889 0.011979 0.050000
0 0.106510 0.271296 0.010937 0.053704
0 0.007031 0.145833 0.011979 0.037963
0 0.731250 0.571296 0.023958 0.020370
0 0.661458 0.464352 0.022917 0.021296
0 0.661458 0.430093 0.025000 0.019444
0 0.725521 0.426852 0.026042 0.020370
0 0.753125 0.462963 0.025000 0.022222
0 0.808073 0.429630 0.026562 0.020370
0 0.808073 0.463426 0.025521 0.021296
0 0.847917 0.463426 0.028125 0.023148
0 0.682552 0.496296 0.024479 0.018519
0 0.864583 0.426852 0.027083 0.022222
0 0.041667 0.273611 0.012500 0.037963
0 0.746615 0.500000 0.026562 0.022222
0 0.909896 0.430093 0.026042 0.021296
0 0.892969 0.465741 0.027604 0.022222
0 0.656771 0.530093 0.028125 0.021296
0 0.342969 0.649537 0.023438 0.017593
0 0.931771 0.462500 0.025000 0.021296
0 0.948438 0.432407 0.023958 0.018519
0 0.317708 0.618519 0.028125 0.022222
0 0.253646 0.650926 0.026042 0.018519
0 0.324479 0.684722 0.026042 0.019444
0 0.222396 0.618519 0.027083 0.020370
0 0.272135 0.684722 0.024479 0.017593
0 0.976823 0.462963 0.028646 0.022222
0 0.806510 0.498611 0.026562 0.021296
0 0.747135 0.532870 0.026562 0.023148
0 0.121875 0.650463 0.026042 0.019444
0 0.191927 0.652778 0.025521 0.020370
0 0.118490 0.616667 0.028646 0.022222
0 0.157031 0.618056 0.028646 0.021296
0 0.206510 0.690278 0.026562 0.021296
0 0.081771 0.614815 0.025000 0.020370
0 0.987500 0.431944 0.021875 0.021296
0 0.853646 0.498611 0.036458 0.023148
0 0.082292 0.650000 0.028125 0.020370
0 0.155729 0.686111 0.026042 0.020370
0 0.903646 0.500000 0.028125 0.022222
0 0.046094 0.615278 0.023438 0.021296
0 0.109375 0.687037 0.027083 0.020370
0 0.036979 0.652778 0.027083 0.022222
0 0.812500 0.533796 0.026042 0.019444
0 0.949479 0.499537 0.029167 0.021296
0 0.768229 0.570370 0.025000 0.018519
0 0.068750 0.685648 0.026042 0.019444
0 0.002344 0.649537 0.004687 0.021296
0 0.985417 0.500000 0.026042 0.020370
0 0.027865 0.685185 0.025521 0.020370
0 0.257812 0.582870 0.026042 0.019444
0 0.807552 0.568519 0.028646 0.022222
0 0.211198 0.580556 0.023438 0.018519
0 0.847656 0.568519 0.025521 0.020370
0 0.239323 0.547222 0.025521 0.018519
0 0.869271 0.534259 0.029167 0.022222
0 0.890104 0.574074 0.029167 0.020370
0 0.928125 0.571296 0.027083 0.024074
0 0.013802 0.615741 0.023438 0.018519
0 0.165365 0.581944 0.025521 0.019444
0 0.914583 0.536574 0.028125 0.021296
0 0.200521 0.547685 0.025000 0.019444
0 0.969010 0.532407 0.027604 0.022222
0 0.996354 0.532870 0.006250 0.019444
0 0.443229 0.068519 0.011458 0.051852
0 0.966406 0.572685 0.023438 0.021296
0 0.426302 0.152315 0.010937 0.049074
0 0.442969 0.145370 0.013021 0.051852
0 0.425521 0.079630 0.011458 0.051852
0 0.127344 0.203704 0.013021 0.044444
0 0.162500 0.548611 0.026042 0.021296
0 0.991667 0.568056 0.015625 0.019444
0 0.122396 0.581481 0.026042 0.020370
0 0.117448 0.545370 0.025521 0.018519
0 0.056510 0.375000 0.025521 0.016667
0 0.079427 0.548148 0.023438 0.020370
0 0.058073 0.461574 0.029687 0.023148
0 0.773438 0.648611 0.023958 0.017593
0 0.266146 0.485648 0.027083 0.025000
0 0.027865 0.543519 0.024479 0.020370
0 0.080990 0.584259 0.025521 0.020370
0 0.001563 0.548148 0.003125 0.020370
0 0.406771 0.150926 0.012500 0.051852
