0 0.108594 0.252778 0.011979 0.057407
0 0.008073 0.128241 0.013021 0.037963
0 0.043490 0.256944 0.014063 0.041667
0 0.126042 0.227778 0.028125 0.042593
0 0.652865 0.470370 0.024479 0.020370
0 0.255469 0.538426 0.025521 0.023148
0 0.773438 0.577315 0.023958 0.019444
0 0.738542 0.576389 0.026042 0.019444
0 0.255208 0.571759 0.026042 0.023148
0 0.809635 0.578241 0.028646 0.023148
0 0.219792 0.575000 0.027083 0.022222
0 0.848177 0.582407 0.027604 0.024074
0 0.884375 0.580556 0.028125 0.024074
0 0.922656 0.582407 0.025521 0.022222
0 0.217188 0.536574 0.023958 0.019444
0 0.959115 0.582407 0.034896 0.024074
0 0.167448 0.571296 0.027604 0.022222
0 0.607292 0.971296 0.035417 0.050000
0 0.445833 0.146759 0.015625 0.052778
0 0.428125 0.144907 0.011458 0.054630
0 0.447135 0.075463 0.009896 0.054630
0 0.429688 0.066667 0.012500 0.053704
0 0.178646 0.531944 0.025000 0.017593
0 0.465625 0.128241 0.010417 0.050926
0 0.468490 0.059259 0.011979 0.053704
0 0.104427 0.381481 0.028646 0.024074
0 0.055208 0.433796 0.029167 0.023148
0 0.901563 0.662037 0.028125 0.022222
0 0.110937 0.445370 0.028125 0.022222
0 0.056510 0.483333 0.024479 0.022222
0 0.507292 0.058796 0.013542 0.052778
0 0.258333 0.461574 0.026042 0.021296
0 0.972917 0.664352 0.028125 0.021296
0 0.181250 0.486111 0.028125 0.024074
0 0.762240 0.629630 0.026562 0.020370
0 0.231771 0.434259 0.026042 0.020370
0 0.194271 0.406481 0.031250 0.025926
0 0.930469 0.693519 0.025521 0.020370
0 0.265885 0.499074 0.027604 0.022222
0 0.313281 0.473611 0.027604 0.023148
0 0.533073 0.437963 0.026562 0.024074
0 0.366927 0.455556 0.023438 0.018519
0 0.417448 0.455556 0.025521 0.024074
0 0.462500 0.421296 0.028125 0.024074
0 0.828385 0.693056 0.028646 0.023148
0 0.698958 0.693056 0.025000 0.019444
0 0.742969 0.660648 0.026562 0.021296
0 0.661719 0.628241 0.027604 0.023148
0 0.390885 0.484722 0.028646 0.021296
0 0.333854 0.508796 0.026042 0.023148
0 0.520573 0.617593 0.027604 0.024074
0 0.500260 0.392130 0.023438 0.019444
0 0.404687 0.519907 0.026042 0.023148
0 0.605469 0.619444 0.026562 0.022222
0 0.513281 0.496759 0.025521 0.025000
0 0.483594 0.654167 0.025521 0.023148
0 0.589583 0.659259 0.023958 0.018519
0 0.593750 0.432407 0.027083 0.022222
0 0.626042 0.691667 0.028125 0.020370
0 0.479948 0.462500 0.025521 0.021296
0 0.628906 0.378704 0.030729 0.029630
0 0.465104 0.615741 0.026042 0.022222
0 0.511458 0.688889 0.028125 0.024074
0 0.604427 0.508796 0.027604 0.023148
0 0.656250 0.435185 0.029167 0.024074
0 0.305990 0.680093 0.024479 0.023148
0 0.312240 0.613889 0.025521 0.024074
0 0.576302 0.471759 0.026562 0.021296
0 0.385417 0.610185 0.026042 0.018519
0 0.742448 0.434259 0.029687 0.024074
0 0.384115 0.683333 0.024479 0.020370
0 0.409115 0.648611 0.024479 0.019444
0 0.819531 0.509259 0.026562 0.024074
0 0.730469 0.469907 0.024479 0.023148
0 0.730469 0.510185 0.026562 0.020370
0 0.801562 0.433333 0.026042 0.022222
0 0.466667 0.007407 0.014583 0.014815
0 0.009896 0.448611 0.018750 0.025000
0 0.756771 0.398148 0.026042 0.020370
0 0.508333 0.751389 0.012500 0.021296
0 0.858333 0.440278 0.026042 0.019444
0 0.094010 0.529630 0.028646 0.022222
0 0.093229 0.566204 0.023958 0.021296
0 0.236458 0.679630 0.026042 0.020370
0 0.221875 0.606944 0.027083 0.023148
0 0.242708 0.642593 0.026042 0.022222
0 0.826302 0.471759 0.029687 0.023148
0 0.152083 0.636574 0.026042 0.019444
0 0.131771 0.604167 0.026042 0.025000
0 0.905729 0.512963 0.025000 0.022222
0 0.048177 0.563426 0.025521 0.021296
0 0.013021 0.634722 0.025000 0.021296
0 0.098437 0.679167 0.061458 0.026852
0 0.029687 0.601389 0.022917 0.025000
0 0.055469 0.106944 0.013021 0.054630
0 0.981250 0.511111 0.026042 0.020370
0 0.003125 0.671296 0.005208 0.025926
