0 0.109896 0.257870 0.012500 0.054630
0 0.466146 0.124537 0.012500 0.060185
0 0.464062 0.053704 0.013542 0.042593
0 0.045052 0.260185 0.014063 0.042593
0 0.721094 0.431481 0.030729 0.024074
0 0.761719 0.436111 0.027604 0.024074
0 0.259115 0.644444 0.027604 0.022222
0 0.870573 0.472685 0.026562 0.021296
0 0.733333 0.467130 0.028125 0.023148
0 0.729167 0.532870 0.027083 0.023148
0 0.777604 0.469444 0.025000 0.022222
0 0.800000 0.435648 0.026042 0.021296
0 0.806250 0.538889 0.027083 0.020370
0 0.836198 0.435185 0.026562 0.020370
0 0.767708 0.535185 0.027083 0.022222
0 0.739062 0.501852 0.028125 0.020370
0 0.827604 0.469907 0.028125 0.023148
0 0.777604 0.502315 0.028125 0.019444
0 0.251563 0.606944 0.026042 0.021296
0 0.848437 0.539815 0.028125 0.020370
0 0.817448 0.504630 0.025521 0.020370
0 0.209375 0.608796 0.034375 0.025000
0 0.256771 0.679630 0.028125 0.020370
0 0.889062 0.538889 0.030208 0.020370
0 0.215365 0.641204 0.026562 0.021296
0 0.910937 0.475000 0.025000 0.020370
0 0.165104 0.608796 0.028125 0.025000
0 0.174219 0.640278 0.025521 0.023148
0 0.120573 0.606019 0.028646 0.021296
0 0.861458 0.505556 0.028125 0.022222
0 0.205208 0.675000 0.031250 0.025926
0 0.948438 0.472685 0.026042 0.019444
0 0.957031 0.442593 0.025521 0.018519
0 0.127604 0.643981 0.031250 0.023148
0 0.928646 0.539815 0.029167 0.022222
0 0.899740 0.506019 0.022396 0.021296
0 0.068490 0.607407 0.027604 0.024074
0 0.080729 0.638426 0.026042 0.019444
0 0.967448 0.543519 0.028646 0.022222
0 0.033594 0.637037 0.028646 0.020370
0 0.255729 0.537963 0.026042 0.025926
0 0.935677 0.507407 0.025521 0.020370
0 0.024740 0.603704 0.026562 0.022222
0 0.978385 0.508333 0.026562 0.020370
0 0.005208 0.634722 0.010417 0.021296
0 0.773438 0.574537 0.025000 0.021296
0 0.738802 0.573611 0.026562 0.023148
0 0.255469 0.573148 0.024479 0.022222
0 0.419271 0.686111 0.012500 0.055556
0 0.810156 0.575000 0.028646 0.022222
0 0.013802 0.368056 0.025521 0.015741
0 0.213802 0.575463 0.027604 0.025000
0 0.041146 0.114352 0.012500 0.054630
0 0.468229 0.006944 0.016667 0.013889
0 0.848437 0.579630 0.029167 0.022222
0 0.884635 0.576852 0.026562 0.022222
0 0.516927 0.282870 0.023438 0.056481
0 0.996615 0.544444 0.005729 0.022222
0 0.922656 0.579167 0.025521 0.021296
0 0.484375 0.975000 0.012500 0.048148
0 0.029687 0.426389 0.023958 0.017593
0 0.187240 0.228704 0.013021 0.055556
0 0.389583 0.810185 0.027083 0.053704
0 0.049219 0.391204 0.025521 0.017593
0 0.115365 0.419444 0.028646 0.024074
0 0.217969 0.538426 0.022396 0.019444
0 0.490885 0.009259 0.007812 0.018519
0 0.506510 0.053241 0.013021 0.058333
0 0.958854 0.579167 0.036458 0.025000
0 0.123698 0.678704 0.076563 0.035185
0 0.487500 0.234722 0.013542 0.060185
0 0.439844 0.863426 0.011979 0.049074
0 0.444531 0.719444 0.011979 0.050000
0 0.172135 0.410185 0.029687 0.025926
0 0.810677 0.728704 0.026562 0.025926
0 0.427344 0.789815 0.016146 0.057407
0 0.423438 0.550463 0.011458 0.050926
0 0.115885 0.477778 0.017188 0.057407
0 0.236198 0.712500 0.026562 0.021296
0 0.772135 0.690278 0.024479 0.021296
0 0.491406 0.459259 0.015104 0.061111
0 0.304167 0.388426 0.029167 0.034259
0 0.442969 0.476852 0.013021 0.057407
0 0.509375 0.469444 0.013542 0.055556
0 0.097396 0.529167 0.028125 0.025000
0 0.153125 0.714352 0.031250 0.025000
0 0.426823 0.431481 0.011979 0.053704
0 0.601823 0.742130 0.027604 0.039815
0 0.491406 0.709259 0.013021 0.057407
0 0.427344 0.224074 0.010937 0.051852
0 0.429167 0.025926 0.018750 0.051852
0 0.446354 0.186111 0.013542 0.057407
0 0.521875 0.910648 0.018750 0.056481
0 0.991927 0.601852 0.016146 0.048148
