0 0.194531 0.334722 0.028646 0.026852
0 0.260156 0.530093 0.027604 0.019444
0 0.217708 0.531944 0.028125 0.021296
0 0.478906 0.563889 0.025521 0.022222
0 0.259635 0.569444 0.027604 0.022222
0 0.511719 0.556944 0.023438 0.025000
0 0.556771 0.553704 0.026042 0.024074
0 0.181250 0.534259 0.026042 0.018519
0 0.588542 0.558333 0.022917 0.022222
0 0.144271 0.536111 0.026042 0.018519
0 0.625000 0.561111 0.028125 0.020370
0 0.662500 0.560648 0.023958 0.021296
0 0.701302 0.560648 0.023438 0.019444
0 0.101562 0.534259 0.027083 0.018519
0 0.736458 0.558333 0.022917 0.020370
0 0.059375 0.532870 0.026042 0.019444
0 0.444010 0.049537 0.010937 0.045370
0 0.443490 0.135185 0.013021 0.046296
0 0.168750 0.567593 0.030208 0.022222
0 0.211458 0.570833 0.026042 0.021296
0 0.427344 0.049074 0.010937 0.053704
0 0.010677 0.531481 0.018229 0.020370
0 0.425781 0.131944 0.011979 0.052778
0 0.122917 0.568981 0.029167 0.023148
0 0.462240 0.129630 0.013021 0.051852
0 0.463542 0.063889 0.014583 0.057407
0 0.079687 0.567130 0.028125 0.021296
0 0.610938 0.963889 0.032292 0.059259
0 0.034375 0.566667 0.030208 0.022222
0 0.075521 0.456481 0.028125 0.022222
0 0.409115 0.081481 0.009896 0.048148
0 0.227865 0.411111 0.025521 0.020370
0 0.775260 0.562037 0.025521 0.020370
0 0.172135 0.478704 0.025521 0.018519
0 0.260156 0.446759 0.023438 0.019444
0 0.003646 0.567593 0.007292 0.024074
0 0.311979 0.407407 0.026042 0.020370
0 0.102344 0.396296 0.027604 0.020370
0 0.333594 0.446296 0.027604 0.022222
0 0.811198 0.562963 0.024479 0.022222
0 0.386719 0.412500 0.025521 0.019444
0 0.704688 0.381019 0.028125 0.023148
0 0.410938 0.449537 0.028125 0.023148
0 0.451823 0.414352 0.025521 0.021296
0 0.228646 0.487963 0.027083 0.020370
0 0.988021 0.617593 0.023958 0.020370
0 0.945573 0.653704 0.031771 0.022222
0 0.553125 0.400463 0.088542 0.037963
0 0.300260 0.481944 0.025521 0.021296
0 0.483333 0.452778 0.026042 0.024074
0 0.645052 0.362963 0.026562 0.025926
0 0.371094 0.499537 0.028646 0.023148
0 0.538542 0.452778 0.025000 0.022222
0 0.634635 0.452778 0.024479 0.022222
0 0.892708 0.382870 0.032292 0.023148
0 0.585677 0.494907 0.023438 0.021296
0 0.809115 0.489352 0.028646 0.025000
0 0.821354 0.383333 0.027083 0.022222
0 0.565104 0.616204 0.026042 0.019444
0 0.375000 0.643519 0.026042 0.022222
0 0.223177 0.708796 0.026562 0.021296
0 0.251563 0.641204 0.027083 0.021296
0 0.159115 0.447685 0.024479 0.017593
0 0.109115 0.712963 0.024479 0.020370
0 0.890104 0.456944 0.027083 0.021296
0 0.939323 0.492130 0.029687 0.025000
