0 0.137240 0.200926 0.028646 0.040741
0 0.010417 0.127315 0.013542 0.037963
0 0.046094 0.256944 0.013021 0.041667
0 0.442969 0.706481 0.013021 0.053704
0 0.423438 0.961111 0.015625 0.057407
0 0.737760 0.572685 0.025521 0.021296
0 0.466667 0.127315 0.010417 0.052778
0 0.468750 0.056944 0.010417 0.050926
0 0.041406 0.109722 0.011979 0.050926
0 0.742708 0.501389 0.028125 0.023148
0 0.868490 0.474074 0.028646 0.020370
0 0.851042 0.440741 0.027083 0.018519
0 0.741667 0.468519 0.026042 0.024074
0 0.809635 0.439352 0.025521 0.019444
0 0.781250 0.468981 0.023958 0.023148
0 0.916406 0.472685 0.029687 0.019444
0 0.894531 0.439352 0.030729 0.019444
0 0.821615 0.470833 0.027604 0.021296
0 0.781510 0.503241 0.022396 0.023148
0 0.265885 0.643981 0.024479 0.021296
0 0.832812 0.503241 0.029167 0.021296
0 0.941667 0.438889 0.027083 0.020370
0 0.876042 0.509722 0.031250 0.021296
0 0.221354 0.643056 0.027083 0.023148
0 0.732292 0.535185 0.026042 0.020370
0 0.015104 0.243519 0.018750 0.053704
0 0.255469 0.607870 0.025521 0.023148
0 0.983854 0.438889 0.029167 0.022222
0 0.180729 0.640741 0.019792 0.024074
0 0.217969 0.603704 0.027604 0.024074
0 0.057552 0.106481 0.014063 0.051852
0 0.916927 0.510648 0.027604 0.021296
0 0.957031 0.475000 0.026562 0.020370
0 0.142969 0.638426 0.024479 0.025000
0 0.768750 0.537037 0.025000 0.020370
0 0.257292 0.676852 0.023958 0.020370
0 0.218750 0.673148 0.028125 0.022222
0 0.097917 0.636574 0.028125 0.023148
0 0.955208 0.511111 0.028125 0.018519
0 0.055729 0.637037 0.028125 0.022222
0 0.127604 0.603241 0.029167 0.025000
0 0.159115 0.673148 0.027604 0.022222
0 0.080990 0.603704 0.029687 0.024074
0 0.807552 0.542593 0.025521 0.022222
0 0.990365 0.513426 0.018229 0.021296
0 0.012500 0.632870 0.025000 0.021296
0 0.116406 0.671759 0.029687 0.025000
0 0.776823 0.576389 0.025521 0.023148
0 0.842969 0.541667 0.023438 0.018519
0 0.817969 0.577778 0.027604 0.024074
0 0.520833 0.055556 0.010417 0.046296
0 0.259115 0.574074 0.023438 0.018519
0 0.265885 0.534259 0.025521 0.020370
0 0.526563 0.218519 0.019792 0.062963
0 0.426563 0.764815 0.011458 0.057407
0 0.224740 0.570833 0.024479 0.021296
0 0.446354 0.102778 0.011458 0.042593
0 0.854167 0.579167 0.028125 0.023148
0 0.502865 0.037963 0.013021 0.050000
0 0.892708 0.581019 0.028125 0.023148
0 0.508073 0.298611 0.011979 0.050926
0 0.441927 0.555556 0.014063 0.055556
0 0.483073 0.270833 0.013021 0.050926
0 0.170052 0.604167 0.034896 0.026852
0 0.288281 0.712500 0.024479 0.019444
0 0.184375 0.569907 0.027083 0.023148
0 0.480729 0.474074 0.012500 0.053704
0 0.039062 0.602315 0.028125 0.021296
0 0.503385 0.445370 0.014063 0.059259
0 0.527604 0.883796 0.020833 0.063889
0 0.104167 0.506481 0.032292 0.046296
0 0.426042 0.505556 0.011458 0.055556
0 0.525000 0.618981 0.012500 0.050926
0 0.482812 0.613426 0.012500 0.050926
0 0.932813 0.580556 0.029167 0.022222
0 0.444531 0.325463 0.011979 0.052778
0 0.826823 0.392130 0.027604 0.017593
0 0.100260 0.440741 0.020313 0.050000
0 0.484115 0.988889 0.027604 0.022222
0 0.100260 0.709722 0.027604 0.023148
0 0.486719 0.843981 0.017188 0.058333
0 0.928125 0.400926 0.029167 0.020370
0 0.508333 0.750463 0.015625 0.026852
0 0.429948 0.048148 0.011979 0.051852
0 0.725781 0.336574 0.026562 0.013889
