0 0.044792 0.243981 0.013542 0.041667
0 0.476823 0.563426 0.024479 0.023148
0 0.519271 0.568519 0.027083 0.022222
0 0.568229 0.568981 0.026042 0.023148
0 0.258073 0.564352 0.024479 0.021296
0 0.265365 0.525000 0.025521 0.020370
0 0.224219 0.560648 0.023438 0.023148
0 0.602865 0.568519 0.025521 0.022222
0 0.145313 0.555093 0.026042 0.021296
0 0.642969 0.563426 0.023438 0.017593
0 0.184635 0.560648 0.025521 0.025000
0 0.683333 0.566667 0.028125 0.024074
0 0.722396 0.566204 0.025000 0.021296
0 0.227344 0.523611 0.026562 0.023148
0 0.430469 0.137500 0.011979 0.052778
0 0.448177 0.135185 0.011979 0.053704
0 0.431250 0.047685 0.013542 0.054630
0 0.450260 0.062963 0.017188 0.062963
0 0.182812 0.523148 0.031250 0.022222
0 0.105729 0.555093 0.027083 0.023148
0 0.465885 0.141204 0.016146 0.062037
0 0.468750 0.061574 0.017708 0.060185
0 0.348958 0.331944 0.029167 0.043519
0 0.008073 0.469907 0.016146 0.023148
0 0.033594 0.391204 0.028646 0.021296
0 0.066146 0.474074 0.028125 0.020370
0 0.109375 0.400463 0.029167 0.023148
0 0.165885 0.437500 0.026562 0.023148
0 0.570573 0.478241 0.025521 0.021296
0 0.149479 0.470833 0.027083 0.023148
0 0.248698 0.343519 0.026562 0.025926
0 0.162240 0.378241 0.027604 0.023148
0 0.929167 0.697222 0.027083 0.022222
0 0.212760 0.483796 0.026562 0.021296
0 0.248958 0.397685 0.028125 0.023148
0 0.269010 0.477778 0.025521 0.020370
0 0.991667 0.625000 0.016667 0.022222
0 0.273958 0.438889 0.027083 0.020370
0 0.350781 0.442593 0.026562 0.022222
0 0.389583 0.481944 0.026042 0.021296
0 0.329427 0.479167 0.026562 0.019444
0 0.877083 0.655093 0.028125 0.019444
0 0.848958 0.684722 0.025000 0.019444
0 0.892188 0.618056 0.023958 0.021296
0 0.346875 0.408796 0.026042 0.023148
0 0.814844 0.713426 0.027604 0.021296
0 0.098177 0.514815 0.026562 0.027778
0 0.819792 0.645833 0.026042 0.019444
0 0.441146 0.412500 0.026042 0.023148
0 0.440885 0.449074 0.025521 0.022222
0 0.609896 0.614352 0.027083 0.021296
0 0.632031 0.644444 0.026562 0.020370
0 0.716667 0.665741 0.027083 0.022222
0 0.553906 0.412500 0.025521 0.021296
0 0.451042 0.604630 0.023958 0.022222
0 0.545573 0.611111 0.026562 0.020370
0 0.444792 0.505093 0.027083 0.026852
0 0.503385 0.447222 0.026562 0.022222
0 0.391146 0.273611 0.021875 0.050926
0 0.576562 0.675463 0.029167 0.026852
0 0.495312 0.520370 0.028125 0.022222
0 0.553646 0.279630 0.029167 0.050000
0 0.629427 0.418056 0.025521 0.023148
0 0.342187 0.719444 0.031250 0.031481
0 0.423958 0.634722 0.026042 0.019444
0 0.507031 0.487037 0.026562 0.022222
0 0.417708 0.670833 0.026042 0.021296
0 0.775781 0.570370 0.026562 0.022222
0 0.564844 0.512500 0.029687 0.023148
0 0.702344 0.417130 0.026562 0.021296
0 0.603385 0.453241 0.025521 0.021296
0 0.363802 0.600926 0.023438 0.022222
0 0.408854 0.218519 0.019792 0.061111
0 0.315365 0.630556 0.028646 0.020370
0 0.678646 0.458333 0.026042 0.024074
0 0.676042 0.529630 0.028125 0.022222
0 0.297396 0.600463 0.022917 0.021296
0 0.673958 0.493519 0.022917 0.020370
0 0.775521 0.430556 0.027083 0.022222
0 0.047396 0.526389 0.028125 0.021296
0 0.917969 0.581019 0.028646 0.021296
0 0.242969 0.630093 0.023438 0.021296
0 0.778906 0.462037 0.025521 0.022222
0 0.745313 0.499074 0.025000 0.022222
0 0.837240 0.434259 0.027604 0.020370
0 0.172917 0.629630 0.023958 0.020370
0 0.413542 0.102778 0.015625 0.062963
0 0.006250 0.521759 0.012500 0.023148
0 0.885938 0.466667 0.027083 0.022222
0 0.066927 0.591204 0.030729 0.023148
0 0.940104 0.431944 0.084375 0.034259
0 0.899479 0.505556 0.028125 0.020370
0 0.976302 0.579167 0.026562 0.021296
0 0.062760 0.626389 0.027604 0.021296
0 0.994792 0.469907 0.007292 0.021296
0 0.934635 0.390278 0.026562 0.021296
0 0.102344 0.667593 0.074479 0.025926
0 0.005990 0.586574 0.006771 0.025000
0 0.364323 0.680556 0.036979 0.027778
