0 0.459896 0.128241 0.011458 0.050926
0 0.460417 0.061111 0.009375 0.053704
0 0.724479 0.483796 0.025000 0.021296
0 0.727865 0.448148 0.026562 0.024074
0 0.766667 0.484259 0.027083 0.022222
0 0.805208 0.482407 0.027083 0.022222
0 0.766667 0.450463 0.028125 0.021296
0 0.726562 0.515278 0.026042 0.023148
0 0.813281 0.451852 0.031771 0.025926
0 0.919271 0.416204 0.031250 0.021296
0 0.867448 0.448611 0.039062 0.025000
0 0.857031 0.482870 0.028646 0.023148
0 0.966927 0.414352 0.029687 0.021296
0 0.939063 0.482407 0.027083 0.022222
0 0.909896 0.451852 0.030208 0.022222
0 0.900521 0.482407 0.031250 0.022222
0 0.766667 0.521759 0.028125 0.023148
0 0.942708 0.451389 0.027083 0.021296
0 0.982031 0.450000 0.027604 0.020370
0 0.238021 0.638889 0.022917 0.020370
0 0.248958 0.528704 0.023958 0.022222
0 0.807552 0.517130 0.028646 0.021296
0 0.859375 0.517593 0.028125 0.022222
0 0.727604 0.557870 0.025000 0.019444
0 0.770833 0.557407 0.027083 0.020370
0 0.903906 0.518981 0.029687 0.021296
0 0.811979 0.555556 0.027083 0.022222
0 0.422656 0.656019 0.010937 0.049074
0 0.849479 0.556019 0.027083 0.021296
0 0.192969 0.638889 0.024479 0.022222
0 0.996875 0.410185 0.006250 0.020370
0 0.950000 0.517130 0.027083 0.021296
0 0.209115 0.528241 0.025521 0.021296
0 0.260417 0.603704 0.026042 0.022222
0 0.149479 0.640741 0.023958 0.024074
0 0.396875 0.838889 0.018750 0.055556
0 0.255990 0.671759 0.026562 0.019444
0 0.224219 0.606481 0.024479 0.022222
0 0.423177 0.116667 0.010937 0.048148
0 0.376823 0.726389 0.028646 0.037963
0 0.220052 0.672685 0.025521 0.019444
0 0.099740 0.640278 0.027604 0.021296
0 0.441406 0.836574 0.013021 0.056481
0 0.183073 0.604167 0.026562 0.021296
0 0.169010 0.534259 0.026562 0.022222
0 0.125521 0.603704 0.028125 0.022222
0 0.323177 0.706019 0.025521 0.019444
0 0.895312 0.555093 0.028125 0.023148
0 0.524219 0.237037 0.016146 0.048148
0 0.269792 0.700463 0.023958 0.017593
0 0.173698 0.674074 0.027604 0.020370
0 0.442448 0.611574 0.013021 0.058333
0 0.130208 0.675926 0.027083 0.022222
0 0.053646 0.639352 0.030208 0.021296
0 0.076823 0.605093 0.032813 0.023148
0 0.550260 0.304167 0.025521 0.045370
0 0.440104 0.333333 0.011458 0.046296
0 0.933333 0.739815 0.025000 0.022222
0 0.480990 0.021296 0.010937 0.042593
0 0.934896 0.553241 0.026042 0.021296
0 0.012500 0.638889 0.022917 0.018519
0 0.040885 0.604167 0.026562 0.023148
0 0.089844 0.670833 0.027604 0.021296
0 0.497917 0.139815 0.011458 0.050000
0 0.481250 0.148148 0.013542 0.053704
0 0.969271 0.555093 0.028125 0.021296
0 0.481771 0.302778 0.012500 0.053704
0 0.180729 0.710648 0.025000 0.021296
0 0.793750 0.685648 0.027083 0.023148
0 0.425260 0.932407 0.011979 0.055556
0 0.048177 0.673611 0.026562 0.021296
0 0.203385 0.568981 0.032813 0.021296
0 0.727865 0.692593 0.025521 0.022222
0 0.701562 0.374074 0.027083 0.022222
0 0.507812 0.423611 0.012500 0.052778
0 0.104427 0.512037 0.028646 0.037037
0 0.992188 0.517593 0.015625 0.020370
0 0.483854 0.480093 0.011458 0.050926
0 0.440885 0.447685 0.010937 0.052778
0 0.040365 0.258796 0.011979 0.036111
0 0.759896 0.371759 0.027083 0.023148
0 0.419271 0.471759 0.011458 0.050926
0 0.014583 0.674074 0.022917 0.018519
0 0.008594 0.607407 0.017188 0.020370
0 0.047396 0.532870 0.027083 0.019444
0 0.137760 0.569444 0.026562 0.020370
0 0.097135 0.710185 0.024479 0.022222
0 0.419010 0.332870 0.010937 0.056481
0 0.154427 0.452315 0.026562 0.050926
0 0.489323 0.763889 0.009896 0.051852
0 0.439323 0.225463 0.010937 0.047222
0 0.506250 0.632407 0.010417 0.055556
0 0.036458 0.709722 0.030208 0.021296
0 0.486979 0.955556 0.013542 0.057407
0 0.440885 0.066204 0.010937 0.056481
0 0.986198 0.376852 0.022396 0.018519
