0 0.404687 0.601389 0.029167 0.023148
0 0.817708 0.470370 0.028125 0.020370
0 0.809896 0.536574 0.028125 0.021296
0 0.757552 0.499074 0.024479 0.022222
0 0.641406 0.523148 0.026562 0.022222
0 0.294531 0.636574 0.027604 0.025000
0 0.201823 0.597222 0.025521 0.022222
0 0.865365 0.471296 0.031771 0.022222
0 0.851562 0.438426 0.030208 0.019444
0 0.385417 0.639815 0.028125 0.022222
0 0.864323 0.506019 0.028646 0.019444
0 0.135156 0.588889 0.024479 0.022222
0 0.685677 0.425000 0.026562 0.022222
0 0.902865 0.508796 0.024479 0.019444
0 0.694531 0.461574 0.029687 0.023148
0 0.260156 0.597222 0.026562 0.022222
0 0.742188 0.431019 0.026042 0.021296
0 0.714844 0.530556 0.026562 0.020370
0 0.822917 0.505556 0.030208 0.022222
0 0.764323 0.466667 0.027604 0.022222
0 0.673438 0.495370 0.027083 0.020370
0 0.943750 0.473148 0.030208 0.020370
0 0.946094 0.507407 0.029687 0.024074
0 0.908333 0.472222 0.031250 0.022222
0 0.857292 0.539815 0.028125 0.020370
0 0.808854 0.432870 0.029167 0.019444
0 0.353906 0.676389 0.025521 0.021296
0 0.984896 0.474537 0.028125 0.019444
0 0.083073 0.588426 0.027604 0.025000
0 0.906510 0.542593 0.027604 0.020370
0 0.265625 0.563889 0.023958 0.020370
0 0.216146 0.630556 0.028125 0.022222
0 0.041667 0.587500 0.026042 0.021296
0 0.949479 0.540278 0.025000 0.023148
0 0.232552 0.560648 0.025521 0.019444
0 0.989062 0.512037 0.020833 0.020370
0 0.700260 0.566667 0.026562 0.020370
0 0.126823 0.628704 0.023438 0.020370
0 0.754167 0.573611 0.026042 0.021296
0 0.986458 0.544444 0.023958 0.022222
0 0.195052 0.559259 0.026562 0.022222
0 0.008073 0.583796 0.015104 0.025000
0 0.058333 0.624074 0.028125 0.022222
0 0.815104 0.574537 0.027083 0.021296
0 0.282552 0.668056 0.025521 0.021296
0 0.016146 0.624537 0.027083 0.021296
0 0.856771 0.574074 0.028125 0.022222
0 0.226302 0.662037 0.025521 0.020370
0 0.266927 0.526389 0.025521 0.017593
0 0.905469 0.577315 0.032813 0.025000
0 0.157812 0.661574 0.027083 0.023148
0 0.224479 0.523148 0.027083 0.020370
0 0.945833 0.580093 0.027083 0.025000
0 0.103906 0.660648 0.027604 0.023148
0 0.154167 0.554630 0.026042 0.022222
0 0.058333 0.656481 0.027083 0.020370
0 0.182812 0.521296 0.028125 0.022222
0 0.116927 0.553704 0.026562 0.020370
0 0.434375 0.142130 0.013542 0.054630
0 0.139583 0.521759 0.025000 0.019444
0 0.011979 0.657870 0.022917 0.019444
0 0.451823 0.059259 0.010937 0.051852
0 0.607812 0.966204 0.035417 0.056481
0 0.097917 0.522222 0.022917 0.018519
0 0.434635 0.062963 0.010937 0.050000
0 0.074479 0.553241 0.028125 0.021296
0 0.058854 0.518981 0.027083 0.019444
0 0.017708 0.510648 0.027083 0.021296
0 0.039583 0.549074 0.023958 0.020370
0 0.190365 0.216204 0.009896 0.052778
0 0.003125 0.548148 0.006250 0.024074
0 0.095052 0.407870 0.025521 0.019444
0 0.057813 0.446296 0.027083 0.022222
0 0.347656 0.718056 0.025521 0.028704
0 0.138021 0.455556 0.027083 0.022222
0 0.661979 0.375000 0.027083 0.027778
0 0.395833 0.279167 0.021875 0.045370
0 0.468750 0.121296 0.011458 0.046296
0 0.416667 0.223148 0.009375 0.046296
1 0.752604 0.391204 0.088542 0.030556
1 0.856771 0.698611 0.057292 0.034259
0 0.415365 0.116667 0.011979 0.059259
1 0.752865 0.387963 0.059896 0.033333
0 0.031250 0.692593 0.025000 0.022222
