0 0.261719 0.597685 0.027604 0.021296
0 0.820573 0.471759 0.025521 0.019444
0 0.821354 0.537500 0.026042 0.019444
0 0.784635 0.501852 0.025521 0.020370
0 0.733333 0.536111 0.026042 0.018519
0 0.227344 0.635185 0.028646 0.024074
0 0.173177 0.598611 0.025521 0.021296
0 0.866406 0.471759 0.026562 0.019444
0 0.853906 0.438889 0.026562 0.016667
0 0.267969 0.633796 0.026562 0.021296
0 0.865365 0.506944 0.025521 0.017593
0 0.132552 0.590278 0.023438 0.019444
0 0.738802 0.428241 0.025521 0.021296
0 0.906250 0.510185 0.022917 0.016667
0 0.739844 0.464815 0.027604 0.020370
0 0.211719 0.594907 0.026562 0.023148
0 0.777865 0.431019 0.022396 0.019444
0 0.773698 0.537037 0.025521 0.016667
0 0.823438 0.506019 0.027083 0.021296
0 0.776302 0.468056 0.024479 0.019444
0 0.737760 0.502315 0.027604 0.019444
0 0.467708 0.159722 0.012500 0.056481
0 0.945052 0.474074 0.026562 0.018519
0 0.949479 0.507870 0.027083 0.019444
0 0.909115 0.473148 0.026562 0.020370
0 0.863281 0.541667 0.029687 0.022222
0 0.470573 0.068519 0.014063 0.053704
0 0.817448 0.434722 0.026562 0.019444
0 0.265625 0.668981 0.022917 0.019444
0 0.985677 0.474537 0.026562 0.019444
0 0.082812 0.590741 0.027083 0.024074
0 0.906771 0.543519 0.025000 0.018519
0 0.265365 0.565741 0.024479 0.020370
0 0.175260 0.630556 0.027604 0.022222
0 0.040625 0.589352 0.026042 0.019444
0 0.950521 0.541667 0.022917 0.020370
0 0.232813 0.562037 0.026042 0.018519
0 0.989844 0.513426 0.019271 0.019444
0 0.741927 0.569907 0.025521 0.019444
0 0.119792 0.629167 0.023958 0.019444
0 0.776823 0.575463 0.022396 0.019444
0 0.987500 0.544444 0.022917 0.020370
0 0.195052 0.560648 0.024479 0.019444
0 0.048698 0.244444 0.013021 0.037037
0 0.002604 0.586111 0.005208 0.022222
0 0.058073 0.624537 0.028646 0.021296
0 0.818750 0.575000 0.025000 0.020370
0 0.223958 0.665741 0.026042 0.020370
0 0.013542 0.624074 0.023958 0.020370
0 0.858333 0.574537 0.028125 0.021296
0 0.182812 0.663426 0.026042 0.023148
0 0.266927 0.527778 0.025521 0.018519
0 0.909635 0.579630 0.034896 0.022222
0 0.143490 0.662963 0.026562 0.022222
0 0.224740 0.525000 0.026562 0.018519
0 0.947396 0.581019 0.026042 0.021296
0 0.482552 0.662037 0.011979 0.046296
0 0.101302 0.663426 0.027604 0.021296
0 0.153906 0.556019 0.025521 0.021296
0 0.060677 0.095833 0.014063 0.056481
0 0.980469 0.582407 0.024479 0.018519
0 0.058073 0.657407 0.028646 0.022222
0 0.525260 0.096296 0.011979 0.053704
0 0.489323 0.533796 0.011979 0.049074
0 0.389844 0.293519 0.021354 0.053704
0 0.182812 0.524074 0.027083 0.020370
0 0.540365 0.275926 0.024479 0.051852
0 0.116667 0.554630 0.026042 0.018519
0 0.507552 0.108333 0.008854 0.037037
0 0.518490 0.205556 0.009896 0.046296
0 0.492188 0.074537 0.013542 0.058333
0 0.434375 0.142593 0.013542 0.059259
0 0.139583 0.522685 0.025000 0.019444
0 0.483594 0.226852 0.011979 0.055556
0 0.012240 0.658796 0.024479 0.021296
0 0.639583 0.388889 0.023958 0.022222
0 0.487240 0.385185 0.010937 0.055556
0 0.230469 0.357407 0.026562 0.022222
0 0.452344 0.061111 0.011979 0.051852
0 0.982031 0.442130 0.028646 0.013889
0 0.510938 0.745833 0.014583 0.026852
0 0.298438 0.384722 0.032292 0.039815
0 0.279687 0.700463 0.025000 0.019444
0 0.086719 0.523148 0.024479 0.018519
0 0.736458 0.396296 0.026042 0.020370
0 0.434635 0.063889 0.013021 0.053704
0 0.537760 0.862500 0.024479 0.052778
0 0.506250 0.649537 0.011458 0.054630
0 0.457292 0.830556 0.012500 0.042593
0 0.175000 0.700000 0.023958 0.020370
0 0.498177 0.161574 0.011979 0.049074
0 0.060417 0.552778 0.026042 0.018519
0 0.863802 0.394907 0.027604 0.019444
0 0.414323 0.114352 0.010937 0.050926
1 0.124219 0.378241 0.084896 0.032407
