0 0.418750 0.711111 0.012500 0.051852
0 0.447656 0.183796 0.011979 0.050926
0 0.609375 0.966204 0.034375 0.056481
0 0.466406 0.043519 0.010937 0.051852
0 0.429167 0.155556 0.010417 0.044444
0 0.466406 0.120833 0.011979 0.050926
0 0.197656 0.327315 0.031771 0.025000
0 0.428125 0.249537 0.012500 0.049074
0 0.866146 0.500463 0.027083 0.023148
0 0.775260 0.462500 0.026562 0.021296
0 0.732552 0.424074 0.026562 0.020370
0 0.735938 0.458796 0.023958 0.019444
0 0.741146 0.496296 0.028125 0.020370
0 0.728646 0.530093 0.023958 0.019444
0 0.783333 0.497685 0.026042 0.019444
0 0.775000 0.427315 0.026042 0.021296
0 0.825000 0.464815 0.027083 0.024074
0 0.872396 0.464352 0.027083 0.023148
0 0.819010 0.427778 0.026562 0.020370
0 0.915104 0.468981 0.029167 0.023148
0 0.822135 0.498148 0.026562 0.020370
0 0.861458 0.434722 0.027083 0.019444
0 0.769792 0.531019 0.027083 0.019444
0 0.906510 0.432870 0.030729 0.023148
0 0.962500 0.470370 0.029167 0.022222
0 0.906510 0.502778 0.026562 0.022222
0 0.945312 0.435185 0.028125 0.020370
0 0.961458 0.501852 0.028125 0.022222
0 0.807813 0.533333 0.022917 0.020370
0 0.255208 0.635185 0.023958 0.022222
0 0.852865 0.533796 0.025521 0.021296
0 0.069010 0.343519 0.026562 0.024074
0 0.985938 0.429630 0.026042 0.024074
0 0.522656 0.154167 0.018229 0.054630
0 0.893490 0.537037 0.026562 0.020370
0 0.261979 0.525000 0.025000 0.020370
0 0.489323 0.109722 0.011979 0.054630
0 0.507031 0.203241 0.022396 0.058333
0 0.219010 0.525926 0.027604 0.022222
0 0.729948 0.568519 0.027604 0.022222
0 0.260156 0.599074 0.025521 0.022222
0 0.258073 0.565741 0.028646 0.024074
0 0.544271 0.302778 0.029167 0.044444
0 0.938542 0.538426 0.029167 0.023148
0 0.764323 0.567593 0.023438 0.020370
0 0.450260 0.058333 0.011979 0.055556
0 0.095833 0.406944 0.028125 0.028704
0 0.108073 0.361574 0.025521 0.019444
0 0.590625 0.353241 0.028125 0.036111
0 0.997135 0.506019 0.005729 0.019444
0 0.982552 0.538426 0.026562 0.019444
0 0.808854 0.570833 0.026042 0.023148
0 0.106250 0.525926 0.026042 0.020370
0 0.844531 0.568981 0.022396 0.021296
0 0.125521 0.468981 0.021875 0.052778
0 0.713281 0.388426 0.026562 0.021296
0 0.435156 0.435648 0.013021 0.060185
0 0.502344 0.789352 0.013021 0.052778
0 0.192188 0.709259 0.026042 0.022222
0 0.179427 0.629630 0.024479 0.022222
0 0.031250 0.523611 0.028125 0.021296
0 0.488802 0.864352 0.013021 0.065741
0 0.997396 0.470370 0.005208 0.018519
0 0.121875 0.702315 0.026042 0.025000
0 0.961719 0.575000 0.025521 0.020370
