0 0.184375 0.236574 0.012500 0.052778
0 0.106250 0.268981 0.012500 0.058333
0 0.007031 0.144907 0.011979 0.039815
0 0.422917 0.978704 0.012500 0.042593
0 0.510677 0.793519 0.026562 0.050000
0 0.509896 0.152315 0.013542 0.052778
0 0.523438 0.706944 0.028125 0.045370
0 0.496875 0.297222 0.015625 0.057407
0 0.609635 0.613426 0.031771 0.036111
0 0.483854 0.386574 0.023958 0.060185
0 0.676042 0.569907 0.028125 0.023148
0 0.758854 0.567593 0.026042 0.024074
0 0.445052 0.482870 0.028646 0.039815
0 0.427604 0.137500 0.013542 0.054630
0 0.485677 0.178241 0.015104 0.062037
0 0.443229 0.138426 0.011458 0.052778
0 0.427604 0.062037 0.012500 0.051852
0 0.442708 0.068519 0.010417 0.048148
0 0.463021 0.165278 0.013542 0.056481
0 0.035937 0.125463 0.011458 0.049074
0 0.102344 0.528704 0.031771 0.035185
0 0.061458 0.390741 0.025000 0.022222
0 0.043229 0.547222 0.032292 0.022222
0 0.736979 0.458796 0.022917 0.019444
0 0.734115 0.426852 0.025521 0.020370
0 0.783854 0.421296 0.028125 0.024074
0 0.772656 0.460185 0.025521 0.022222
0 0.821094 0.423611 0.027604 0.023148
0 0.809896 0.458333 0.027083 0.020370
0 0.850781 0.458333 0.028646 0.022222
0 0.735938 0.493981 0.026042 0.021296
0 0.866146 0.422222 0.026042 0.020370
0 0.041406 0.271759 0.013021 0.043519
0 0.778646 0.494907 0.026042 0.023148
0 0.915885 0.425000 0.028646 0.022222
0 0.895312 0.460648 0.025000 0.019444
0 0.732031 0.528241 0.027604 0.021296
0 0.262240 0.651389 0.028646 0.023148
0 0.935156 0.458333 0.024479 0.018519
0 0.953125 0.427315 0.025000 0.021296
0 0.259635 0.616667 0.030729 0.025926
0 0.221615 0.650000 0.028646 0.022222
0 0.273177 0.683796 0.026562 0.021296
0 0.208073 0.615741 0.029687 0.025926
0 0.241146 0.683333 0.026042 0.020370
0 0.978906 0.458333 0.029687 0.022222
0 0.820833 0.495370 0.028125 0.024074
0 0.779427 0.529630 0.025521 0.022222
0 0.120833 0.649537 0.026042 0.021296
0 0.166667 0.652315 0.028125 0.023148
0 0.119010 0.615741 0.026562 0.022222
0 0.158073 0.615278 0.027604 0.023148
0 0.195833 0.689352 0.028125 0.025000
0 0.081510 0.613426 0.025521 0.021296
0 0.988802 0.426389 0.021354 0.019444
0 0.863281 0.496296 0.031771 0.024074
0 0.341146 0.366667 0.027083 0.037037
0 0.423958 0.448611 0.029167 0.045370
0 0.082812 0.648611 0.030208 0.023148
0 0.151302 0.686111 0.027604 0.022222
0 0.100260 0.422222 0.025521 0.044444
0 0.906250 0.495370 0.027083 0.024074
0 0.045833 0.614815 0.023958 0.022222
0 0.377604 0.294907 0.025000 0.050926
0 0.396094 0.524074 0.026562 0.035185
0 0.109375 0.686111 0.029167 0.024074
0 0.014323 0.614815 0.023438 0.020370
0 0.037240 0.652315 0.028646 0.025000
0 0.822917 0.530093 0.029167 0.023148
0 0.127865 0.203241 0.015104 0.047222
0 0.952865 0.496296 0.029687 0.024074
0 0.623177 0.372685 0.026562 0.028704
0 0.326302 0.556481 0.033854 0.035185
0 0.820833 0.566204 0.028125 0.023148
0 0.069010 0.685185 0.027604 0.022222
0 0.408073 0.190741 0.011979 0.055556
0 0.738021 0.387963 0.023958 0.018519
0 0.002865 0.649537 0.005729 0.023148
0 0.986458 0.496296 0.021875 0.022222
0 0.227344 0.724074 0.028646 0.024074
0 0.028906 0.685648 0.025521 0.023148
0 0.212760 0.581944 0.028646 0.023148
0 0.882812 0.391204 0.026042 0.023148
0 0.904167 0.564815 0.033333 0.025926
0 0.406510 0.023611 0.014063 0.047222
