0 0.442969 0.556944 0.010937 0.050926
0 0.464062 0.122222 0.011458 0.050000
0 0.195052 0.328704 0.038021 0.027778
0 0.862500 0.497685 0.026042 0.023148
0 0.771875 0.460648 0.026042 0.019444
0 0.728906 0.422685 0.025521 0.019444
0 0.732292 0.456481 0.023958 0.020370
0 0.736719 0.493519 0.027604 0.020370
0 0.725521 0.527315 0.023958 0.021296
0 0.780208 0.495833 0.023958 0.019444
0 0.770833 0.425463 0.026042 0.023148
0 0.821094 0.462037 0.026562 0.024074
0 0.867188 0.461574 0.032292 0.025000
0 0.814323 0.425000 0.024479 0.020370
0 0.910677 0.466204 0.027604 0.023148
0 0.818229 0.497222 0.025000 0.020370
0 0.857812 0.431481 0.025000 0.020370
0 0.766927 0.528241 0.027604 0.021296
0 0.900781 0.430093 0.029687 0.021296
0 0.957292 0.468056 0.030208 0.023148
0 0.901823 0.500000 0.026562 0.020370
0 0.940104 0.431944 0.028125 0.019444
0 0.955729 0.500000 0.030208 0.024074
0 0.804167 0.529630 0.020833 0.018519
0 0.253646 0.633333 0.026042 0.022222
0 0.847656 0.530556 0.025521 0.022222
0 0.890104 0.533796 0.027083 0.021296
0 0.260417 0.524537 0.022917 0.019444
0 0.216146 0.526389 0.028125 0.025000
0 0.725521 0.567130 0.026042 0.021296
0 0.258854 0.597222 0.026042 0.024074
0 0.256250 0.564352 0.028125 0.023148
0 0.933333 0.535185 0.037500 0.024074
0 0.759896 0.566204 0.023958 0.021296
0 0.994792 0.503241 0.010417 0.019444
0 0.977604 0.534722 0.025000 0.021296
0 0.799479 0.568056 0.025000 0.023148
0 0.181250 0.527315 0.027083 0.025000
0 0.829427 0.566204 0.021354 0.021296
0 0.507812 0.273148 0.010417 0.044444
0 0.441927 0.685648 0.011979 0.054630
0 0.214583 0.632407 0.025000 0.022222
0 0.143490 0.529167 0.029687 0.025000
0 0.428125 0.149074 0.011458 0.048148
0 0.863021 0.573611 0.026042 0.019444
0 0.995313 0.466667 0.008333 0.020370
0 0.899219 0.571296 0.026562 0.022222
0 0.515104 0.137500 0.014583 0.050926
0 0.170052 0.633333 0.028646 0.024074
0 0.334635 0.713889 0.026562 0.024074
0 0.932813 0.570370 0.026042 0.022222
0 0.848177 0.641204 0.025521 0.019444
0 0.129948 0.633796 0.027604 0.025000
0 0.218750 0.597685 0.029167 0.025000
0 0.443229 0.441204 0.012500 0.054630
0 0.171094 0.597222 0.032813 0.025926
0 0.300781 0.705093 0.024479 0.017593
0 0.100521 0.525000 0.031250 0.025926
0 0.085938 0.629630 0.030208 0.024074
0 0.527344 0.219444 0.021354 0.055556
0 0.439323 0.848148 0.014063 0.055556
0 0.971615 0.569444 0.026562 0.022222
0 0.415625 0.791204 0.010417 0.052778
0 0.044010 0.627315 0.027604 0.023148
0 0.509896 0.354167 0.011458 0.052778
0 0.058854 0.524074 0.029167 0.024074
0 0.750781 0.703704 0.022396 0.018519
0 0.488802 0.174074 0.011979 0.050000
0 0.419792 0.676389 0.011458 0.050926
0 0.581250 0.340741 0.025000 0.033333
0 0.227865 0.377778 0.025521 0.024074
0 0.506771 0.740741 0.013542 0.025926
0 0.500781 0.454167 0.011979 0.062037
0 0.125000 0.596759 0.026042 0.025000
0 0.704948 0.390741 0.027604 0.022222
0 0.479687 0.477315 0.011458 0.052778
0 0.422135 0.550000 0.015104 0.051852
0 0.421094 0.394907 0.010937 0.054630
0 0.441927 0.372685 0.009896 0.039815
0 0.385156 0.745833 0.011979 0.037963
0 0.440365 0.272222 0.011979 0.057407
0 0.484635 0.860185 0.010937 0.042593
0 0.463281 0.045833 0.010937 0.054630
0 0.510677 0.953704 0.013021 0.038889
0 0.911979 0.390741 0.026042 0.016667
0 0.443229 0.048611 0.012500 0.047222
0 0.425781 0.033333 0.014063 0.051852
