0 0.033854 0.439815 0.028125 0.018519
0 0.220052 0.438889 0.027604 0.020370
0 0.007292 0.464352 0.014583 0.019444
0 0.267448 0.562963 0.023438 0.018519
0 0.901042 0.626852 0.029167 0.020370
0 0.088802 0.468056 0.023438 0.019444
0 0.233073 0.559722 0.025521 0.017593
0 0.109115 0.440741 0.027604 0.022222
0 0.608854 0.568981 0.028125 0.025000
0 0.984896 0.647685 0.029167 0.017593
0 0.642969 0.569444 0.024479 0.025926
0 0.204167 0.476852 0.028125 0.020370
0 0.195833 0.559722 0.025000 0.019444
0 0.049219 0.243981 0.011979 0.036111
0 0.772917 0.618981 0.028125 0.023148
0 0.919271 0.665741 0.030208 0.020370
0 0.684375 0.567130 0.028125 0.023148
0 0.848437 0.654167 0.027083 0.021296
0 0.722396 0.568056 0.027083 0.023148
0 0.267448 0.526389 0.025521 0.017593
0 0.369010 0.434259 0.025521 0.020370
0 0.225781 0.522685 0.025521 0.019444
0 0.813542 0.576389 0.025000 0.023148
0 0.154167 0.554630 0.027083 0.020370
0 0.850000 0.575000 0.021875 0.022222
0 0.183594 0.521759 0.027604 0.019444
0 0.117188 0.554167 0.027083 0.021296
0 0.434635 0.140741 0.011979 0.053704
0 0.139844 0.520833 0.026562 0.017593
0 0.452865 0.057870 0.013021 0.052778
0 0.608073 0.967593 0.035937 0.053704
0 0.123958 0.410648 0.022917 0.019444
0 0.098437 0.521759 0.025000 0.015741
0 0.074740 0.552778 0.029687 0.022222
0 0.058854 0.518981 0.028125 0.019444
0 0.018490 0.511574 0.028646 0.021296
0 0.040365 0.548611 0.025521 0.021296
0 0.005208 0.549074 0.010417 0.024074
0 0.469271 0.122685 0.012500 0.047222
0 0.244792 0.332407 0.028125 0.022222
0 0.768750 0.573611 0.027083 0.023148
0 0.717969 0.653241 0.025521 0.021296
0 0.250781 0.410648 0.024479 0.019444
0 0.319792 0.358796 0.025000 0.025000
0 0.305469 0.406019 0.027604 0.023148
0 0.266667 0.463889 0.026042 0.022222
0 0.975260 0.699074 0.025521 0.022222
0 0.697656 0.616204 0.024479 0.019444
0 0.435156 0.062963 0.015104 0.051852
0 0.363281 0.495370 0.023438 0.018519
0 0.430729 0.441204 0.025000 0.021296
0 0.628906 0.646296 0.028646 0.022222
0 0.823438 0.692593 0.027083 0.022222
0 0.483073 0.445833 0.025521 0.023148
0 0.587760 0.611111 0.024479 0.020370
0 0.357812 0.462963 0.027083 0.018519
0 0.427083 0.496759 0.027083 0.023148
0 0.380208 0.400463 0.027083 0.023148
0 0.462760 0.475463 0.026562 0.021296
0 0.890365 0.578241 0.033854 0.025000
0 0.695573 0.687963 0.023438 0.020370
0 0.517448 0.607407 0.027604 0.022222
0 0.534375 0.644907 0.027083 0.023148
0 0.461719 0.408333 0.024479 0.020370
0 0.505729 0.512037 0.027083 0.022222
0 0.583073 0.683333 0.030729 0.024074
0 0.995052 0.595370 0.008854 0.018519
0 0.315365 0.325926 0.022396 0.025926
0 0.533073 0.418056 0.026562 0.021296
0 0.441667 0.641204 0.025000 0.021296
0 0.375521 0.602315 0.026042 0.021296
0 0.519271 0.169907 0.018750 0.052778
0 0.659115 0.458796 0.026562 0.023148
0 0.833854 0.471759 0.026042 0.023148
0 0.728125 0.534722 0.026042 0.025000
0 0.576302 0.518981 0.027604 0.021296
0 0.607292 0.488889 0.019792 0.020370
0 0.591406 0.412037 0.025521 0.024074
0 0.437760 0.680093 0.026562 0.023148
0 0.756771 0.458333 0.026042 0.022222
0 0.350781 0.635648 0.027604 0.021296
0 0.687500 0.494907 0.040625 0.017593
0 0.290104 0.598148 0.025000 0.018519
0 0.914062 0.435648 0.029167 0.023148
0 0.758333 0.500000 0.030208 0.025926
0 0.254948 0.631019 0.022396 0.021296
0 0.713542 0.391204 0.025000 0.019444
0 0.279167 0.671759 0.029167 0.021296
0 0.191667 0.596759 0.027083 0.021296
0 0.855729 0.539815 0.027083 0.022222
0 0.817187 0.394907 0.029167 0.023148
0 0.871615 0.507870 0.027604 0.025000
0 0.119792 0.631944 0.029167 0.023148
0 0.955990 0.541667 0.027604 0.024074
0 0.900781 0.470370 0.026562 0.022222
0 0.889323 0.396296 0.029687 0.022222
0 0.061198 0.588426 0.024479 0.023148
0 0.040885 0.620370 0.022396 0.018519
0 0.041146 0.659259 0.023958 0.020370
