0 0.182552 0.241204 0.011979 0.052778
0 0.103906 0.274074 0.015104 0.057407
0 0.758073 0.497222 0.022396 0.018519
0 0.145052 0.696759 0.028646 0.023148
0 0.433854 0.503241 0.023958 0.021296
0 0.127865 0.625000 0.030729 0.022222
0 0.339844 0.459722 0.027604 0.023148
0 0.518750 0.430556 0.027083 0.020370
0 0.589583 0.461574 0.025000 0.021296
0 0.595833 0.426852 0.023958 0.022222
0 0.219531 0.488889 0.027604 0.022222
0 0.570833 0.493519 0.026042 0.018519
0 0.682552 0.455556 0.026562 0.022222
0 0.675000 0.495370 0.029167 0.022222
0 0.715365 0.425000 0.027604 0.020370
0 0.004687 0.149537 0.009375 0.037963
0 0.771615 0.459259 0.025521 0.022222
0 0.510417 0.692130 0.025000 0.021296
0 0.907813 0.460185 0.027083 0.022222
0 0.800521 0.424537 0.026042 0.019444
0 0.397917 0.619907 0.027083 0.021296
0 0.387240 0.692130 0.024479 0.021296
0 0.480729 0.620833 0.028125 0.019444
0 0.590885 0.654630 0.026562 0.022222
0 0.327083 0.620833 0.026042 0.019444
0 0.452604 0.655093 0.026042 0.019444
0 0.966146 0.457870 0.030208 0.021296
0 0.529948 0.522685 0.025521 0.021296
0 0.853385 0.425000 0.019271 0.018519
0 0.878385 0.499074 0.027604 0.022222
0 0.345052 0.657407 0.031771 0.024074
0 0.303125 0.688889 0.023958 0.020370
0 0.912240 0.425000 0.027604 0.020370
0 0.225521 0.623611 0.025000 0.021296
0 0.225781 0.660185 0.025521 0.022222
0 0.242448 0.694444 0.025521 0.020370
0 0.032292 0.661574 0.027083 0.019444
0 0.108854 0.658796 0.029167 0.021296
0 0.600781 0.526852 0.025521 0.020370
0 0.953125 0.497685 0.027083 0.021296
0 0.661198 0.530093 0.023438 0.017593
0 0.733854 0.568056 0.028125 0.021296
0 0.262240 0.548148 0.025521 0.018519
0 0.053906 0.621759 0.026562 0.021296
0 0.252083 0.587500 0.026042 0.023148
0 0.780469 0.569907 0.027604 0.021296
0 0.070833 0.695833 0.035417 0.023148
0 0.813021 0.527778 0.027083 0.018519
0 0.005208 0.624537 0.009375 0.025000
0 0.220833 0.552315 0.028125 0.021296
0 0.906510 0.532870 0.028646 0.021296
0 0.211979 0.586111 0.026042 0.022222
0 0.012240 0.693056 0.019271 0.019444
0 0.171875 0.586111 0.026042 0.020370
0 0.958594 0.530556 0.028646 0.020370
0 0.821354 0.570370 0.026042 0.020370
0 0.128125 0.589815 0.028125 0.022222
0 0.863021 0.568981 0.028125 0.023148
0 0.088281 0.589352 0.027604 0.023148
0 0.904948 0.568056 0.027604 0.023148
0 0.176563 0.552778 0.025000 0.020370
0 0.046094 0.592130 0.032813 0.025000
0 0.942969 0.569444 0.028646 0.022222
0 0.132292 0.550926 0.026042 0.020370
0 0.976823 0.568519 0.026562 0.020370
0 0.008333 0.590278 0.015625 0.025000
0 0.427344 0.139815 0.013021 0.050000
0 0.080729 0.552315 0.030208 0.025000
0 0.039844 0.556019 0.028646 0.023148
0 0.443750 0.141204 0.011458 0.049074
0 0.427344 0.055093 0.011979 0.050926
0 0.443229 0.070833 0.009375 0.045370
0 0.007031 0.555093 0.014063 0.025000
0 0.955469 0.755556 0.024479 0.020370
0 0.971094 0.424537 0.026562 0.019444
0 0.034115 0.435648 0.027604 0.023148
0 0.334896 0.730556 0.023958 0.022222
0 0.463802 0.168056 0.011979 0.050926
2 0.426823 0.413426 0.070312 0.032407
0 0.702083 0.395370 0.025000 0.020370
0 0.406510 0.192130 0.009896 0.047222
0 0.823438 0.388889 0.028125 0.020370
0 0.905729 0.386111 0.030208 0.022222
0 0.992708 0.494444 0.013542 0.024074
0 0.101823 0.730093 0.027604 0.021296
