0 0.262240 0.597685 0.028646 0.023148
0 0.823438 0.472222 0.029167 0.022222
0 0.822656 0.537500 0.027604 0.023148
0 0.785937 0.501389 0.026042 0.023148
0 0.734375 0.535648 0.025000 0.017593
0 0.227604 0.634259 0.028125 0.025926
0 0.173958 0.597685 0.025000 0.023148
0 0.866927 0.472222 0.035937 0.024074
0 0.855990 0.440278 0.026562 0.021296
0 0.268490 0.632870 0.027604 0.023148
0 0.865885 0.506944 0.026562 0.021296
0 0.133333 0.590741 0.025000 0.022222
0 0.740104 0.426852 0.027083 0.022222
0 0.907292 0.510648 0.025000 0.019444
0 0.740625 0.463426 0.028125 0.021296
0 0.211979 0.595370 0.027083 0.024074
0 0.779167 0.430556 0.023958 0.022222
0 0.775000 0.537037 0.026042 0.018519
0 0.824479 0.506019 0.028125 0.023148
0 0.777604 0.467593 0.026042 0.022222
0 0.738542 0.502315 0.027083 0.019444
0 0.469271 0.143519 0.014583 0.059259
0 0.946094 0.474537 0.030729 0.023148
0 0.952344 0.508796 0.028646 0.021296
0 0.910156 0.473611 0.029687 0.023148
0 0.864583 0.542130 0.029167 0.025000
0 0.471615 0.062963 0.014063 0.061111
0 0.820573 0.435185 0.031771 0.024074
0 0.266406 0.668056 0.023438 0.021296
0 0.082812 0.589352 0.027083 0.025000
0 0.909635 0.544444 0.025521 0.020370
0 0.265885 0.564352 0.024479 0.021296
0 0.175781 0.629630 0.028646 0.024074
0 0.041146 0.587963 0.027083 0.022222
0 0.952344 0.541667 0.025521 0.022222
0 0.233073 0.560648 0.025521 0.019444
0 0.989844 0.512963 0.019271 0.022222
0 0.742708 0.570370 0.027083 0.022222
0 0.120313 0.628704 0.023958 0.022222
0 0.777865 0.575463 0.024479 0.023148
0 0.988281 0.545833 0.021354 0.021296
0 0.194792 0.560648 0.025000 0.021296
0 0.048698 0.244444 0.013021 0.038889
0 0.002865 0.584722 0.005729 0.023148
0 0.059115 0.624537 0.028646 0.021296
0 0.820312 0.575926 0.027083 0.024074
0 0.224479 0.664815 0.026042 0.022222
0 0.013802 0.624074 0.024479 0.022222
0 0.859375 0.575463 0.030208 0.025000
0 0.183073 0.662963 0.026562 0.024074
0 0.267708 0.528241 0.025000 0.019444
0 0.910677 0.581481 0.031771 0.022222
0 0.143490 0.662500 0.027604 0.026852
0 0.225000 0.524537 0.026042 0.021296
0 0.948177 0.581481 0.026562 0.022222
0 0.429688 0.972222 0.013542 0.053704
0 0.101562 0.662963 0.027083 0.024074
0 0.441146 0.837037 0.013542 0.064815
0 0.518490 0.147685 0.022396 0.052778
0 0.154167 0.555556 0.026042 0.022222
0 0.046615 0.099537 0.009896 0.047222
0 0.548177 0.292593 0.027604 0.050000
0 0.497396 0.464815 0.011458 0.055556
0 0.057031 0.656944 0.028646 0.023148
0 0.575781 0.349074 0.035937 0.038889
0 0.514323 0.023148 0.009896 0.046296
0 0.402604 0.987500 0.008333 0.025000
0 0.495052 0.085648 0.010937 0.043519
0 0.511198 0.261574 0.010937 0.045370
0 0.377865 0.763889 0.027604 0.044444
0 0.183333 0.522685 0.027083 0.023148
0 0.491927 0.222222 0.011979 0.050000
0 0.899219 0.694907 0.026562 0.023148
0 0.414323 0.829630 0.017188 0.057407
0 0.619010 0.381944 0.029687 0.028704
0 0.503906 0.364352 0.011979 0.054630
0 0.116927 0.554630 0.025521 0.020370
0 0.445052 0.689352 0.014063 0.054630
0 0.418229 0.679630 0.012500 0.046296
0 0.514062 0.507407 0.011458 0.055556
0 0.515625 0.592130 0.010417 0.049074
0 0.489844 0.562037 0.011979 0.051852
0 0.434635 0.140741 0.010937 0.053704
0 0.504427 0.658333 0.011979 0.057407
0 0.132552 0.520833 0.025521 0.019444
0 0.485677 0.670833 0.011979 0.056481
0 0.071875 0.519444 0.028125 0.022222
0 0.012240 0.658333 0.024479 0.022222
0 0.897135 0.396759 0.028646 0.019444
0 0.732292 0.333796 0.026042 0.013889
0 0.413802 0.082407 0.010937 0.053704
0 0.453385 0.025463 0.015104 0.050926
0 0.609896 0.966204 0.034375 0.060185
0 0.983073 0.443981 0.031771 0.019444
