0 0.184635 0.238889 0.013021 0.051852
0 0.107292 0.273611 0.016667 0.058333
0 0.007031 0.149074 0.011979 0.038889
0 0.733073 0.570370 0.025521 0.020370
0 0.468490 0.483333 0.013021 0.055556
0 0.053385 0.125926 0.017188 0.059259
0 0.735938 0.460648 0.023958 0.023148
0 0.733333 0.430093 0.026042 0.021296
0 0.783073 0.424074 0.026562 0.022222
0 0.772396 0.462500 0.026042 0.023148
0 0.821354 0.426389 0.028125 0.021296
0 0.810156 0.461574 0.026562 0.023148
0 0.850260 0.461574 0.028646 0.023148
0 0.735156 0.496296 0.025521 0.020370
0 0.865885 0.424537 0.025521 0.019444
0 0.778385 0.497222 0.024479 0.020370
0 0.915365 0.428241 0.027604 0.019444
0 0.893750 0.463889 0.026042 0.022222
0 0.731250 0.530556 0.028125 0.022222
0 0.261719 0.654630 0.026562 0.018519
0 0.932813 0.461111 0.026042 0.020370
0 0.952604 0.430093 0.023958 0.019444
0 0.259375 0.618519 0.029167 0.022222
0 0.222135 0.653241 0.027604 0.021296
0 0.275260 0.686574 0.026562 0.021296
0 0.208333 0.618056 0.031250 0.023148
0 0.241927 0.686111 0.025521 0.020370
0 0.977865 0.460648 0.028646 0.021296
0 0.820312 0.497222 0.026042 0.022222
0 0.779167 0.531019 0.026042 0.021296
0 0.120833 0.652315 0.026042 0.021296
0 0.167187 0.655093 0.028125 0.023148
0 0.117969 0.618056 0.027604 0.021296
0 0.158594 0.618519 0.026562 0.022222
0 0.196354 0.692130 0.030208 0.026852
0 0.081510 0.616667 0.025521 0.020370
0 0.988281 0.429630 0.021354 0.018519
0 0.862240 0.497222 0.030729 0.022222
0 0.083594 0.653241 0.029687 0.023148
0 0.151562 0.687963 0.028125 0.022222
0 0.905208 0.496759 0.028125 0.023148
0 0.045833 0.618056 0.025000 0.021296
0 0.109635 0.688889 0.027604 0.024074
0 0.038021 0.655556 0.030208 0.024074
0 0.821615 0.531481 0.027604 0.020370
0 0.951562 0.496759 0.028125 0.021296
0 0.769531 0.568519 0.025521 0.020370
0 0.070052 0.687963 0.027604 0.022222
0 0.002865 0.653704 0.005729 0.022222
0 0.985938 0.497222 0.023958 0.020370
0 0.029427 0.688426 0.026562 0.021296
0 0.259635 0.584722 0.027604 0.021296
0 0.808854 0.566204 0.027083 0.023148
0 0.211719 0.582407 0.025521 0.022222
0 0.848958 0.565741 0.025000 0.020370
0 0.239583 0.548148 0.026042 0.020370
0 0.871354 0.531481 0.031250 0.024074
0 0.891667 0.571759 0.029167 0.023148
0 0.930208 0.568519 0.029167 0.024074
0 0.466146 0.323611 0.011458 0.054630
0 0.014583 0.618519 0.026042 0.020370
0 0.164844 0.583333 0.026562 0.022222
0 0.467448 0.406481 0.011979 0.046296
0 0.917708 0.534722 0.028125 0.023148
0 0.201042 0.548611 0.025000 0.021296
0 0.970573 0.529630 0.027604 0.024074
0 0.166667 0.272685 0.012500 0.047222
0 0.462500 0.251852 0.013542 0.053704
0 0.996875 0.529630 0.005208 0.020370
0 0.341406 0.718056 0.027604 0.021296
0 0.461719 0.156481 0.017188 0.062963
0 0.460938 0.076852 0.011458 0.051852
0 0.754167 0.668519 0.025000 0.022222
0 0.425781 0.962500 0.009896 0.050926
0 0.441927 0.835648 0.011979 0.050926
0 0.255990 0.725926 0.025521 0.020370
0 0.484635 0.116667 0.015104 0.053704
0 0.421094 0.785185 0.010937 0.050000
0 0.494792 0.655556 0.012500 0.051852
0 0.489063 0.232870 0.012500 0.049074
0 0.440885 0.665741 0.011979 0.050000
0 0.442448 0.068056 0.013021 0.050926
0 0.433594 0.581481 0.011979 0.051852
0 0.507292 0.314352 0.011458 0.054630
0 0.340885 0.343519 0.027604 0.038889
0 0.967708 0.570370 0.023958 0.020370
0 0.426302 0.152778 0.010937 0.051852
0 0.548698 0.799074 0.023438 0.050000
0 0.691406 0.734259 0.024479 0.022222
0 0.442448 0.143056 0.015104 0.060185
0 0.498698 0.481481 0.013021 0.051852
0 0.424740 0.079630 0.011979 0.053704
0 0.768229 0.388889 0.028125 0.022222
0 0.128125 0.206481 0.014583 0.046296
0 0.492708 0.825000 0.011458 0.050000
0 0.517708 0.914352 0.012500 0.049074
0 0.072135 0.550000 0.029687 0.022222
