0 0.182552 0.239815 0.011979 0.051852
0 0.104167 0.274074 0.013542 0.053704
0 0.632552 0.497685 0.022396 0.021296
0 0.224740 0.696759 0.028646 0.023148
0 0.254167 0.498611 0.023958 0.019444
0 0.230208 0.625463 0.027083 0.019444
0 0.081510 0.465741 0.026562 0.020370
0 0.384375 0.431481 0.029167 0.024074
0 0.452083 0.458796 0.027083 0.023148
0 0.461979 0.423148 0.026042 0.024074
0 0.417969 0.491204 0.026562 0.019444
0 0.543490 0.447685 0.026562 0.023148
0 0.538542 0.493981 0.031250 0.025000
0 0.623698 0.423148 0.027604 0.022222
0 0.005208 0.148611 0.009375 0.036111
0 0.641927 0.462963 0.024479 0.018519
0 0.740625 0.689352 0.026042 0.021296
0 0.840625 0.459722 0.029167 0.023148
0 0.717448 0.425926 0.026562 0.020370
0 0.545312 0.622222 0.028125 0.022222
0 0.544010 0.692130 0.026562 0.023148
0 0.647917 0.625000 0.027083 0.018519
0 0.794271 0.653241 0.028125 0.023148
0 0.472135 0.622685 0.026562 0.021296
0 0.645833 0.655556 0.027083 0.018519
0 0.933333 0.457870 0.031250 0.023148
0 0.368490 0.511111 0.024479 0.022222
0 0.783333 0.425926 0.019792 0.022222
0 0.798438 0.500463 0.028125 0.023148
0 0.504948 0.657407 0.033854 0.025926
0 0.424479 0.687500 0.023958 0.023148
0 0.840104 0.425926 0.027083 0.018519
0 0.373958 0.625926 0.022917 0.020370
0 0.343490 0.658796 0.026562 0.023148
0 0.334115 0.693981 0.025521 0.021296
0 0.104167 0.657870 0.026042 0.019444
0 0.208594 0.657870 0.030729 0.021296
0 0.451302 0.519444 0.026562 0.022222
0 0.882031 0.500000 0.026562 0.020370
0 0.520312 0.522222 0.025000 0.018519
0 0.733594 0.568056 0.027604 0.021296
0 0.261979 0.548611 0.023958 0.017593
0 0.127604 0.623148 0.026042 0.020370
0 0.251823 0.586574 0.025521 0.023148
0 0.780469 0.569907 0.028646 0.021296
0 0.138021 0.694444 0.030208 0.022222
0 0.691927 0.526852 0.024479 0.018519
0 0.048958 0.624074 0.026042 0.022222
0 0.220833 0.552315 0.025000 0.019444
0 0.810937 0.536111 0.027083 0.020370
0 0.211979 0.585185 0.025000 0.020370
0 0.086198 0.692593 0.024479 0.020370
0 0.171615 0.584722 0.025521 0.021296
0 0.887760 0.533333 0.027604 0.018519
0 0.821094 0.571759 0.025521 0.021296
0 0.128646 0.589352 0.028125 0.021296
0 0.861979 0.568519 0.028125 0.024074
0 0.088281 0.588426 0.025521 0.019444
0 0.904167 0.568519 0.028125 0.022222
0 0.176302 0.552315 0.024479 0.019444
0 0.047917 0.590278 0.029167 0.021296
0 0.942448 0.568981 0.028646 0.023148
0 0.132292 0.551389 0.026042 0.019444
0 0.976562 0.568519 0.027083 0.020370
0 0.008073 0.589352 0.015104 0.023148
0 0.427344 0.140278 0.013021 0.052778
0 0.080990 0.552778 0.027604 0.022222
0 0.040104 0.555093 0.027083 0.019444
0 0.443750 0.140741 0.011458 0.051852
0 0.427083 0.056019 0.012500 0.052778
0 0.443229 0.069907 0.010417 0.049074
0 0.007031 0.554167 0.014063 0.023148
0 0.955208 0.755093 0.025000 0.021296
0 0.902865 0.425926 0.026562 0.018519
0 0.379167 0.762037 0.026042 0.035185
0 0.463542 0.167593 0.012500 0.053704
2 0.246615 0.428704 0.081771 0.031481
0 0.566146 0.409259 0.023958 0.022222
0 0.403125 0.241204 0.010417 0.043519
0 0.703646 0.381481 0.027083 0.018519
0 0.076823 0.158333 0.014063 0.046296
0 0.795052 0.387963 0.029687 0.022222
0 0.960156 0.494444 0.030729 0.022222
0 0.193490 0.725463 0.026562 0.021296
0 0.983073 0.457407 0.025521 0.020370
0 0.982031 0.423148 0.025521 0.022222
0 0.907292 0.389815 0.028125 0.024074
0 0.980990 0.531944 0.025521 0.021296
0 0.039583 0.277778 0.012500 0.040741
0 0.029687 0.730556 0.023958 0.020370
0 0.012760 0.693519 0.015104 0.018519
0 0.003125 0.659722 0.005208 0.021296
0 0.002604 0.622222 0.005208 0.022222
