0 0.182292 0.237963 0.011458 0.050000
0 0.105469 0.272222 0.013021 0.057407
0 0.006510 0.145833 0.010937 0.039815
0 0.730990 0.571296 0.025521 0.022222
0 0.734896 0.461574 0.025000 0.023148
0 0.732552 0.431019 0.026562 0.021296
0 0.782552 0.425463 0.027604 0.023148
0 0.771354 0.462963 0.025000 0.022222
0 0.820312 0.427778 0.028125 0.024074
0 0.808594 0.462037 0.026562 0.022222
0 0.849219 0.462500 0.028646 0.025000
0 0.734375 0.498148 0.026042 0.022222
0 0.864583 0.425463 0.027083 0.021296
0 0.040365 0.274074 0.011979 0.040741
0 0.776823 0.498148 0.026562 0.022222
0 0.914323 0.429630 0.028646 0.022222
0 0.893490 0.464352 0.027604 0.023148
0 0.730208 0.531944 0.027083 0.023148
0 0.260677 0.653704 0.026562 0.018519
0 0.932552 0.462963 0.026562 0.022222
0 0.951823 0.431481 0.025521 0.022222
0 0.257812 0.618056 0.028125 0.021296
0 0.220573 0.652778 0.027604 0.020370
0 0.272917 0.685648 0.027083 0.019444
0 0.207292 0.618519 0.029167 0.022222
0 0.239844 0.685185 0.026562 0.020370
0 0.976823 0.462963 0.029687 0.024074
0 0.819531 0.498148 0.027604 0.024074
0 0.777865 0.532407 0.026562 0.022222
0 0.117969 0.652778 0.027604 0.020370
0 0.165885 0.655556 0.027604 0.022222
0 0.116146 0.618056 0.032292 0.023148
0 0.156510 0.618519 0.029687 0.024074
0 0.195573 0.691667 0.027604 0.024074
0 0.079948 0.615741 0.025521 0.020370
0 0.987500 0.431019 0.022917 0.021296
0 0.861719 0.498611 0.030729 0.023148
0 0.082031 0.651389 0.029687 0.023148
0 0.150000 0.687963 0.027083 0.022222
0 0.904427 0.499074 0.027604 0.024074
0 0.044792 0.617130 0.023958 0.023148
0 0.108333 0.688889 0.028125 0.022222
0 0.036458 0.654630 0.029167 0.025926
0 0.820833 0.532407 0.028125 0.022222
0 0.950521 0.499074 0.029167 0.024074
0 0.768750 0.570370 0.026042 0.022222
0 0.068490 0.687500 0.027604 0.021296
0 0.002083 0.651852 0.004167 0.024074
0 0.985156 0.499537 0.026562 0.023148
0 0.027604 0.687500 0.026042 0.023148
0 0.257812 0.583796 0.028125 0.021296
0 0.808073 0.568519 0.028646 0.024074
0 0.209896 0.581481 0.025000 0.022222
0 0.847917 0.567130 0.025000 0.021296
0 0.238021 0.547685 0.026042 0.021296
0 0.870313 0.532870 0.030208 0.023148
0 0.890365 0.573611 0.029687 0.023148
0 0.928646 0.569444 0.029167 0.025926
0 0.013542 0.617130 0.022917 0.021296
0 0.163802 0.582870 0.026562 0.021296
0 0.916667 0.536574 0.029167 0.023148
0 0.199479 0.548611 0.025000 0.021296
0 0.969531 0.531944 0.027604 0.023148
0 0.996615 0.531944 0.005729 0.021296
0 0.807552 0.621759 0.025521 0.023148
0 0.914323 0.645833 0.035937 0.025000
0 0.009635 0.260648 0.015104 0.047222
0 0.801042 0.666204 0.027083 0.025000
0 0.442969 0.067593 0.011979 0.050000
0 0.064844 0.381944 0.026562 0.021296
0 0.967708 0.571759 0.025000 0.023148
0 0.425781 0.153704 0.010937 0.048148
0 0.442188 0.143519 0.014583 0.055556
0 0.423698 0.081019 0.011979 0.050926
0 0.126302 0.203704 0.014063 0.046296
0 0.035156 0.128704 0.010937 0.046296
0 0.161719 0.550000 0.026562 0.022222
0 0.510677 0.754167 0.014063 0.026852
0 0.094792 0.458796 0.026042 0.021296
0 0.012760 0.471759 0.025521 0.021296
0 0.188021 0.414352 0.022917 0.023148
0 0.362500 0.735648 0.025000 0.034259
0 0.240625 0.391667 0.027083 0.022222
0 0.683073 0.622685 0.025521 0.026852
0 0.122135 0.581944 0.026562 0.021296
0 0.414844 0.663889 0.023438 0.057407
0 0.117188 0.545833 0.026042 0.019444
0 0.547396 0.494907 0.025000 0.049074
0 0.292448 0.717593 0.025521 0.020370
0 0.439844 0.762037 0.017188 0.053704
0 0.457031 0.833333 0.010937 0.048148
0 0.478385 0.281944 0.018229 0.060185
0 0.051823 0.550926 0.025521 0.022222
0 0.406510 0.107407 0.009896 0.046296
0 0.463281 0.953704 0.019271 0.057407
