0 0.122917 0.184722 0.013542 0.054630
0 0.009115 0.123148 0.013021 0.037037
0 0.042969 0.251852 0.014063 0.044444
0 0.737760 0.572685 0.025521 0.021296
0 0.466146 0.125000 0.011458 0.053704
0 0.742708 0.500463 0.027083 0.023148
0 0.895052 0.438889 0.028646 0.018519
0 0.849219 0.440278 0.027604 0.019444
0 0.741667 0.468981 0.026042 0.023148
0 0.810417 0.438426 0.023958 0.017593
0 0.781250 0.468056 0.023958 0.023148
0 0.916667 0.473148 0.030208 0.020370
0 0.821354 0.470833 0.026042 0.019444
0 0.781510 0.502778 0.023438 0.024074
0 0.264323 0.642593 0.024479 0.020370
0 0.832552 0.503241 0.028646 0.021296
0 0.941927 0.439352 0.026562 0.017593
0 0.869010 0.473611 0.027604 0.019444
0 0.219531 0.640741 0.026562 0.024074
0 0.732031 0.535185 0.026562 0.022222
0 0.013281 0.241667 0.016146 0.055556
0 0.253646 0.606019 0.025000 0.023148
0 0.984115 0.439815 0.028646 0.018519
0 0.179167 0.637963 0.019792 0.024074
0 0.215365 0.602315 0.027604 0.025000
0 0.055469 0.102315 0.016146 0.058333
0 0.917708 0.510185 0.027083 0.020370
0 0.957552 0.475000 0.026562 0.018519
0 0.140365 0.636574 0.023438 0.023148
0 0.769010 0.536574 0.024479 0.019444
0 0.255469 0.675463 0.025521 0.021296
0 0.217708 0.671296 0.028125 0.022222
0 0.095573 0.633333 0.026562 0.022222
0 0.956510 0.510185 0.027604 0.018519
0 0.053646 0.631944 0.027083 0.023148
0 0.125260 0.601852 0.027604 0.025926
0 0.156250 0.672222 0.029167 0.025926
0 0.078125 0.601852 0.031250 0.024074
0 0.806771 0.542130 0.025000 0.021296
0 0.885417 0.543981 0.025000 0.021296
0 0.011458 0.629630 0.020833 0.022222
0 0.115104 0.669444 0.029167 0.024074
0 0.776563 0.575926 0.023958 0.020370
0 0.002344 0.595833 0.004687 0.023148
0 0.843490 0.541667 0.024479 0.018519
0 0.817187 0.578241 0.027083 0.023148
0 0.256510 0.571759 0.024479 0.021296
0 0.264323 0.531481 0.024479 0.020370
0 0.222135 0.568519 0.026562 0.025926
0 0.853906 0.578704 0.027604 0.024074
0 0.142969 0.563889 0.026562 0.024074
0 0.891667 0.581481 0.028125 0.024074
0 0.168750 0.602315 0.028125 0.026852
0 0.182031 0.568056 0.029687 0.026852
0 0.036198 0.599537 0.026562 0.019444
0 0.929427 0.582407 0.027604 0.022222
0 0.968229 0.583333 0.025000 0.020370
0 0.876302 0.508796 0.029687 0.019444
0 0.225781 0.530093 0.026562 0.023148
0 0.995573 0.584259 0.007812 0.022222
0 0.403385 0.837037 0.017188 0.059259
0 0.927344 0.543056 0.026562 0.023148
0 0.990885 0.513426 0.017188 0.019444
0 0.441667 0.571296 0.015625 0.059259
0 0.429427 0.154630 0.013021 0.048148
0 0.971354 0.546296 0.028125 0.020370
0 0.997135 0.547222 0.004687 0.018519
0 0.422917 0.755093 0.015625 0.065741
0 0.437240 0.858796 0.016146 0.062037
0 0.035937 0.434722 0.029167 0.023148
0 0.440104 0.689352 0.013542 0.056481
0 0.419271 0.544444 0.012500 0.053704
0 0.653385 0.745833 0.028646 0.026852
0 0.240625 0.390741 0.023958 0.024074
0 0.496354 0.585648 0.013542 0.056481
0 0.415625 0.447685 0.013542 0.052778
0 0.615885 0.745370 0.028646 0.038889
0 0.481510 0.814352 0.015104 0.058333
0 0.488542 0.720370 0.014583 0.059259
0 0.428385 0.269444 0.014063 0.051852
0 0.513281 0.675000 0.014063 0.059259
0 0.380208 0.294444 0.023958 0.050000
0 0.442708 0.343519 0.013542 0.053704
0 0.607812 0.970833 0.036458 0.052778
0 0.482031 0.971759 0.029687 0.054630
0 0.016667 0.701389 0.014583 0.023148
0 0.504427 0.967130 0.023438 0.062037
