0 0.193229 0.333796 0.027083 0.023148
0 0.268750 0.528704 0.025000 0.018519
0 0.220833 0.531019 0.026042 0.021296
0 0.477865 0.563426 0.024479 0.021296
0 0.279948 0.568519 0.026562 0.020370
0 0.511458 0.556944 0.022917 0.025000
0 0.556771 0.554167 0.026042 0.025000
0 0.180729 0.532870 0.027083 0.019444
0 0.589063 0.557870 0.022917 0.023148
0 0.143750 0.535648 0.026042 0.019444
0 0.625000 0.561111 0.028125 0.020370
0 0.661458 0.559259 0.025000 0.020370
0 0.701823 0.559722 0.025521 0.019444
0 0.100521 0.532870 0.029167 0.019444
0 0.737500 0.557870 0.022917 0.019444
0 0.058594 0.532407 0.026562 0.020370
0 0.444010 0.049074 0.010937 0.042593
0 0.442969 0.134259 0.013021 0.046296
0 0.168229 0.567130 0.030208 0.023148
0 0.211198 0.570370 0.025521 0.020370
0 0.427344 0.048611 0.010937 0.052778
0 0.009896 0.531481 0.016667 0.020370
0 0.426042 0.130093 0.013542 0.054630
0 0.122917 0.568056 0.028125 0.023148
0 0.462500 0.129630 0.014583 0.053704
0 0.462760 0.063426 0.010937 0.052778
0 0.078125 0.566667 0.029167 0.024074
0 0.609896 0.964352 0.030208 0.058333
0 0.034115 0.566204 0.030729 0.023148
0 0.408333 0.172222 0.012500 0.048148
0 0.096875 0.409722 0.026042 0.019444
0 0.775260 0.561111 0.025521 0.018519
0 0.096615 0.450000 0.024479 0.020370
0 0.003646 0.566667 0.007292 0.024074
0 0.172396 0.404167 0.027083 0.021296
0 0.194271 0.447222 0.027083 0.022222
0 0.811198 0.562037 0.024479 0.022222
0 0.258854 0.411111 0.026042 0.022222
0 0.610156 0.352315 0.031771 0.032407
0 0.294531 0.449537 0.028646 0.025000
0 0.321615 0.409722 0.025521 0.023148
0 0.057813 0.484722 0.027083 0.021296
0 0.147135 0.481944 0.026562 0.023148
0 0.379688 0.449074 0.025000 0.022222
0 0.557813 0.281019 0.029167 0.043519
0 0.234115 0.483796 0.028646 0.023148
0 0.449219 0.447222 0.024479 0.022222
0 0.500521 0.448148 0.025000 0.022222
0 0.791927 0.378241 0.028646 0.021296
0 0.445312 0.492130 0.023958 0.021296
0 0.726562 0.488426 0.026042 0.023148
0 0.711458 0.381481 0.026042 0.020370
0 0.838542 0.625000 0.026042 0.020370
0 0.583854 0.644907 0.027083 0.021296
0 0.284115 0.706944 0.023438 0.021296
0 0.459635 0.649537 0.026562 0.021296
0 0.010417 0.447222 0.020833 0.020370
0 0.202083 0.711574 0.023958 0.021296
0 0.763542 0.453704 0.026042 0.022222
1 0.412500 0.383796 0.060417 0.036111
0 0.820052 0.488426 0.030729 0.026852
0 0.995052 0.576852 0.007812 0.020370
0 0.896875 0.488889 0.027083 0.020370
0 0.901563 0.456019 0.026042 0.019444
0 0.792188 0.418056 0.078125 0.030556
0 0.986198 0.519907 0.014063 0.023148
0 0.990885 0.456944 0.008854 0.023148
0 0.996094 0.422685 0.006771 0.021296
0 0.021094 0.635648 0.026562 0.023148
