0 0.262240 0.596759 0.027604 0.025000
0 0.823438 0.471296 0.028125 0.022222
0 0.822656 0.536574 0.026562 0.023148
0 0.785417 0.500000 0.026042 0.024074
0 0.734375 0.534722 0.026042 0.019444
0 0.227604 0.632870 0.029167 0.026852
0 0.174219 0.596759 0.026562 0.023148
0 0.867188 0.470370 0.029167 0.024074
0 0.855469 0.438426 0.026562 0.021296
0 0.268229 0.632407 0.029167 0.024074
0 0.866146 0.506019 0.027083 0.021296
0 0.133594 0.587963 0.025521 0.022222
0 0.740104 0.425463 0.027083 0.023148
0 0.908073 0.508796 0.024479 0.019444
0 0.740885 0.462500 0.028646 0.023148
0 0.212500 0.593981 0.027083 0.025000
0 0.779167 0.430556 0.023958 0.022222
0 0.775000 0.536574 0.027083 0.019444
0 0.824219 0.503704 0.029687 0.025926
0 0.777865 0.466667 0.026562 0.024074
0 0.738542 0.500463 0.028125 0.021296
0 0.469271 0.142130 0.011458 0.054630
0 0.946094 0.472685 0.027604 0.021296
0 0.953385 0.507407 0.028646 0.022222
0 0.910417 0.471759 0.027083 0.023148
0 0.864323 0.540278 0.029687 0.025000
0 0.471354 0.062963 0.015625 0.062963
0 0.819792 0.432870 0.029167 0.023148
0 0.266146 0.667593 0.025000 0.022222
0 0.985938 0.474074 0.026042 0.022222
0 0.083333 0.587963 0.028125 0.024074
0 0.983594 0.441667 0.030729 0.016667
0 0.908854 0.543056 0.025000 0.019444
0 0.267448 0.563889 0.024479 0.022222
0 0.175781 0.628704 0.028646 0.025926
0 0.037760 0.587037 0.027604 0.020370
0 0.952344 0.540278 0.025521 0.023148
0 0.233073 0.560185 0.026562 0.020370
0 0.990625 0.512037 0.018750 0.022222
0 0.743229 0.568981 0.028125 0.023148
0 0.117708 0.628241 0.025000 0.019444
0 0.777344 0.573611 0.025521 0.023148
0 0.988021 0.543519 0.021875 0.022222
0 0.195052 0.559259 0.026562 0.022222
0 0.049479 0.243981 0.013542 0.039815
0 0.002604 0.582870 0.005208 0.023148
0 0.059375 0.624074 0.029167 0.022222
0 0.820052 0.574537 0.027604 0.025000
0 0.223958 0.664815 0.028125 0.024074
0 0.014583 0.624074 0.025000 0.020370
0 0.520833 0.026852 0.013542 0.053704
0 0.859635 0.574537 0.029687 0.025000
0 0.443490 0.958796 0.015104 0.060185
0 0.587760 0.351852 0.028646 0.035185
0 0.183333 0.661574 0.027083 0.026852
0 0.267448 0.527778 0.026562 0.020370
0 0.383073 0.749537 0.029687 0.050926
0 0.494531 0.020370 0.010937 0.040741
0 0.908854 0.579167 0.030208 0.023148
0 0.674740 0.385185 0.026562 0.024074
0 0.494010 0.116667 0.014063 0.061111
0 0.502865 0.206481 0.010937 0.051852
0 0.143750 0.661574 0.028125 0.026852
0 0.225521 0.523611 0.026042 0.021296
0 0.965625 0.694444 0.026042 0.020370
0 0.409375 0.988426 0.009375 0.023148
0 0.412500 0.908333 0.013542 0.059259
0 0.011198 0.409722 0.022396 0.019444
0 0.517969 0.243981 0.010937 0.049074
0 0.033854 0.357407 0.027083 0.020370
0 0.415625 0.813426 0.013542 0.054630
0 0.516667 0.330556 0.010417 0.055556
0 0.947135 0.579630 0.025521 0.024074
0 0.491146 0.297685 0.011458 0.054630
0 0.725260 0.388889 0.025521 0.020370
0 0.118750 0.427315 0.020833 0.050926
0 0.098698 0.661574 0.027604 0.023148
0 0.423438 0.685648 0.013542 0.054630
0 0.494010 0.406019 0.011979 0.054630
0 0.444531 0.682870 0.014063 0.052778
0 0.706771 0.711111 0.025000 0.020370
0 0.782552 0.393519 0.031771 0.022222
0 0.515885 0.403704 0.010937 0.053704
0 0.148958 0.553241 0.025000 0.021296
0 0.858073 0.394444 0.026562 0.020370
0 0.980990 0.580556 0.024479 0.020370
0 0.428125 0.448611 0.012500 0.056481
0 0.493229 0.601852 0.012500 0.057407
0 0.108594 0.510185 0.029687 0.029630
0 0.448437 0.339815 0.012500 0.055556
0 0.488281 0.777778 0.013021 0.053704
0 0.431771 0.220833 0.010417 0.043519
0 0.056510 0.519444 0.027604 0.020370
0 0.033594 0.656019 0.027604 0.021296
0 0.450000 0.189352 0.011458 0.052778
0 0.544531 0.869907 0.024479 0.058333
0 0.409896 0.988426 0.015625 0.023148
0 0.488802 0.951389 0.021354 0.062037
0 0.436719 0.041204 0.014063 0.062037
