0 0.185677 0.238426 0.011979 0.050926
0 0.108594 0.273611 0.011979 0.052778
0 0.007552 0.149537 0.011979 0.037963
0 0.733073 0.568981 0.027604 0.023148
0 0.468750 0.481944 0.012500 0.054630
0 0.054688 0.125926 0.014583 0.057407
0 0.736198 0.460648 0.024479 0.023148
0 0.733333 0.430556 0.026042 0.022222
0 0.783073 0.423148 0.027604 0.024074
0 0.772396 0.461574 0.026042 0.023148
0 0.821615 0.425926 0.028646 0.022222
0 0.810677 0.460648 0.026562 0.021296
0 0.850000 0.461111 0.029167 0.022222
0 0.735417 0.495370 0.026042 0.020370
0 0.865625 0.424074 0.027083 0.020370
0 0.009375 0.268981 0.013542 0.050926
0 0.778385 0.496296 0.025521 0.022222
0 0.915365 0.428241 0.027604 0.017593
0 0.894271 0.463426 0.027083 0.021296
0 0.731510 0.529167 0.028646 0.023148
0 0.264583 0.653704 0.027083 0.022222
0 0.932813 0.460185 0.026042 0.018519
0 0.952344 0.430556 0.024479 0.016667
0 0.260677 0.617593 0.028646 0.024074
0 0.223177 0.651389 0.026562 0.023148
0 0.274740 0.686574 0.026562 0.021296
0 0.209375 0.616667 0.033333 0.024074
0 0.242188 0.684722 0.026042 0.021296
0 0.978125 0.460648 0.028125 0.019444
0 0.820312 0.496296 0.027083 0.024074
0 0.779167 0.530556 0.027083 0.022222
0 0.122135 0.650926 0.026562 0.022222
0 0.168750 0.654167 0.027083 0.023148
0 0.120313 0.617130 0.026042 0.023148
0 0.159896 0.617593 0.027083 0.024074
0 0.199479 0.690741 0.028125 0.024074
0 0.083073 0.615741 0.025521 0.022222
0 0.988281 0.429167 0.021354 0.017593
0 0.862240 0.496759 0.031771 0.021296
0 0.084896 0.650926 0.029167 0.022222
0 0.152865 0.687037 0.028646 0.024074
0 0.904948 0.496296 0.027604 0.022222
0 0.048698 0.617593 0.024479 0.022222
0 0.111198 0.687037 0.028646 0.024074
0 0.040365 0.654167 0.026562 0.025000
0 0.821615 0.531019 0.027604 0.023148
0 0.951562 0.496296 0.028125 0.020370
0 0.769271 0.567593 0.026042 0.022222
0 0.072396 0.686111 0.027083 0.022222
0 0.003906 0.651852 0.007812 0.025926
0 0.986198 0.496759 0.024479 0.017593
0 0.030990 0.687500 0.026562 0.023148
0 0.260156 0.583796 0.028646 0.023148
0 0.808854 0.565741 0.029167 0.024074
0 0.213542 0.580093 0.026042 0.023148
0 0.848958 0.564815 0.026042 0.020370
0 0.240885 0.547685 0.026562 0.023148
0 0.871354 0.531481 0.030208 0.022222
0 0.891667 0.570833 0.030208 0.023148
0 0.929948 0.568056 0.029687 0.023148
0 0.466667 0.322685 0.011458 0.054630
0 0.015365 0.617593 0.026562 0.020370
0 0.166406 0.581481 0.025521 0.022222
0 0.468229 0.407407 0.011458 0.046296
0 0.917708 0.534259 0.029167 0.020370
0 0.202604 0.548611 0.023958 0.021296
0 0.970573 0.529167 0.028646 0.021296
0 0.166667 0.216204 0.012500 0.049074
0 0.463542 0.252778 0.012500 0.050000
0 0.442708 0.932407 0.012500 0.061111
0 0.996875 0.529167 0.005208 0.019444
0 0.511979 0.071759 0.016667 0.058333
0 0.403125 0.955093 0.012500 0.052778
0 0.285156 0.720833 0.026562 0.021296
0 0.461979 0.157870 0.014583 0.056481
0 0.425260 0.820370 0.011979 0.057407
0 0.044271 0.277315 0.013542 0.041667
0 0.442188 0.781481 0.011458 0.048148
0 0.009115 0.418056 0.018229 0.021296
0 0.461719 0.075463 0.010937 0.050926
0 0.493750 0.273611 0.012500 0.054630
0 0.577083 0.757870 0.026042 0.041667
0 0.423698 0.646296 0.013021 0.055556
0 0.442188 0.542130 0.011458 0.050926
0 0.223958 0.725463 0.026042 0.021296
0 0.489323 0.392593 0.014063 0.059259
0 0.421094 0.512963 0.009896 0.053704
0 0.772917 0.687963 0.023958 0.020370
0 0.490625 0.993519 0.014583 0.012963
0 0.082031 0.416204 0.021354 0.026852
0 0.492708 0.513426 0.011458 0.052778
0 0.441406 0.422222 0.010937 0.046296
0 0.461719 0.015741 0.013021 0.031481
0 0.490104 0.994907 0.016667 0.010185
0 0.440365 0.333796 0.010937 0.050926
0 0.495573 0.678704 0.011979 0.057407
0 0.400521 0.241204 0.016667 0.054630
0 0.967969 0.569907 0.024479 0.019444
0 0.427344 0.151852 0.010937 0.048148
0 0.511198 0.976389 0.020313 0.045370
0 0.538802 0.843981 0.019271 0.052778
0 0.443229 0.127778 0.011458 0.051852
0 0.493750 0.853704 0.012500 0.057407
0 0.425260 0.037963 0.014063 0.057407
0 0.943750 0.384259 0.031250 0.018519
0 0.129427 0.206481 0.014063 0.046296
