0 0.260937 0.595833 0.028125 0.023148
0 0.820052 0.470833 0.026562 0.019444
0 0.820573 0.537037 0.025521 0.020370
0 0.784375 0.500463 0.026042 0.021296
0 0.732812 0.534259 0.026042 0.018519
0 0.226042 0.632870 0.028125 0.025000
0 0.173177 0.596296 0.026562 0.022222
0 0.865365 0.470370 0.026562 0.020370
0 0.853385 0.438426 0.025521 0.017593
0 0.266927 0.631019 0.027604 0.021296
0 0.864323 0.505556 0.026562 0.018519
0 0.133073 0.588889 0.024479 0.022222
0 0.738802 0.426389 0.025521 0.021296
0 0.906250 0.508796 0.022917 0.017593
0 0.739323 0.462037 0.027604 0.020370
0 0.210938 0.593519 0.028125 0.024074
0 0.777604 0.430556 0.022917 0.020370
0 0.773438 0.536111 0.026042 0.016667
0 0.823177 0.503704 0.028646 0.022222
0 0.775781 0.467130 0.025521 0.021296
0 0.737240 0.500463 0.027604 0.019444
0 0.979688 0.668519 0.027083 0.018519
0 0.944531 0.472222 0.026562 0.018519
0 0.948438 0.506944 0.026042 0.019444
0 0.908594 0.471296 0.026562 0.020370
0 0.863021 0.540278 0.029167 0.021296
0 0.696354 0.634259 0.031250 0.025926
0 0.816667 0.432870 0.022917 0.017593
0 0.265365 0.666667 0.024479 0.020370
0 0.984896 0.473611 0.027083 0.019444
0 0.082552 0.587963 0.027604 0.024074
0 0.906250 0.543056 0.026042 0.019444
0 0.265625 0.563426 0.023958 0.021296
0 0.174219 0.628241 0.027604 0.023148
0 0.040104 0.586574 0.027083 0.021296
0 0.950000 0.540278 0.023958 0.021296
0 0.232552 0.558796 0.024479 0.017593
0 0.989323 0.511111 0.019271 0.018519
0 0.741146 0.568981 0.026042 0.019444
0 0.119531 0.627315 0.023438 0.019444
0 0.775260 0.575000 0.023438 0.018519
0 0.987500 0.543981 0.021875 0.019444
0 0.194271 0.558333 0.026042 0.022222
0 0.047656 0.242593 0.013021 0.037037
0 0.002344 0.581944 0.004687 0.023148
0 0.057292 0.623611 0.028125 0.021296
0 0.818229 0.574537 0.026042 0.023148
0 0.222656 0.664352 0.027604 0.023148
0 0.013542 0.622685 0.023958 0.021296
0 0.857292 0.573611 0.027083 0.023148
0 0.182292 0.660648 0.026042 0.023148
0 0.266146 0.526389 0.027083 0.021296
0 0.908594 0.578704 0.033854 0.022222
0 0.142708 0.660648 0.027083 0.023148
0 0.224219 0.522222 0.025521 0.018519
0 0.945573 0.580093 0.024479 0.021296
0 0.470052 0.300000 0.009896 0.048148
0 0.100521 0.659722 0.028125 0.023148
0 0.153385 0.553704 0.026562 0.020370
0 0.979688 0.580093 0.023958 0.019444
0 0.057552 0.656019 0.027604 0.021296
0 0.182292 0.519907 0.028125 0.021296
0 0.116667 0.552315 0.027083 0.021296
0 0.521354 0.487963 0.019792 0.046296
0 0.433073 0.141204 0.011979 0.054630
0 0.138542 0.519907 0.025000 0.019444
0 0.011979 0.657407 0.023958 0.020370
0 0.452083 0.057870 0.011458 0.050926
0 0.980990 0.442130 0.030729 0.015741
0 0.510677 0.744907 0.015104 0.028704
0 0.085677 0.520833 0.024479 0.017593
0 0.516406 0.241204 0.016146 0.052778
0 0.430469 0.721759 0.020313 0.052778
0 0.575521 0.574537 0.027083 0.041667
0 0.073698 0.550463 0.027604 0.021296
0 0.590104 0.355093 0.030208 0.032407
0 0.006771 0.441667 0.013542 0.024074
0 0.036719 0.517130 0.027604 0.023148
0 0.836719 0.719444 0.022396 0.018519
0 0.222656 0.445370 0.030729 0.025926
0 0.307552 0.482870 0.025521 0.032407
0 0.676823 0.734259 0.022396 0.024074
0 0.490885 0.380556 0.019271 0.053704
0 0.005729 0.510648 0.010417 0.023148
0 0.388021 0.279167 0.021875 0.049074
0 0.621615 0.756944 0.024479 0.028704
0 0.384115 0.607407 0.023438 0.050000
0 0.038802 0.547685 0.024479 0.021296
0 0.456771 0.891667 0.011458 0.044444
0 0.804167 0.394444 0.025000 0.018519
0 0.137240 0.236111 0.017188 0.046296
0 0.469271 0.163889 0.012500 0.046296
0 0.637760 0.249074 0.033854 0.057407
0 0.017188 0.233796 0.018750 0.054630
