0 0.184375 0.237963 0.011458 0.050000
0 0.106250 0.270370 0.011458 0.053704
0 0.006771 0.145833 0.011458 0.037963
0 0.730990 0.570833 0.024479 0.021296
0 0.691146 0.464352 0.023958 0.021296
0 0.691927 0.430093 0.025521 0.021296
0 0.747917 0.426852 0.028125 0.024074
0 0.765365 0.464352 0.025521 0.023148
0 0.815104 0.428704 0.027083 0.020370
0 0.808854 0.463426 0.026042 0.023148
0 0.847656 0.463426 0.027604 0.023148
0 0.705990 0.496759 0.025521 0.019444
0 0.863802 0.426852 0.026562 0.020370
0 0.769010 0.499074 0.026562 0.022222
0 0.909375 0.430556 0.026042 0.022222
0 0.892969 0.465278 0.026562 0.021296
0 0.688021 0.530556 0.026042 0.020370
0 0.309635 0.650463 0.024479 0.019444
0 0.932031 0.462963 0.024479 0.022222
0 0.950521 0.431944 0.023958 0.019444
0 0.292187 0.617593 0.028125 0.022222
0 0.235677 0.651389 0.026562 0.019444
0 0.301563 0.686111 0.026042 0.022222
0 0.211198 0.617593 0.028646 0.022222
0 0.255208 0.684259 0.025000 0.018519
0 0.976042 0.463889 0.029167 0.024074
0 0.814583 0.499074 0.031250 0.024074
0 0.764583 0.532407 0.026042 0.022222
0 0.119531 0.650926 0.026562 0.020370
0 0.176823 0.653241 0.026562 0.021296
0 0.117188 0.617130 0.032292 0.023148
0 0.156771 0.618519 0.029167 0.022222
0 0.199219 0.689815 0.025521 0.020370
0 0.081510 0.614352 0.025521 0.021296
0 0.987240 0.431481 0.021354 0.020370
0 0.857812 0.499074 0.036458 0.024074
0 0.082552 0.650463 0.028646 0.021296
0 0.150521 0.686574 0.027083 0.021296
0 0.903906 0.499074 0.027604 0.022222
0 0.045573 0.615278 0.023438 0.021296
0 0.108594 0.687037 0.028646 0.022222
0 0.036979 0.652778 0.027083 0.024074
0 0.819792 0.533333 0.027083 0.022222
0 0.949219 0.500000 0.029687 0.022222
0 0.767969 0.570833 0.025521 0.019444
0 0.068750 0.685648 0.026042 0.019444
0 0.002344 0.650000 0.004687 0.020370
0 0.984896 0.500463 0.027083 0.021296
0 0.027604 0.685648 0.026042 0.019444
0 0.257552 0.582407 0.027604 0.020370
0 0.807813 0.568056 0.028125 0.023148
0 0.210677 0.580556 0.025521 0.022222
0 0.847396 0.567593 0.025000 0.020370
0 0.238802 0.546296 0.025521 0.018519
0 0.870052 0.533796 0.030729 0.023148
0 0.890104 0.574074 0.028125 0.020370
0 0.928385 0.570833 0.026562 0.023148
0 0.013542 0.615741 0.022917 0.018519
0 0.164323 0.581019 0.026562 0.021296
0 0.915104 0.536111 0.028125 0.022222
0 0.200260 0.547685 0.024479 0.019444
0 0.969010 0.532870 0.028646 0.023148
0 0.996615 0.531944 0.006771 0.021296
0 0.442969 0.068519 0.011979 0.051852
0 0.966146 0.573148 0.022917 0.022222
0 0.426823 0.152315 0.010937 0.049074
0 0.442448 0.144907 0.013021 0.050926
0 0.424740 0.080093 0.011979 0.054630
0 0.127344 0.203704 0.014063 0.044444
0 0.162240 0.548148 0.026562 0.022222
0 0.991667 0.567593 0.016667 0.020370
0 0.122656 0.581019 0.027604 0.021296
0 0.117708 0.544907 0.027083 0.021296
0 0.108854 0.381481 0.026042 0.018519
0 0.932813 0.656019 0.031250 0.023148
0 0.079427 0.548148 0.023438 0.020370
0 0.026042 0.395833 0.028125 0.019444
0 0.132031 0.465278 0.028646 0.021296
0 0.727865 0.639815 0.021354 0.020370
0 0.308594 0.508333 0.030729 0.035185
0 0.027344 0.543981 0.026562 0.021296
0 0.080729 0.583796 0.026042 0.021296
1 0.833333 0.389815 0.085417 0.029630
