0 0.270052 0.562500 0.024479 0.019444
0 0.234635 0.559722 0.025521 0.017593
0 0.548438 0.572222 0.027083 0.022222
0 0.582812 0.565741 0.027083 0.020370
0 0.196354 0.559259 0.025000 0.020370
0 0.621354 0.562037 0.027083 0.020370
0 0.661198 0.562963 0.027604 0.022222
0 0.286198 0.526852 0.027604 0.020370
0 0.227083 0.523611 0.026042 0.019444
0 0.737500 0.570833 0.026042 0.019444
0 0.155208 0.554167 0.027083 0.021296
0 0.767708 0.568519 0.020833 0.020370
0 0.183854 0.520833 0.028125 0.021296
0 0.117708 0.554167 0.026042 0.019444
0 0.434896 0.139815 0.011458 0.055556
0 0.140625 0.520833 0.026042 0.017593
0 0.452604 0.056944 0.012500 0.052778
0 0.609115 0.962963 0.035937 0.061111
0 0.098698 0.522222 0.024479 0.022222
0 0.470313 0.044907 0.011458 0.045370
0 0.075781 0.552778 0.027604 0.022222
0 0.060156 0.519444 0.027604 0.020370
0 0.019531 0.512500 0.027604 0.021296
0 0.042188 0.549074 0.025000 0.022222
0 0.004687 0.549537 0.009375 0.025000
0 0.469271 0.120833 0.012500 0.047222
0 0.201302 0.324074 0.027604 0.024074
0 0.698177 0.565741 0.025521 0.020370
0 0.434896 0.062037 0.011458 0.048148
0 0.816667 0.573148 0.028125 0.020370
0 0.875000 0.503704 0.028125 0.022222
0 0.994531 0.593519 0.008854 0.018519
0 0.009115 0.466204 0.018229 0.021296
0 0.252344 0.337500 0.018229 0.019444
0 0.977083 0.628241 0.028125 0.019444
0 0.074740 0.431019 0.025521 0.021296
0 0.900260 0.630556 0.025521 0.020370
0 0.857031 0.690278 0.028646 0.023148
0 0.510677 0.743519 0.011979 0.022222
0 0.149740 0.413889 0.026562 0.024074
0 0.627083 0.685648 0.025000 0.021296
0 0.210156 0.441667 0.026562 0.022222
0 0.086198 0.468056 0.025521 0.025000
0 0.979167 0.671759 0.027083 0.019444
0 0.859635 0.571759 0.026562 0.021296
0 0.740885 0.687963 0.027604 0.020370
0 0.079427 0.383333 0.027604 0.020370
0 0.154948 0.462037 0.026562 0.022222
0 0.314063 0.425926 0.023958 0.020370
0 0.756771 0.619907 0.027083 0.021296
0 0.278646 0.466204 0.023958 0.019444
0 0.783073 0.659259 0.026562 0.018519
0 0.229427 0.484722 0.025521 0.021296
0 0.702865 0.649074 0.026562 0.020370
0 0.526823 0.177315 0.015104 0.054630
0 0.666927 0.613889 0.027604 0.022222
0 0.360417 0.451389 0.026042 0.021296
0 0.566406 0.682407 0.024479 0.020370
0 0.778125 0.464352 0.026042 0.019444
0 0.735156 0.426389 0.024479 0.019444
0 0.738021 0.460185 0.023958 0.020370
0 0.743490 0.497685 0.028646 0.019444
0 0.275781 0.375926 0.024479 0.024074
0 0.560937 0.643981 0.022917 0.019444
0 0.730208 0.531019 0.022917 0.021296
0 0.632292 0.366204 0.031250 0.030556
0 0.573698 0.615278 0.028646 0.019444
0 0.494792 0.705556 0.029167 0.024074
0 0.785677 0.499537 0.025521 0.019444
0 0.484115 0.637037 0.025521 0.020370
0 0.777604 0.429630 0.022917 0.020370
0 0.711198 0.389815 0.025521 0.022222
0 0.827604 0.467130 0.028125 0.021296
0 0.478646 0.604167 0.026042 0.019444
0 0.874479 0.466667 0.027083 0.022222
0 0.820312 0.429167 0.025000 0.019444
0 0.764062 0.390278 0.023958 0.019444
0 0.917448 0.470833 0.028646 0.021296
0 0.825000 0.501389 0.025000 0.019444
0 0.893490 0.576389 0.024479 0.017593
0 0.372135 0.601389 0.025521 0.021296
0 0.286979 0.630093 0.026042 0.023148
0 0.908594 0.436574 0.025521 0.017593
0 0.869271 0.537037 0.027083 0.020370
0 0.410938 0.194907 0.013542 0.052778
0 0.918229 0.397685 0.026042 0.019444
0 0.154167 0.589815 0.026042 0.018519
0 0.975260 0.439352 0.026562 0.021296
0 0.982292 0.475000 0.025000 0.024074
1 0.358333 0.678704 0.078125 0.031481
0 0.975260 0.509722 0.023438 0.021296
