0 0.195052 0.329167 0.033854 0.025000
0 0.865104 0.493519 0.026042 0.022222
0 0.773958 0.456944 0.025000 0.019444
0 0.731250 0.419444 0.023958 0.020370
0 0.734375 0.454167 0.022917 0.021296
0 0.739844 0.490278 0.028646 0.019444
0 0.727865 0.524074 0.023438 0.022222
0 0.781510 0.492593 0.025521 0.020370
0 0.773177 0.420370 0.027604 0.024074
0 0.823958 0.458333 0.027083 0.022222
0 0.870573 0.456481 0.025521 0.022222
0 0.816667 0.421296 0.025000 0.022222
0 0.913021 0.460185 0.028125 0.020370
0 0.821094 0.492593 0.025521 0.020370
0 0.859896 0.427315 0.025000 0.019444
0 0.768750 0.525000 0.026042 0.020370
0 0.902865 0.425000 0.028646 0.022222
0 0.959375 0.461111 0.035417 0.024074
0 0.905208 0.495370 0.025000 0.020370
0 0.943229 0.426852 0.026042 0.018519
0 0.959375 0.495370 0.029167 0.024074
0 0.805469 0.526389 0.022396 0.017593
0 0.253906 0.634722 0.025521 0.021296
0 0.850521 0.526852 0.027083 0.022222
0 0.891667 0.530093 0.026042 0.023148
0 0.259896 0.524537 0.027083 0.019444
0 0.217969 0.526852 0.027604 0.022222
0 0.728125 0.563889 0.025000 0.020370
0 0.258333 0.600000 0.026042 0.020370
0 0.257031 0.565741 0.028646 0.022222
0 0.937500 0.530093 0.029167 0.021296
0 0.762760 0.563426 0.023438 0.021296
0 0.980208 0.530556 0.027083 0.020370
0 0.801562 0.564815 0.026042 0.024074
0 0.181510 0.528241 0.026562 0.019444
0 0.832031 0.561574 0.021354 0.019444
0 0.215885 0.634259 0.026562 0.020370
0 0.144010 0.529630 0.026562 0.020370
0 0.866146 0.568056 0.025000 0.019444
0 0.996354 0.461111 0.006250 0.018519
0 0.902604 0.566667 0.026042 0.020370
0 0.171615 0.636111 0.026562 0.022222
0 0.937500 0.566204 0.026042 0.021296
0 0.131250 0.637037 0.026042 0.020370
0 0.221875 0.600926 0.025000 0.020370
0 0.179427 0.600926 0.029687 0.022222
0 0.100781 0.527778 0.027604 0.020370
0 0.086719 0.632870 0.028646 0.021296
0 0.975260 0.564815 0.026562 0.018519
0 0.044271 0.630093 0.026042 0.021296
0 0.058854 0.526389 0.026042 0.019444
0 0.124479 0.599537 0.028125 0.023148
0 0.446094 0.047685 0.010937 0.045370
0 0.446094 0.132870 0.014063 0.047222
0 0.077344 0.597222 0.030729 0.022222
0 0.213802 0.672685 0.019271 0.023148
0 0.176302 0.669444 0.025521 0.022222
0 0.168750 0.562963 0.030208 0.024074
0 0.210938 0.566204 0.026042 0.023148
0 0.610417 0.964352 0.033333 0.062037
0 0.006250 0.631944 0.012500 0.021296
0 0.028646 0.597222 0.023958 0.022222
0 0.428385 0.046296 0.009896 0.053704
0 0.137240 0.670833 0.027604 0.023148
0 0.787500 0.621296 0.025000 0.020370
0 0.509375 0.739352 0.014583 0.025000
0 0.984635 0.421296 0.029687 0.027778
0 0.009896 0.524537 0.016667 0.017593
0 0.426823 0.129167 0.009896 0.052778
0 0.090365 0.668981 0.035937 0.025000
0 0.729427 0.647222 0.023438 0.020370
0 0.122917 0.563426 0.028125 0.023148
0 0.437760 0.780093 0.017188 0.052778
0 0.035937 0.667593 0.028125 0.020370
0 0.656771 0.599537 0.028125 0.030556
0 0.009375 0.403704 0.018750 0.024074
0 0.924219 0.651389 0.027604 0.021296
0 0.219531 0.447685 0.021354 0.019444
0 0.595833 0.588889 0.028125 0.044444
0 0.996094 0.496759 0.006771 0.019444
0 0.779167 0.686111 0.026042 0.022222
0 0.546615 0.494907 0.024479 0.043519
0 0.341406 0.541204 0.026562 0.049074
0 0.530208 0.839352 0.018750 0.043519
0 0.726042 0.383333 0.026042 0.022222
0 0.081250 0.474537 0.029167 0.025000
0 0.510677 0.924074 0.011979 0.051852
0 0.408854 0.670833 0.020833 0.054630
0 0.476302 0.275926 0.016146 0.053704
0 0.002083 0.668056 0.004167 0.021296
0 0.172656 0.708333 0.025521 0.022222
0 0.465104 0.152778 0.011458 0.053704
0 0.450260 0.876389 0.011979 0.043519
