0 0.505208 0.220833 0.010417 0.045370
0 0.495052 0.304167 0.017188 0.047222
0 0.440365 0.886111 0.016146 0.057407
0 0.463281 0.746759 0.018229 0.043519
0 0.463021 0.395370 0.022917 0.038889
0 0.504948 0.656019 0.027604 0.049074
0 0.598177 0.580556 0.034896 0.033333
0 0.493750 0.079167 0.013542 0.050926
0 0.476823 0.261574 0.017188 0.052778
0 0.717187 0.569444 0.022917 0.022222
0 0.334375 0.539815 0.025000 0.024074
0 0.754687 0.566667 0.021875 0.020370
0 0.452083 0.355093 0.022917 0.043519
0 0.274219 0.560648 0.023438 0.017593
0 0.434635 0.140278 0.011979 0.056481
0 0.348438 0.471296 0.025000 0.031481
0 0.452604 0.058333 0.011458 0.051852
0 0.608594 0.968981 0.029687 0.049074
0 0.469531 0.043981 0.010937 0.045370
0 0.193490 0.562037 0.024479 0.020370
0 0.129688 0.484722 0.027083 0.047222
0 0.082552 0.518519 0.026562 0.022222
0 0.125781 0.556481 0.026562 0.022222
0 0.058594 0.552778 0.026562 0.022222
0 0.469010 0.121759 0.011979 0.047222
0 0.200781 0.325000 0.026562 0.024074
0 0.671615 0.563889 0.024479 0.022222
0 0.434896 0.062500 0.011458 0.050926
0 0.800000 0.572685 0.028125 0.025000
0 0.870052 0.503704 0.026562 0.022222
0 0.993750 0.590741 0.012500 0.025926
0 0.849479 0.571759 0.028125 0.021296
0 0.779167 0.464352 0.026042 0.021296
0 0.735938 0.427778 0.025000 0.020370
0 0.738542 0.460648 0.023958 0.023148
0 0.743490 0.498148 0.028646 0.020370
0 0.731250 0.531019 0.022917 0.021296
0 0.786719 0.500926 0.025521 0.020370
0 0.778385 0.430556 0.024479 0.022222
0 0.827604 0.467130 0.027083 0.023148
0 0.875000 0.467593 0.027083 0.024074
0 0.821094 0.430556 0.025521 0.020370
0 0.917708 0.471296 0.028125 0.022222
0 0.825000 0.501389 0.026042 0.021296
0 0.887240 0.575463 0.024479 0.017593
0 0.915365 0.656481 0.025521 0.020370
0 0.864844 0.437037 0.026562 0.022222
0 0.772135 0.533796 0.027604 0.021296
0 0.550260 0.241667 0.021354 0.051852
0 0.881771 0.619444 0.025000 0.018519
0 0.910156 0.435648 0.028646 0.021296
0 0.965625 0.474074 0.030208 0.024074
0 0.909896 0.506944 0.025000 0.021296
0 0.398438 0.817130 0.023958 0.052778
0 0.948958 0.437963 0.023958 0.020370
0 0.599219 0.343519 0.030729 0.037037
0 0.113802 0.372222 0.025521 0.020370
0 0.964063 0.507407 0.029167 0.024074
0 0.810156 0.535185 0.021354 0.020370
0 0.254167 0.629630 0.023958 0.022222
0 0.855990 0.535185 0.025521 0.020370
1 0.971875 0.702778 0.056250 0.033333
0 0.028646 0.515741 0.026042 0.022222
0 0.527083 0.086111 0.012500 0.055556
0 0.414583 0.160185 0.011458 0.050000
0 0.990104 0.434722 0.016667 0.025000
0 0.088021 0.700000 0.029167 0.024074
0 0.004167 0.550000 0.005208 0.025926
