0 0.183073 0.234722 0.014063 0.060185
0 0.105208 0.268981 0.012500 0.056481
0 0.006771 0.142593 0.011458 0.040741
0 0.733333 0.566667 0.026042 0.020370
0 0.428125 0.938426 0.010417 0.049074
0 0.416146 0.825926 0.011458 0.050000
0 0.461979 0.163889 0.012500 0.055556
0 0.035156 0.125463 0.010937 0.049074
0 0.050260 0.120370 0.018229 0.053704
0 0.736198 0.457870 0.023438 0.021296
0 0.733594 0.426852 0.026562 0.022222
0 0.783854 0.421296 0.029167 0.024074
0 0.772656 0.458796 0.026562 0.025000
0 0.821875 0.425000 0.030208 0.025926
0 0.809896 0.458796 0.027083 0.021296
0 0.850521 0.458796 0.029167 0.023148
0 0.735677 0.493056 0.025521 0.021296
0 0.865885 0.422685 0.029687 0.023148
0 0.040365 0.272685 0.011979 0.041667
0 0.778385 0.494444 0.026562 0.022222
0 0.916146 0.425463 0.029167 0.023148
0 0.895573 0.461111 0.027604 0.024074
0 0.731250 0.527315 0.028125 0.023148
0 0.261458 0.650000 0.027083 0.020370
0 0.934896 0.458333 0.025000 0.020370
0 0.953385 0.428704 0.026562 0.022222
0 0.258854 0.615741 0.027083 0.020370
0 0.220833 0.648611 0.028125 0.021296
0 0.272656 0.683333 0.026562 0.018519
0 0.207552 0.615278 0.027604 0.023148
0 0.240625 0.682407 0.026042 0.020370
0 0.978906 0.458796 0.029687 0.021296
0 0.820833 0.494444 0.027083 0.024074
0 0.779167 0.528704 0.025000 0.022222
0 0.119792 0.648611 0.027083 0.021296
0 0.166406 0.652315 0.028646 0.023148
0 0.117708 0.615278 0.026042 0.021296
0 0.157552 0.615278 0.026562 0.021296
0 0.195833 0.687963 0.028125 0.024074
0 0.080729 0.612963 0.026042 0.022222
0 0.988021 0.426852 0.021875 0.020370
0 0.863021 0.495370 0.032292 0.024074
0 0.082552 0.649074 0.029687 0.024074
0 0.150781 0.685648 0.027604 0.021296
0 0.906250 0.494907 0.030208 0.025000
0 0.045573 0.614352 0.023438 0.023148
0 0.108594 0.685648 0.028646 0.023148
0 0.036979 0.651852 0.028125 0.025926
0 0.822396 0.529167 0.027083 0.023148
0 0.952604 0.495370 0.029167 0.022222
0 0.769531 0.566667 0.025521 0.022222
0 0.068490 0.685185 0.027604 0.022222
0 0.002604 0.648148 0.005208 0.024074
0 0.985938 0.495833 0.025000 0.021296
0 0.028125 0.685185 0.026042 0.022222
0 0.258333 0.580556 0.029167 0.022222
0 0.809375 0.563889 0.029167 0.024074
0 0.445052 0.577315 0.014063 0.062037
0 0.210677 0.578241 0.024479 0.021296
0 0.009375 0.260185 0.013542 0.050000
0 0.850000 0.563889 0.026042 0.020370
0 0.239063 0.544444 0.028125 0.020370
0 0.872396 0.529630 0.031250 0.024074
0 0.891927 0.569444 0.028646 0.022222
0 0.119271 0.475463 0.016667 0.054630
0 0.183594 0.461111 0.028646 0.022222
0 0.417708 0.655093 0.011458 0.054630
0 0.527344 0.226389 0.020313 0.052778
0 0.072656 0.428241 0.024479 0.023148
0 0.306250 0.389352 0.026042 0.030556
0 0.498437 0.098611 0.010417 0.052778
0 0.482031 0.173148 0.010937 0.051852
0 0.344531 0.729630 0.023438 0.024074
0 0.930729 0.566667 0.029167 0.022222
0 0.503385 0.278241 0.013021 0.054630
0 0.648698 0.381019 0.026562 0.025000
0 0.481771 0.270833 0.011458 0.047222
0 0.260937 0.718519 0.026042 0.020370
0 0.378125 0.338889 0.022917 0.050000
0 0.488281 0.532870 0.011979 0.054630
0 0.013802 0.614352 0.023438 0.021296
0 0.483333 0.393981 0.010417 0.050926
0 0.200781 0.725463 0.026562 0.019444
0 0.122396 0.578241 0.027083 0.021296
0 0.417448 0.530093 0.010937 0.050926
0 0.582812 0.778241 0.025000 0.037963
0 0.440104 0.398148 0.010417 0.051852
0 0.088281 0.544444 0.026562 0.024074
0 0.395313 0.257407 0.017708 0.053704
0 0.423958 0.252315 0.011458 0.052778
0 0.443229 0.231481 0.011458 0.048148
0 0.572917 0.834259 0.025000 0.042593
0 0.490104 0.705093 0.010417 0.050926
0 0.968229 0.568981 0.021875 0.017593
0 0.424219 0.127778 0.011979 0.048148
0 0.957552 0.533796 0.028646 0.019444
0 0.489063 0.856019 0.011458 0.047222
0 0.286979 0.741204 0.016667 0.015741
0 0.441406 0.097685 0.013021 0.052778
0 0.994792 0.625926 0.010417 0.046296
