0 0.243490 0.447222 0.027604 0.020370
0 0.110156 0.469907 0.027604 0.021296
0 0.991146 0.705556 0.016667 0.022222
0 0.314844 0.445833 0.025521 0.021296
0 0.319531 0.417130 0.025521 0.019444
0 0.404167 0.487037 0.026042 0.022222
0 0.865625 0.628241 0.025000 0.019444
0 0.466406 0.484722 0.025521 0.019444
0 0.008854 0.425000 0.017708 0.020370
0 0.343229 0.482407 0.026042 0.022222
0 0.103385 0.433796 0.027604 0.019444
0 0.529687 0.454630 0.025000 0.020370
0 0.553646 0.484259 0.028125 0.022222
0 0.423177 0.449537 0.026562 0.023148
0 0.270313 0.484259 0.026042 0.022222
0 0.272135 0.412037 0.027604 0.022222
0 0.664844 0.460648 0.027604 0.023148
0 0.655208 0.623148 0.028125 0.022222
0 0.511979 0.511111 0.025000 0.020370
0 0.267188 0.562963 0.023958 0.020370
0 0.441927 0.594907 0.025521 0.019444
0 0.596615 0.521296 0.023438 0.020370
0 0.233333 0.559722 0.026042 0.019444
0 0.621875 0.490741 0.026042 0.022222
0 0.609896 0.569444 0.027083 0.022222
0 0.518750 0.635648 0.022917 0.017593
0 0.642969 0.569444 0.024479 0.025926
0 0.700260 0.528241 0.027604 0.019444
0 0.195573 0.559722 0.024479 0.019444
0 0.048958 0.243981 0.012500 0.037963
0 0.329948 0.600463 0.025521 0.019444
0 0.441406 0.642593 0.028646 0.020370
0 0.685156 0.567593 0.026562 0.020370
0 0.989583 0.705093 0.020833 0.023148
0 0.382292 0.636111 0.025000 0.020370
0 0.730208 0.567130 0.029167 0.023148
0 0.951562 0.656944 0.028125 0.021296
0 0.267188 0.526389 0.026042 0.019444
0 0.754427 0.463426 0.027604 0.025000
0 0.832812 0.686111 0.028125 0.020370
0 0.225781 0.522685 0.025521 0.019444
0 0.826562 0.575463 0.026042 0.021296
0 0.721094 0.685185 0.029687 0.024074
0 0.154427 0.554167 0.026562 0.021296
0 0.879687 0.576389 0.020833 0.019444
0 0.598177 0.667130 0.026562 0.019444
0 0.183594 0.521296 0.027604 0.020370
0 0.117188 0.554167 0.026042 0.019444
0 0.434896 0.140741 0.011458 0.057407
0 0.139583 0.521296 0.026042 0.018519
0 0.487240 0.678241 0.026562 0.021296
0 0.452604 0.056944 0.011458 0.052778
0 0.608073 0.967593 0.032813 0.055556
0 0.607812 0.425926 0.022917 0.018519
0 0.098698 0.521759 0.023438 0.017593
0 0.469531 0.045370 0.010937 0.048148
0 0.075260 0.553241 0.027604 0.021296
0 0.058854 0.518981 0.028125 0.019444
0 0.018490 0.511111 0.027604 0.020370
0 0.040885 0.548611 0.023438 0.019444
0 0.004687 0.549537 0.008333 0.023148
0 0.194010 0.348148 0.025521 0.020370
0 0.469271 0.121759 0.012500 0.049074
0 0.227865 0.377315 0.026562 0.025000
0 0.401042 0.263889 0.019792 0.057407
0 0.533854 0.262037 0.021875 0.042593
0 0.657292 0.698611 0.028125 0.021296
0 0.786719 0.573148 0.026562 0.020370
0 0.395573 0.674074 0.026562 0.022222
0 0.288802 0.633796 0.024479 0.021296
0 0.690104 0.430093 0.025000 0.021296
0 0.415104 0.156019 0.010417 0.050926
0 0.754948 0.426852 0.027604 0.022222
0 0.712500 0.495833 0.023958 0.023148
0 0.297135 0.671296 0.024479 0.020370
0 0.264323 0.598148 0.023438 0.020370
0 0.434896 0.062037 0.011458 0.050000
0 0.811198 0.536574 0.024479 0.023148
0 0.864583 0.469444 0.026042 0.022222
0 0.198958 0.630093 0.027083 0.021296
0 0.212240 0.664815 0.025521 0.020370
1 0.523438 0.373611 0.080208 0.036111
0 0.932031 0.473611 0.028646 0.025000
0 0.157292 0.592593 0.028125 0.022222
0 0.877083 0.505093 0.028125 0.023148
0 0.883594 0.542130 0.027604 0.021296
0 0.830990 0.433333 0.028646 0.022222
0 0.946875 0.509722 0.028125 0.023148
0 0.950000 0.579167 0.034375 0.025000
0 0.130729 0.660185 0.023958 0.024074
0 0.039844 0.587037 0.027604 0.024074
0 0.079687 0.624537 0.028125 0.023148
0 0.957031 0.440278 0.028646 0.023148
0 0.983594 0.544444 0.019271 0.022222
