0 0.428906 0.315741 0.013021 0.051852
0 0.449740 0.061574 0.010937 0.052778
0 0.467969 0.044444 0.011979 0.046296
0 0.467448 0.121759 0.011979 0.049074
0 0.199479 0.326852 0.027083 0.022222
0 0.431250 0.095833 0.011458 0.047222
0 0.435937 0.957870 0.017708 0.060185
0 0.867188 0.500000 0.027083 0.024074
0 0.463802 0.812500 0.023438 0.052778
0 0.776823 0.462500 0.025521 0.019444
0 0.733594 0.425000 0.025521 0.020370
0 0.736198 0.458333 0.023438 0.020370
0 0.741406 0.494907 0.028646 0.021296
0 0.729688 0.529167 0.022917 0.019444
0 0.784896 0.498148 0.025000 0.018519
0 0.775521 0.428241 0.026042 0.021296
0 0.825521 0.463426 0.026042 0.023148
0 0.872917 0.463889 0.027083 0.022222
0 0.819531 0.427778 0.024479 0.020370
0 0.915885 0.468056 0.027604 0.021296
0 0.822656 0.498611 0.025521 0.019444
0 0.862240 0.433796 0.026562 0.019444
0 0.771354 0.530093 0.028125 0.021296
0 0.907031 0.432407 0.031771 0.022222
0 0.963281 0.470370 0.028646 0.022222
0 0.908594 0.501852 0.025521 0.020370
0 0.946354 0.435185 0.026042 0.018519
0 0.961979 0.502315 0.029167 0.023148
0 0.808333 0.532407 0.022917 0.020370
0 0.255990 0.632407 0.024479 0.022222
0 0.853125 0.532870 0.026042 0.021296
0 0.077344 0.343056 0.024479 0.026852
0 0.988281 0.429167 0.021354 0.025000
0 0.482812 0.236574 0.018750 0.062037
0 0.530729 0.217130 0.016667 0.047222
0 0.895052 0.536111 0.025521 0.020370
0 0.262500 0.524537 0.023958 0.019444
0 0.467448 0.297685 0.020313 0.049074
0 0.537240 0.279167 0.026562 0.047222
0 0.220573 0.525000 0.028646 0.022222
0 0.730208 0.568056 0.026042 0.021296
0 0.260937 0.598611 0.026042 0.023148
0 0.258854 0.564815 0.027083 0.022222
0 0.133333 0.400463 0.026042 0.021296
0 0.609115 0.366667 0.029687 0.029630
0 0.940104 0.537963 0.031250 0.022222
0 0.764323 0.568056 0.023438 0.021296
0 0.503646 0.098611 0.010417 0.041667
0 0.131510 0.466667 0.023438 0.061111
0 0.194271 0.367593 0.025000 0.018519
0 0.689063 0.392593 0.025000 0.020370
0 0.997135 0.506481 0.004687 0.020370
0 0.983333 0.539352 0.029167 0.021296
0 0.863281 0.572685 0.025521 0.019444
0 0.049479 0.522685 0.026042 0.019444
0 0.911979 0.571759 0.022917 0.021296
0 0.092188 0.519907 0.027083 0.021296
0 0.813542 0.391204 0.027083 0.021296
0 0.471615 0.886111 0.015104 0.040741
0 0.446094 0.194444 0.010937 0.051852
0 0.504687 0.984722 0.030208 0.030556
0 0.022135 0.694907 0.020313 0.021296
0 0.510677 0.742593 0.013021 0.024074
0 0.009115 0.626852 0.007812 0.020370
0 0.046615 0.247222 0.013021 0.038889
