0 0.461198 0.132870 0.010937 0.039815
0 0.461198 0.061111 0.010937 0.055556
0 0.726562 0.483796 0.026042 0.021296
0 0.728646 0.448148 0.026042 0.022222
0 0.766667 0.484259 0.027083 0.020370
0 0.805208 0.482407 0.026042 0.022222
0 0.766667 0.450000 0.025000 0.018519
0 0.727344 0.514815 0.025521 0.020370
0 0.814063 0.450926 0.028125 0.022222
0 0.920052 0.415278 0.028646 0.019444
0 0.869010 0.447685 0.029687 0.021296
0 0.857552 0.482407 0.026562 0.022222
0 0.967969 0.413889 0.027604 0.020370
0 0.939323 0.481944 0.024479 0.021296
0 0.910937 0.450926 0.027083 0.020370
0 0.902344 0.481944 0.030729 0.021296
0 0.766667 0.521296 0.027083 0.020370
0 0.943750 0.450000 0.026042 0.018519
0 0.982552 0.449074 0.025521 0.018519
0 0.239063 0.638426 0.023958 0.021296
0 0.250260 0.529630 0.025521 0.022222
0 0.808073 0.517593 0.027604 0.020370
0 0.860417 0.517130 0.027083 0.021296
0 0.727865 0.556019 0.025521 0.019444
0 0.771875 0.556944 0.027083 0.019444
0 0.904167 0.518056 0.029167 0.023148
0 0.813281 0.556481 0.025521 0.020370
0 0.430469 0.991667 0.006771 0.016667
0 0.850000 0.556019 0.027083 0.021296
0 0.193750 0.639352 0.027083 0.023148
0 0.996875 0.410648 0.005208 0.019444
0 0.950521 0.517593 0.026042 0.022222
0 0.210417 0.528704 0.028125 0.024074
0 0.260937 0.604630 0.027083 0.024074
0 0.151042 0.641204 0.025000 0.023148
0 0.257292 0.671759 0.028125 0.021296
0 0.225000 0.607407 0.025000 0.024074
0 0.416406 0.449074 0.009896 0.050000
0 0.408594 0.958333 0.013021 0.048148
0 0.220833 0.673611 0.027083 0.021296
0 0.101302 0.640278 0.029687 0.023148
0 0.184115 0.605093 0.028646 0.023148
0 0.170313 0.534722 0.028125 0.023148
0 0.126562 0.603704 0.029167 0.024074
0 0.395833 0.786574 0.020833 0.049074
0 0.896354 0.553704 0.027083 0.022222
0 0.510677 0.087963 0.011979 0.050000
0 0.348958 0.705093 0.031250 0.030556
0 0.174219 0.675926 0.027604 0.020370
0 0.445833 0.942593 0.012500 0.055556
0 0.130729 0.675463 0.027083 0.021296
0 0.053646 0.640741 0.029167 0.018519
0 0.077604 0.605556 0.035417 0.025926
0 0.521354 0.183333 0.012500 0.035185
0 0.439844 0.655093 0.011979 0.047222
0 0.980469 0.741204 0.024479 0.021296
0 0.441146 0.212963 0.011458 0.055556
0 0.935417 0.553241 0.026042 0.019444
0 0.013542 0.638889 0.022917 0.018519
0 0.042448 0.606019 0.027604 0.021296
0 0.090625 0.671296 0.028125 0.022222
0 0.425000 0.018981 0.010417 0.037963
0 0.970052 0.555093 0.026562 0.021296
0 0.480990 0.044907 0.013021 0.054630
0 0.235417 0.710185 0.026042 0.022222
0 0.048177 0.675000 0.028646 0.020370
0 0.949219 0.660185 0.025521 0.018519
0 0.628906 0.369444 0.026562 0.025926
0 0.982292 0.483796 0.031250 0.019444
0 0.496875 0.156019 0.013542 0.050926
0 0.067187 0.419907 0.027083 0.030556
0 0.992708 0.517593 0.014583 0.020370
0 0.480990 0.212037 0.011979 0.051852
0 0.444531 0.781019 0.011979 0.052778
0 0.678906 0.377778 0.026562 0.022222
0 0.423958 0.808796 0.011458 0.052778
0 0.015365 0.675000 0.023438 0.018519
0 0.010937 0.607407 0.020833 0.022222
0 0.114844 0.534259 0.029687 0.024074
0 0.151302 0.570370 0.027604 0.024074
0 0.504687 0.687037 0.012500 0.057407
0 0.173177 0.707407 0.025521 0.022222
0 0.417708 0.643519 0.013542 0.061111
0 0.166146 0.377315 0.015625 0.054630
0 0.487500 0.457407 0.010417 0.051852
0 0.430469 0.550463 0.010937 0.045370
0 0.503646 0.346296 0.011458 0.057407
0 0.112500 0.710648 0.032292 0.023148
0 0.488021 0.614815 0.012500 0.057407
0 0.436719 0.363426 0.010937 0.054630
0 0.789844 0.377778 0.024479 0.018519
0 0.067448 0.533333 0.027604 0.020370
0 0.573438 0.766667 0.023958 0.048148
0 0.421354 0.182870 0.011458 0.060185
0 0.041146 0.569907 0.025000 0.023148
0 0.488802 0.851389 0.009896 0.041667
0 0.030469 0.709722 0.025521 0.021296
0 0.511458 0.900926 0.013542 0.053704
0 0.216146 0.569907 0.033333 0.021296
