0 0.263542 0.597222 0.027083 0.020370
0 0.823698 0.470833 0.027604 0.021296
0 0.822917 0.536111 0.028125 0.022222
0 0.785417 0.500000 0.026042 0.022222
0 0.734635 0.534259 0.025521 0.018519
0 0.228906 0.634259 0.028646 0.024074
0 0.175260 0.597222 0.026562 0.022222
0 0.867188 0.469907 0.028125 0.021296
0 0.855469 0.437500 0.025521 0.017593
0 0.269271 0.631944 0.028125 0.021296
0 0.866406 0.505556 0.026562 0.020370
0 0.134635 0.589815 0.023438 0.020370
0 0.740104 0.425926 0.027083 0.022222
0 0.908333 0.507870 0.025000 0.019444
0 0.740885 0.462500 0.028646 0.021296
0 0.214062 0.594444 0.028125 0.024074
0 0.779427 0.429630 0.023438 0.020370
0 0.775521 0.536111 0.026042 0.018519
0 0.824479 0.503704 0.029167 0.024074
0 0.777865 0.466667 0.025521 0.022222
0 0.739062 0.500463 0.028125 0.019444
0 0.469531 0.143056 0.015104 0.058333
0 0.946354 0.472222 0.026042 0.018519
0 0.953125 0.506944 0.027083 0.021296
0 0.910417 0.471296 0.027083 0.020370
0 0.864323 0.540741 0.028646 0.024074
0 0.472135 0.063426 0.016146 0.062037
0 0.820312 0.432407 0.027083 0.020370
0 0.267188 0.666667 0.023958 0.020370
0 0.084635 0.588889 0.028646 0.024074
0 0.983333 0.439815 0.030208 0.014815
0 0.909375 0.541667 0.025000 0.020370
0 0.267708 0.564352 0.025000 0.021296
0 0.177344 0.629630 0.028646 0.022222
0 0.038802 0.587500 0.028646 0.021296
0 0.952344 0.540278 0.024479 0.021296
0 0.234896 0.560185 0.023958 0.018519
0 0.990885 0.511111 0.018229 0.020370
0 0.743490 0.568519 0.026562 0.022222
0 0.117448 0.629167 0.025521 0.021296
0 0.777344 0.573611 0.024479 0.021296
0 0.988021 0.543056 0.021875 0.021296
0 0.196615 0.559722 0.024479 0.021296
0 0.050521 0.244907 0.014583 0.037963
0 0.003385 0.583333 0.006771 0.022222
0 0.060677 0.623611 0.028646 0.021296
0 0.820312 0.574074 0.027083 0.024074
0 0.225260 0.664815 0.027604 0.022222
0 0.512240 0.098611 0.014063 0.054630
0 0.014844 0.625000 0.025521 0.020370
0 0.564063 0.331019 0.030208 0.045370
0 0.533594 0.254630 0.021354 0.053704
0 0.421615 0.901389 0.010937 0.058333
0 0.445833 0.882407 0.012500 0.050000
0 0.859375 0.573611 0.029167 0.023148
0 0.452083 0.385185 0.012500 0.061111
0 0.706250 0.388889 0.023958 0.018519
0 0.183594 0.662037 0.028646 0.024074
0 0.263281 0.526389 0.026562 0.019444
0 0.321354 0.702315 0.028125 0.023148
0 0.502865 0.230093 0.013021 0.052778
0 0.489323 0.312500 0.011979 0.054630
0 0.918490 0.579167 0.026562 0.023148
0 0.751042 0.386574 0.026042 0.021296
0 0.425000 0.771759 0.013542 0.062037
0 0.187500 0.412037 0.027083 0.024074
0 0.492969 0.418056 0.013021 0.065741
0 0.500260 0.550463 0.013021 0.054630
0 0.143750 0.662037 0.028125 0.025926
0 0.211198 0.523148 0.025521 0.020370
0 0.662240 0.681019 0.024479 0.028704
0 0.442969 0.685185 0.015104 0.059259
0 0.414062 0.679167 0.012500 0.050926
0 0.422135 0.496296 0.011979 0.057407
0 0.115104 0.492593 0.029167 0.044444
0 0.516927 0.594907 0.010937 0.050926
0 0.350521 0.348611 0.025000 0.037963
0 0.426563 0.340278 0.011458 0.054630
0 0.510417 0.747685 0.013542 0.045370
0 0.967448 0.580093 0.028646 0.023148
0 0.488021 0.726852 0.012500 0.057407
0 0.859896 0.392593 0.025000 0.016667
0 0.063542 0.522222 0.031250 0.022222
0 0.051042 0.660185 0.031250 0.024074
0 0.432552 0.172222 0.011979 0.050000
0 0.487760 0.879167 0.011979 0.049074
0 0.451823 0.139815 0.013021 0.055556
0 0.523177 0.911574 0.016146 0.052778
0 0.963542 0.396759 0.030208 0.019444
0 0.501823 0.962500 0.017188 0.049074
0 0.609635 0.970370 0.035937 0.051852
0 0.006771 0.548148 0.007292 0.020370
0 0.001302 0.358796 0.002604 0.019444
