0 0.122917 0.185185 0.013542 0.055556
0 0.008333 0.123148 0.012500 0.037037
0 0.043229 0.252315 0.013542 0.045370
0 0.737500 0.572222 0.025000 0.020370
0 0.466146 0.124537 0.010417 0.054630
0 0.468750 0.055556 0.011458 0.053704
0 0.742708 0.501389 0.027083 0.023148
0 0.895052 0.439352 0.028646 0.017593
0 0.848958 0.440278 0.026042 0.017593
0 0.741667 0.468519 0.025000 0.022222
0 0.809375 0.438426 0.022917 0.017593
0 0.781250 0.468519 0.023958 0.022222
0 0.916667 0.474074 0.030208 0.018519
0 0.821354 0.470370 0.027083 0.018519
0 0.781250 0.503241 0.022917 0.021296
0 0.264323 0.642130 0.024479 0.021296
0 0.833073 0.502778 0.027604 0.020370
0 0.942187 0.438426 0.027083 0.017593
0 0.869271 0.474074 0.028125 0.018519
0 0.219531 0.641204 0.027604 0.025000
0 0.731771 0.535185 0.026042 0.020370
0 0.010677 0.243519 0.014063 0.051852
0 0.253906 0.606019 0.025521 0.025000
0 0.984375 0.439352 0.027083 0.017593
0 0.178646 0.637037 0.020833 0.025926
0 0.215625 0.601389 0.028125 0.025000
0 0.055469 0.101389 0.016146 0.060185
0 0.917188 0.509722 0.026042 0.019444
0 0.957292 0.475000 0.027083 0.016667
0 0.140365 0.636111 0.025521 0.025926
0 0.768750 0.536574 0.022917 0.019444
0 0.255469 0.675000 0.024479 0.020370
0 0.217448 0.671759 0.028646 0.023148
0 0.095573 0.634259 0.025521 0.022222
0 0.956510 0.510185 0.027604 0.018519
0 0.125260 0.601852 0.027604 0.025926
0 0.156250 0.671296 0.029167 0.024074
0 0.078125 0.601852 0.030208 0.024074
0 0.806771 0.542130 0.025000 0.021296
0 0.885417 0.543519 0.026042 0.022222
0 0.010937 0.629167 0.019792 0.019444
0 0.115104 0.669907 0.028125 0.025000
0 0.776563 0.576389 0.022917 0.019444
0 0.843229 0.541667 0.025000 0.016667
0 0.817448 0.577315 0.025521 0.021296
0 0.256771 0.571296 0.023958 0.020370
0 0.264583 0.531944 0.025000 0.021296
0 0.222135 0.568056 0.025521 0.023148
0 0.854167 0.578704 0.026042 0.022222
0 0.142708 0.563889 0.026042 0.024074
0 0.891406 0.581481 0.027604 0.022222
0 0.168750 0.602315 0.027083 0.026852
0 0.182031 0.568056 0.027604 0.026852
0 0.035677 0.599537 0.026562 0.019444
0 0.929427 0.582407 0.028646 0.022222
0 0.186198 0.224537 0.013021 0.050926
0 0.968490 0.583796 0.025521 0.019444
0 0.876302 0.508796 0.030729 0.019444
0 0.226042 0.530093 0.026042 0.023148
0 0.995573 0.584722 0.007812 0.021296
0 0.401823 0.734259 0.014063 0.055556
0 0.927083 0.542593 0.026042 0.022222
0 0.990885 0.513426 0.017188 0.017593
0 0.442708 0.497685 0.015625 0.062037
0 0.430729 0.082870 0.012500 0.047222
0 0.971354 0.546296 0.028125 0.020370
0 0.997135 0.547222 0.004687 0.016667
0 0.432812 0.923148 0.015625 0.059259
0 0.422396 0.710648 0.013542 0.062037
0 0.514323 0.083796 0.013021 0.052778
0 0.440625 0.769444 0.014583 0.057407
0 0.107292 0.432870 0.027083 0.023148
0 0.439844 0.608796 0.013021 0.054630
0 0.421615 0.475463 0.013021 0.056481
0 0.629687 0.759722 0.025000 0.026852
0 0.292448 0.386574 0.022396 0.025000
0 0.494792 0.654167 0.014583 0.054630
0 0.419531 0.368981 0.013021 0.050926
0 0.590365 0.770833 0.027604 0.041667
0 0.482552 0.875926 0.015104 0.055556
0 0.487760 0.783796 0.014063 0.058333
0 0.428906 0.205093 0.013021 0.047222
0 0.510417 0.760648 0.013542 0.050926
0 0.397135 0.239815 0.019271 0.055556
0 0.442969 0.257407 0.013021 0.053704
0 0.607292 0.970833 0.033333 0.049074
