0 0.185156 0.233796 0.011979 0.052778
0 0.107552 0.266667 0.011979 0.055556
0 0.007292 0.140741 0.011458 0.038889
0 0.734635 0.570370 0.025521 0.022222
0 0.053385 0.116204 0.019271 0.058333
0 0.028125 0.454167 0.027083 0.019444
0 0.100260 0.457407 0.026562 0.024074
0 0.182552 0.415741 0.027604 0.022222
0 0.253385 0.421296 0.027604 0.024074
0 0.177344 0.459259 0.028646 0.020370
0 0.277865 0.459259 0.025521 0.018519
0 0.379688 0.426852 0.022917 0.018519
0 0.388281 0.458796 0.024479 0.021296
0 0.876563 0.653241 0.027083 0.021296
0 0.864583 0.618519 0.028125 0.020370
0 0.945833 0.622685 0.028125 0.023148
0 0.767448 0.615278 0.026562 0.019444
0 0.517188 0.433333 0.026042 0.018519
0 0.190104 0.493519 0.030208 0.022222
0 0.781510 0.652315 0.028646 0.023148
0 0.275000 0.498611 0.027083 0.023148
0 0.689063 0.617593 0.022917 0.020370
0 0.990104 0.691667 0.019792 0.022222
0 0.698438 0.657870 0.028125 0.025000
0 0.341667 0.504167 0.027083 0.023148
0 0.771354 0.569444 0.025000 0.020370
0 0.884635 0.697222 0.025521 0.018519
0 0.634896 0.635185 0.025000 0.020370
0 0.438021 0.487500 0.025000 0.021296
0 0.706771 0.698611 0.027083 0.021296
0 0.260156 0.580093 0.028646 0.023148
0 0.811458 0.568056 0.028125 0.023148
0 0.211719 0.575926 0.025521 0.024074
0 0.851562 0.568981 0.026042 0.021296
0 0.309375 0.548611 0.025000 0.019444
0 0.894531 0.574537 0.028646 0.023148
0 0.933073 0.571296 0.028646 0.024074
0 0.507292 0.622222 0.027083 0.022222
0 0.173437 0.578704 0.025000 0.022222
0 0.668490 0.569444 0.026562 0.020370
0 0.248958 0.543519 0.026042 0.018519
0 0.446615 0.517130 0.027604 0.023148
0 0.445833 0.063426 0.011458 0.054630
0 0.971354 0.574537 0.021875 0.021296
0 0.428385 0.149537 0.010937 0.047222
0 0.445052 0.140278 0.013021 0.054630
0 0.427604 0.075463 0.014583 0.060185
0 0.179167 0.544907 0.028125 0.023148
0 0.504948 0.514815 0.026562 0.018519
0 0.130469 0.577315 0.027604 0.023148
0 0.120833 0.540278 0.027083 0.023148
0 0.080208 0.544907 0.026042 0.021296
0 0.033854 0.539352 0.029167 0.023148
0 0.090365 0.578704 0.028646 0.024074
0 0.004427 0.545833 0.008854 0.023148
0 0.500260 0.114815 0.015104 0.057407
1 0.058333 0.489352 0.031250 0.023148
0 0.422396 0.978704 0.012500 0.042593
0 0.529427 0.691667 0.026562 0.022222
0 0.373698 0.301852 0.024479 0.042593
0 0.465365 0.123148 0.010937 0.051852
0 0.510156 0.487500 0.028646 0.021296
0 0.475521 0.464352 0.023958 0.021296
0 0.593229 0.352315 0.028125 0.032407
0 0.601823 0.684722 0.026562 0.023148
0 0.696875 0.395833 0.027083 0.023148
0 0.636979 0.430093 0.026042 0.021296
0 0.604427 0.492130 0.028646 0.021296
0 0.566667 0.460185 0.027083 0.022222
0 0.630208 0.525463 0.028125 0.021296
0 0.349479 0.614815 0.028125 0.022222
0 0.444792 0.651852 0.028125 0.024074
0 0.758854 0.391667 0.026042 0.020370
0 0.678906 0.463889 0.025521 0.020370
0 0.712240 0.434259 0.028646 0.024074
1 0.488281 0.395833 0.086979 0.039815
0 0.339583 0.750926 0.029167 0.035185
0 0.246354 0.615741 0.025000 0.022222
0 0.363021 0.648148 0.025000 0.022222
0 0.749479 0.498148 0.025000 0.022222
0 0.705990 0.531944 0.024479 0.019444
0 0.461979 0.052315 0.011458 0.041667
1 0.404427 0.693981 0.080729 0.034259
0 0.809115 0.390741 0.026562 0.022222
0 0.847656 0.426389 0.028646 0.023148
0 0.765104 0.528704 0.026042 0.020370
0 0.763542 0.461574 0.028125 0.023148
0 0.863802 0.388889 0.027604 0.020370
0 0.152344 0.615278 0.027604 0.023148
0 0.835677 0.500463 0.028646 0.023148
0 0.189844 0.719907 0.027604 0.023148
0 0.126823 0.684259 0.027604 0.022222
0 0.976042 0.463426 0.022917 0.023148
0 0.909115 0.430093 0.029687 0.023148
0 0.410417 0.124074 0.012500 0.055556
0 0.892188 0.461574 0.031250 0.025000
0 0.072917 0.648148 0.029167 0.022222
0 0.904948 0.535648 0.025521 0.021296
0 0.924740 0.500000 0.032813 0.025926
2 0.060937 0.408796 0.094792 0.034259
0 0.052083 0.616667 0.026042 0.020370
0 0.928906 0.382870 0.030729 0.017593
0 0.042448 0.267593 0.013021 0.046296
0 0.028385 0.683796 0.025521 0.023148
0 0.985938 0.500000 0.015625 0.022222
0 0.987500 0.431019 0.015625 0.023148
0 0.012760 0.720833 0.021354 0.019444
0 0.244531 0.686574 0.048438 0.026852
