0 0.195833 0.333796 0.027083 0.025000
0 0.055208 0.410185 0.029167 0.022222
0 0.094531 0.436111 0.025521 0.020370
0 0.539062 0.515278 0.027083 0.023148
0 0.261719 0.528704 0.026562 0.020370
0 0.218490 0.530556 0.027604 0.024074
0 0.481510 0.563889 0.024479 0.020370
0 0.260417 0.569444 0.027083 0.024074
0 0.642188 0.558796 0.023958 0.023148
0 0.137760 0.485185 0.027604 0.020370
0 0.733073 0.564352 0.026562 0.021296
0 0.182292 0.533333 0.026042 0.022222
0 0.784375 0.560185 0.021875 0.022222
0 0.145573 0.535185 0.025521 0.020370
0 0.825781 0.566204 0.027604 0.021296
0 0.032031 0.450000 0.026562 0.020370
0 0.864062 0.564352 0.027083 0.021296
0 0.932292 0.564815 0.025000 0.020370
0 0.102344 0.532870 0.027604 0.021296
0 0.976042 0.562963 0.026042 0.020370
0 0.059896 0.531944 0.026042 0.019444
0 0.445833 0.050000 0.011458 0.046296
0 0.445052 0.136111 0.013021 0.042593
0 0.169531 0.567593 0.030729 0.024074
0 0.212500 0.570833 0.026042 0.021296
0 0.989323 0.649074 0.021354 0.018519
0 0.428385 0.050000 0.010937 0.053704
0 0.010417 0.530556 0.018750 0.018519
0 0.426823 0.134259 0.010937 0.055556
0 0.124479 0.568519 0.029167 0.024074
0 0.170052 0.456481 0.026562 0.018519
0 0.463542 0.131481 0.012500 0.048148
0 0.464583 0.066667 0.011458 0.051852
0 0.080469 0.566667 0.027604 0.022222
0 0.990365 0.699074 0.019271 0.022222
0 0.409896 0.044444 0.013542 0.053704
0 0.794271 0.648148 0.026042 0.020370
0 0.906510 0.631944 0.031771 0.025000
0 0.921354 0.676389 0.028125 0.021296
0 0.176042 0.408796 0.028125 0.023148
0 0.329948 0.489352 0.026562 0.023148
0 0.292708 0.444907 0.027083 0.023148
0 0.803906 0.613426 0.026562 0.019444
0 0.242188 0.478241 0.022917 0.019444
0 0.630990 0.647685 0.025521 0.021296
0 0.702344 0.676852 0.024479 0.020370
0 0.370573 0.445370 0.025521 0.020370
0 0.490885 0.417593 0.025521 0.022222
0 0.571615 0.305556 0.029687 0.040741
0 0.583594 0.487963 0.027604 0.022222
0 0.682813 0.612963 0.026042 0.020370
0 0.455729 0.508796 0.026042 0.019444
0 0.544271 0.642130 0.022917 0.019444
0 0.420312 0.477315 0.027083 0.021296
0 0.561458 0.680556 0.025000 0.016667
0 0.546615 0.395833 0.027604 0.025000
0 0.471094 0.640741 0.026562 0.020370
0 0.500781 0.456944 0.026562 0.023148
0 0.474479 0.679167 0.026042 0.021296
0 0.346615 0.721759 0.028646 0.028704
0 0.454167 0.603704 0.026042 0.020370
0 0.653906 0.457870 0.022396 0.021296
0 0.633333 0.363889 0.028125 0.025926
0 0.411198 0.647222 0.026562 0.022222
0 0.620313 0.523611 0.027083 0.023148
0 0.581771 0.455093 0.025000 0.021296
0 0.661458 0.490278 0.026042 0.023148
0 0.357812 0.607870 0.026042 0.021296
0 0.721875 0.426389 0.023958 0.021296
0 0.797917 0.420833 0.031250 0.025000
0 0.700781 0.523611 0.024479 0.021296
0 0.311198 0.643056 0.025521 0.023148
0 0.328646 0.676852 0.025000 0.020370
0 0.740625 0.490278 0.025000 0.021296
0 0.035677 0.565741 0.029687 0.022222
0 0.735677 0.457407 0.027604 0.024074
0 0.240365 0.641204 0.027604 0.021296
0 0.204948 0.604167 0.026562 0.021296
0 0.407031 0.182407 0.009896 0.055556
0 0.820052 0.527778 0.027604 0.024074
0 0.851823 0.494444 0.028646 0.024074
0 0.865885 0.422222 0.026562 0.022222
0 0.828385 0.380556 0.027604 0.022222
0 0.137240 0.674537 0.026562 0.025000
0 0.135156 0.636574 0.027604 0.023148
0 0.919792 0.492593 0.027083 0.020370
0 0.909635 0.460648 0.028646 0.025000
0 0.099479 0.602315 0.025000 0.023148
0 0.959115 0.527778 0.023438 0.020370
0 0.952604 0.424074 0.026042 0.020370
0 0.989583 0.492130 0.013542 0.021296
