0 0.746094 0.535185 0.029687 0.025926
0 0.909896 0.460648 0.026042 0.021296
0 0.867969 0.463426 0.031771 0.021296
0 0.185677 0.593519 0.025521 0.022222
0 0.620833 0.391204 0.029167 0.025000
0 0.045312 0.666204 0.027083 0.021296
0 0.826823 0.465741 0.028646 0.022222
0 0.089063 0.630093 0.033333 0.023148
0 0.134635 0.666667 0.026562 0.022222
0 0.227604 0.699074 0.025000 0.022222
0 0.142708 0.590278 0.023958 0.021296
0 0.467969 0.272685 0.010937 0.045370
0 0.744531 0.497685 0.027604 0.023148
0 0.786979 0.499537 0.027083 0.023148
0 0.056250 0.595833 0.028125 0.023148
0 0.101042 0.592593 0.028125 0.022222
0 0.258854 0.629167 0.025000 0.023148
0 0.741927 0.462500 0.028646 0.023148
0 0.226562 0.593056 0.027083 0.023148
0 0.784115 0.465278 0.026562 0.021296
0 0.905990 0.567130 0.027604 0.021296
0 0.532031 0.231944 0.021354 0.058333
0 0.473438 0.425926 0.011458 0.051852
0 0.218490 0.663889 0.027604 0.022222
0 0.090104 0.667130 0.026042 0.021296
0 0.185677 0.699537 0.026562 0.023148
0 0.475000 0.600463 0.017708 0.058333
0 0.989844 0.687500 0.020313 0.026852
0 0.865104 0.568981 0.027083 0.023148
0 0.272135 0.593981 0.026562 0.023148
0 0.470052 0.339352 0.011979 0.054630
0 0.836198 0.531944 0.026562 0.019444
0 0.497656 0.101852 0.010937 0.048148
0 0.921354 0.426852 0.033333 0.025926
0 0.796094 0.533796 0.026562 0.021296
0 0.468229 0.054167 0.012500 0.052778
0 0.566927 0.338889 0.026562 0.038889
0 0.128125 0.631481 0.028125 0.022222
0 0.309635 0.334259 0.028646 0.040741
0 0.064062 0.430093 0.030208 0.030556
0 0.741927 0.568981 0.026562 0.025000
0 0.265625 0.698148 0.028125 0.022222
0 0.983854 0.568981 0.027083 0.019444
0 0.492188 0.224537 0.010417 0.052778
0 0.777604 0.570833 0.025000 0.023148
0 0.968750 0.494907 0.026042 0.021296
0 0.222917 0.555556 0.028125 0.022222
0 0.409635 0.879630 0.021354 0.051852
0 0.259115 0.665278 0.029687 0.023148
0 0.173437 0.629630 0.027083 0.024074
0 0.049219 0.702778 0.029687 0.024074
0 0.876302 0.531944 0.027604 0.021296
0 0.267448 0.561111 0.028646 0.024074
0 0.952344 0.460648 0.028646 0.023148
0 0.178906 0.663889 0.027604 0.020370
0 0.873177 0.497685 0.027604 0.021296
0 0.034375 0.631944 0.029167 0.023148
0 0.473438 0.500000 0.012500 0.057407
0 0.913802 0.496296 0.025521 0.020370
0 0.468229 0.199074 0.011458 0.055556
0 0.007292 0.155556 0.012500 0.037037
0 0.212760 0.628241 0.026562 0.021296
0 0.189583 0.248148 0.015625 0.059259
0 0.450781 0.167130 0.009896 0.043519
0 0.820052 0.570370 0.025521 0.022222
0 0.948698 0.567593 0.026562 0.018519
0 0.038281 0.137500 0.011979 0.047222
0 0.469271 0.114352 0.011458 0.047222
0 0.431250 0.161111 0.012500 0.051852
0 0.739062 0.791667 0.016667 0.031481
0 0.045312 0.285648 0.012500 0.039815
0 0.109896 0.281944 0.013542 0.054630
0 0.177083 0.559259 0.025000 0.022222
0 0.821094 0.497222 0.024479 0.020370
0 0.994271 0.529630 0.009375 0.022222
0 0.996875 0.491667 0.006250 0.020370
0 0.077604 0.128241 0.014583 0.043519
0 0.011719 0.704167 0.021354 0.023148
1 0.108594 0.706944 0.073438 0.034259
2 0.969271 0.422685 0.060417 0.032407
0 0.449740 0.106944 0.017188 0.058333
0 0.200521 0.462500 0.023958 0.021296
2 0.942708 0.532870 0.090625 0.034259
0 0.005729 0.280556 0.010417 0.051852
2 0.768229 0.425926 0.094792 0.037037
0 0.510156 0.289352 0.010937 0.045370
0 0.448698 0.034259 0.011979 0.061111
0 0.431250 0.093519 0.010417 0.046296
0 0.820312 0.681019 0.028125 0.025000
0 0.500000 0.443519 0.013542 0.051852
0 0.317708 0.536574 0.023958 0.037963
0 0.610938 0.767130 0.028125 0.041667
0 0.336719 0.746759 0.029687 0.026852
2 0.858073 0.422222 0.081771 0.031481
0 0.003646 0.667593 0.007292 0.024074
0 0.503646 0.596296 0.012500 0.059259
0 0.426302 0.711111 0.021354 0.059259
0 0.517448 0.698611 0.011979 0.056481
0 0.622656 0.812037 0.010937 0.029630
0 0.073438 0.741204 0.027083 0.019444
