0 0.195573 0.334722 0.028646 0.025000
0 0.126562 0.483333 0.027083 0.022222
0 0.261198 0.530093 0.026562 0.019444
0 0.217969 0.530556 0.026562 0.022222
0 0.481250 0.564352 0.025000 0.021296
0 0.259896 0.570370 0.026042 0.022222
0 0.511719 0.558333 0.021354 0.022222
0 0.572656 0.556019 0.025521 0.021296
0 0.182292 0.533796 0.023958 0.019444
0 0.616927 0.560185 0.019271 0.018519
0 0.145573 0.536111 0.025521 0.020370
0 0.696094 0.563889 0.023438 0.018519
0 0.748958 0.563889 0.026042 0.022222
0 0.824219 0.563426 0.025521 0.023148
0 0.101823 0.533333 0.027604 0.018519
0 0.912760 0.561111 0.026562 0.022222
0 0.059635 0.532407 0.025521 0.018519
0 0.444792 0.050463 0.011458 0.047222
0 0.444271 0.135648 0.013542 0.045370
0 0.169531 0.568519 0.029687 0.024074
0 0.211979 0.571759 0.026042 0.021296
0 0.427865 0.049074 0.009896 0.055556
0 0.010417 0.529630 0.018750 0.018519
0 0.426563 0.132870 0.011458 0.054630
0 0.123958 0.568981 0.028125 0.023148
0 0.463021 0.133796 0.011458 0.045370
0 0.463542 0.066667 0.012500 0.051852
0 0.080208 0.568056 0.027083 0.021296
0 0.389583 0.282870 0.021875 0.054630
0 0.138281 0.410185 0.027604 0.022222
0 0.196615 0.482407 0.027604 0.022222
0 0.972396 0.647222 0.025000 0.018519
0 0.064583 0.383796 0.027083 0.021296
0 0.902865 0.632407 0.027604 0.020370
0 0.610677 0.964815 0.033854 0.055556
0 0.102344 0.453241 0.026562 0.019444
0 0.946094 0.681019 0.026562 0.021296
0 0.423177 0.901389 0.019271 0.056481
0 0.947656 0.610648 0.025521 0.019444
0 0.313542 0.453241 0.023958 0.019444
0 0.827344 0.646296 0.027604 0.022222
0 0.263542 0.494907 0.026042 0.021296
0 0.184635 0.443519 0.025521 0.022222
0 0.234375 0.457407 0.027083 0.018519
0 0.771875 0.612037 0.026042 0.020370
0 0.352083 0.423148 0.026042 0.020370
0 0.438281 0.404630 0.025521 0.022222
0 0.337240 0.500463 0.026562 0.021296
0 0.669271 0.643519 0.025000 0.024074
0 0.779167 0.684722 0.025000 0.019444
0 0.353646 0.472685 0.026042 0.021296
0 0.035417 0.566204 0.030208 0.023148
0 0.409635 0.446759 0.028646 0.025000
0 0.601562 0.643056 0.025000 0.019444
0 0.570052 0.606019 0.024479 0.017593
0 0.346354 0.342130 0.027083 0.036111
0 0.042969 0.259259 0.013021 0.037037
0 0.453646 0.504167 0.026042 0.023148
0 0.480990 0.477315 0.027604 0.023148
0 0.511198 0.417130 0.023438 0.019444
0 0.546354 0.282870 0.031250 0.047222
0 0.530990 0.683796 0.026562 0.021296
0 0.529948 0.640278 0.023438 0.019444
0 0.552865 0.481944 0.026562 0.023148
0 0.505990 0.448148 0.026562 0.022222
0 0.613542 0.452315 0.025000 0.023148
0 0.482552 0.606481 0.025521 0.020370
0 0.567969 0.515741 0.023438 0.022222
0 0.608073 0.416667 0.024479 0.022222
0 0.621875 0.483796 0.026042 0.021296
0 0.405729 0.606481 0.026042 0.020370
1 0.268750 0.412037 0.057292 0.033333
0 0.282292 0.643519 0.025000 0.020370
0 0.699740 0.423148 0.025521 0.022222
0 0.706250 0.488426 0.026042 0.023148
0 0.051042 0.413426 0.050000 0.021296
0 0.324219 0.609259 0.024479 0.020370
0 0.741406 0.453704 0.024479 0.024074
0 0.778646 0.421296 0.023958 0.024074
0 0.409896 0.184722 0.011458 0.049074
0 0.824479 0.455556 0.026042 0.024074
0 0.793750 0.383333 0.026042 0.020370
0 0.853385 0.490741 0.026562 0.020370
0 0.090885 0.605093 0.024479 0.021296
0 0.873177 0.418981 0.026562 0.021296
0 0.161198 0.639352 0.027604 0.021296
0 0.936979 0.494444 0.028125 0.022222
1 0.403906 0.677315 0.068229 0.028704
0 0.948438 0.457407 0.029167 0.022222
0 0.946875 0.385648 0.031250 0.025000
0 0.181510 0.682407 0.068229 0.024074
0 0.977865 0.424074 0.022396 0.022222
0 0.967969 0.566204 0.028646 0.021296
