0 0.460938 0.128241 0.010417 0.045370
0 0.461458 0.059259 0.011458 0.055556
0 0.726562 0.482870 0.025000 0.019444
0 0.728906 0.447222 0.025521 0.022222
0 0.767448 0.482870 0.027604 0.021296
0 0.805990 0.481481 0.026562 0.020370
0 0.766927 0.449074 0.026562 0.020370
0 0.727865 0.514815 0.025521 0.022222
0 0.814323 0.450000 0.028646 0.022222
0 0.920052 0.414352 0.028646 0.021296
0 0.869792 0.447685 0.029167 0.023148
0 0.858073 0.481944 0.026562 0.023148
0 0.968229 0.412500 0.028125 0.021296
0 0.939844 0.481481 0.024479 0.020370
0 0.911719 0.450000 0.027604 0.020370
0 0.901302 0.481481 0.029687 0.020370
0 0.766927 0.521296 0.026562 0.020370
0 0.944271 0.449074 0.026042 0.020370
0 0.983333 0.448148 0.025000 0.018519
0 0.239063 0.638426 0.025000 0.023148
0 0.249479 0.528704 0.025000 0.022222
0 0.808854 0.516667 0.028125 0.020370
0 0.860417 0.516667 0.026042 0.018519
0 0.728906 0.556019 0.025521 0.017593
0 0.771875 0.556019 0.028125 0.021296
0 0.904948 0.517130 0.028646 0.021296
0 0.813281 0.555556 0.026562 0.020370
0 0.129167 0.193056 0.013542 0.052778
0 0.850521 0.556019 0.027083 0.019444
0 0.192969 0.639815 0.026562 0.022222
0 0.996875 0.411111 0.005208 0.018519
0 0.951562 0.516667 0.026042 0.020370
0 0.209115 0.528241 0.027604 0.023148
0 0.260677 0.603704 0.026562 0.024074
0 0.150521 0.641204 0.025000 0.023148
0 0.256771 0.671296 0.028125 0.020370
0 0.224740 0.606481 0.024479 0.024074
0 0.421875 0.808333 0.010417 0.053704
0 0.220573 0.672685 0.026562 0.021296
0 0.101042 0.639352 0.029167 0.023148
0 0.183854 0.603704 0.033333 0.024074
0 0.169792 0.534259 0.028125 0.024074
0 0.126302 0.603241 0.028646 0.025000
0 0.896354 0.553704 0.027083 0.022222
0 0.401823 0.868981 0.014063 0.052778
0 0.174219 0.675463 0.027604 0.021296
0 0.487240 0.771759 0.010937 0.050926
0 0.130729 0.674537 0.027083 0.023148
0 0.053646 0.638889 0.030208 0.020370
0 0.077865 0.605556 0.034896 0.025926
0 0.981250 0.740741 0.025000 0.022222
0 0.438802 0.598148 0.014063 0.061111
0 0.937500 0.552778 0.028125 0.022222
0 0.013802 0.638426 0.023438 0.021296
0 0.041927 0.605093 0.026562 0.023148
0 0.090104 0.670370 0.029167 0.024074
0 0.418229 0.406944 0.011458 0.047222
0 0.971615 0.554630 0.028646 0.020370
0 0.442448 0.272685 0.011979 0.049074
0 0.353906 0.712963 0.026562 0.024074
0 0.048438 0.674074 0.029167 0.022222
0 0.550000 0.308796 0.028125 0.049074
0 0.981771 0.483796 0.030208 0.021296
0 0.407813 0.036111 0.014583 0.053704
0 0.992708 0.517130 0.013542 0.021296
0 0.041406 0.260185 0.014063 0.040741
0 0.589063 0.370833 0.027083 0.025000
0 0.484896 0.892593 0.011458 0.046296
0 0.014323 0.675000 0.024479 0.020370
0 0.010417 0.607407 0.019792 0.020370
0 0.130729 0.532870 0.027083 0.023148
0 0.151823 0.570370 0.026562 0.022222
0 0.289844 0.702315 0.023438 0.023148
0 0.425521 0.978241 0.009375 0.043519
0 0.146354 0.348148 0.029167 0.037037
0 0.483073 0.150463 0.011979 0.049074
0 0.432031 0.911574 0.011979 0.049074
0 0.501563 0.073148 0.012500 0.053704
0 0.207813 0.707870 0.029167 0.023148
0 0.485938 0.253241 0.011458 0.049074
0 0.439063 0.738889 0.012500 0.057407
0 0.661979 0.383333 0.025000 0.020370
0 0.103385 0.456481 0.014063 0.048148
0 0.660937 0.667130 0.021875 0.030556
0 0.415885 0.562037 0.011979 0.053704
0 0.102344 0.569907 0.026562 0.023148
0 0.485938 0.464815 0.010417 0.050000
0 0.126562 0.710648 0.025000 0.023148
0 0.507292 0.481019 0.011458 0.050926
0 0.441406 0.399537 0.013021 0.058333
0 0.084896 0.532407 0.028125 0.025926
0 0.489844 0.578241 0.010937 0.049074
0 0.213281 0.569444 0.019271 0.022222
0 0.823698 0.371759 0.029687 0.019444
0 0.507292 0.694907 0.011458 0.050926
0 0.054688 0.710185 0.030208 0.024074
0 0.595833 0.337500 0.013542 0.019444
0 0.554948 0.254630 0.017188 0.055556
0 0.004427 0.712037 0.006771 0.022222
