0 0.262500 0.600000 0.028125 0.022222
0 0.823958 0.468981 0.029167 0.021296
0 0.823698 0.535648 0.027604 0.023148
0 0.786458 0.498611 0.025000 0.019444
0 0.734896 0.533333 0.026042 0.020370
0 0.227604 0.635648 0.029167 0.025000
0 0.174740 0.600463 0.025521 0.023148
0 0.867708 0.468056 0.027083 0.021296
0 0.856510 0.435648 0.025521 0.019444
0 0.268229 0.634722 0.027083 0.021296
0 0.866927 0.503241 0.027604 0.021296
0 0.472135 0.326389 0.020313 0.052778
0 0.132812 0.592130 0.026042 0.023148
0 0.740885 0.424537 0.026562 0.021296
0 0.909115 0.505556 0.024479 0.018519
0 0.741406 0.461574 0.027604 0.019444
0 0.211979 0.597222 0.027083 0.024074
0 0.779427 0.428704 0.023438 0.020370
0 0.775781 0.534259 0.026562 0.018519
0 0.825000 0.502778 0.028125 0.024074
0 0.778125 0.464352 0.026042 0.021296
0 0.494271 0.242130 0.012500 0.054630
0 0.739062 0.500000 0.027083 0.018519
0 0.468490 0.142593 0.011979 0.050000
0 0.948177 0.469444 0.025521 0.020370
0 0.956510 0.505093 0.029687 0.023148
0 0.911458 0.468981 0.028125 0.021296
0 0.449740 0.227778 0.009896 0.048148
0 0.865365 0.537500 0.029687 0.023148
0 0.434115 0.070833 0.011979 0.052778
0 0.452604 0.083333 0.012500 0.055556
0 0.471354 0.062963 0.014583 0.059259
0 0.432552 0.224537 0.011979 0.047222
0 0.820833 0.430556 0.026042 0.020370
0 0.611198 0.965741 0.036979 0.061111
0 0.266667 0.669907 0.021875 0.019444
0 0.987760 0.470833 0.022396 0.019444
0 0.436719 0.972685 0.014063 0.052778
0 0.083073 0.592130 0.027604 0.023148
0 0.984635 0.437963 0.029687 0.016667
0 0.135937 0.180556 0.013542 0.051852
0 0.511719 0.745370 0.014063 0.027778
0 0.911198 0.540278 0.026562 0.019444
0 0.266927 0.566204 0.024479 0.019444
0 0.176042 0.631019 0.029167 0.023148
0 0.533073 0.217593 0.016146 0.051852
0 0.038021 0.590278 0.028125 0.021296
0 0.953385 0.538426 0.024479 0.021296
0 0.031771 0.398148 0.029167 0.022222
0 0.415365 0.256019 0.009896 0.047222
0 0.233333 0.562037 0.026042 0.020370
0 0.457292 0.831481 0.027083 0.064815
0 0.991146 0.508333 0.017708 0.022222
0 0.744010 0.567593 0.027604 0.020370
0 0.557292 0.297685 0.026042 0.043519
0 0.103646 0.629630 0.026042 0.020370
0 0.115104 0.438426 0.019792 0.052778
0 0.780990 0.573148 0.024479 0.020370
0 0.626302 0.370833 0.023438 0.026852
0 0.059896 0.097685 0.012500 0.052778
0 0.988802 0.541204 0.021354 0.021296
0 0.100521 0.516667 0.028125 0.027778
0 0.195312 0.562037 0.025000 0.022222
0 0.047396 0.245370 0.012500 0.037037
0 0.002865 0.587963 0.005729 0.022222
0 0.002865 0.241667 0.005729 0.042593
0 0.059115 0.628241 0.029687 0.021296
0 0.136979 0.239815 0.013542 0.040741
0 0.045312 0.102778 0.010417 0.048148
0 0.267188 0.705093 0.028125 0.019444
0 0.865104 0.574074 0.029167 0.022222
0 0.811198 0.390741 0.027604 0.020370
0 0.052604 0.520370 0.027083 0.020370
0 0.115365 0.663426 0.028646 0.023148
0 0.909896 0.393056 0.028125 0.019444
0 0.006250 0.625926 0.009375 0.024074
0 0.415625 0.056944 0.011458 0.049074
0 0.986458 0.400926 0.017708 0.022222
0 0.504427 0.992130 0.027604 0.015741
0 0.488021 0.991667 0.015625 0.016667
