0 0.441146 0.512500 0.028125 0.023148
0 0.751042 0.453241 0.025000 0.017593
0 0.689583 0.456019 0.030208 0.021296
0 0.190885 0.597222 0.026562 0.020370
0 0.092969 0.671296 0.027604 0.018519
0 0.561458 0.460185 0.028125 0.020370
0 0.123698 0.635648 0.028646 0.021296
0 0.203385 0.668056 0.026562 0.021296
0 0.529167 0.678241 0.025000 0.019444
0 0.152865 0.595370 0.026562 0.018519
0 0.209896 0.493519 0.027083 0.020370
0 0.533854 0.489815 0.026042 0.020370
0 0.062500 0.602778 0.027083 0.020370
0 0.107813 0.598611 0.027083 0.019444
0 0.543490 0.623611 0.024479 0.021296
0 0.339583 0.471759 0.027083 0.021296
0 0.231510 0.596296 0.029687 0.020370
0 0.479948 0.462500 0.027604 0.021296
0 0.912500 0.552778 0.028125 0.020370
0 0.378385 0.656481 0.025521 0.020370
0 0.148438 0.669444 0.026042 0.018519
0 0.418490 0.696296 0.027604 0.022222
0 0.871354 0.555556 0.027083 0.020370
0 0.275000 0.594444 0.027083 0.020370
0 0.599740 0.525000 0.024479 0.018519
0 0.652604 0.424074 0.026042 0.022222
0 0.518229 0.522222 0.026042 0.020370
0 0.190625 0.634722 0.028125 0.023148
0 0.747135 0.558796 0.026562 0.019444
0 0.609115 0.669907 0.028646 0.021296
0 0.988021 0.552315 0.021875 0.021296
0 0.783333 0.561111 0.025000 0.016667
0 0.912500 0.479630 0.027083 0.018519
0 0.230729 0.559259 0.027083 0.018519
0 0.450781 0.654167 0.030729 0.025000
0 0.271094 0.629630 0.026562 0.020370
0 0.098958 0.708796 0.029167 0.021296
0 0.706771 0.525000 0.026042 0.018519
0 0.271354 0.562500 0.027083 0.019444
0 0.859115 0.450463 0.027604 0.021296
0 0.288021 0.662963 0.026042 0.018519
0 0.702083 0.489352 0.028125 0.021296
0 0.058333 0.639352 0.027083 0.021296
0 0.826042 0.482407 0.022917 0.020370
0 0.420573 0.615278 0.028646 0.021296
0 0.191406 0.250463 0.011979 0.050926
0 0.451823 0.164815 0.010937 0.040741
0 0.825000 0.560648 0.027083 0.015741
0 0.955208 0.550926 0.028125 0.020370
0 0.041406 0.145833 0.010937 0.050926
0 0.432031 0.157870 0.011979 0.047222
0 0.047396 0.293981 0.012500 0.037963
0 0.113021 0.288426 0.011458 0.052778
0 0.182552 0.562500 0.024479 0.019444
0 0.611719 0.491667 0.026562 0.018519
0 0.039583 0.709722 0.031250 0.021296
1 0.269010 0.703704 0.074479 0.029630
0 0.450000 0.104167 0.012500 0.052778
0 0.004167 0.294907 0.008333 0.052778
0 0.432292 0.089815 0.010417 0.046296
0 0.031771 0.673611 0.029167 0.019444
2 0.807292 0.517130 0.066667 0.034259
0 0.747656 0.782870 0.015104 0.032407
0 0.468229 0.072685 0.014583 0.056481
0 0.431771 0.911574 0.018750 0.054630
0 0.975781 0.476852 0.027604 0.020370
0 0.009896 0.167593 0.012500 0.035185
0 0.088542 0.484722 0.026042 0.023148
0 0.467969 0.142130 0.010937 0.047222
2 0.528906 0.415741 0.072396 0.037037
0 0.537240 0.241204 0.025521 0.052778
0 0.941927 0.514815 0.029687 0.020370
0 0.079948 0.135185 0.015104 0.051852
0 0.411719 0.235185 0.014063 0.057407
0 0.326823 0.741204 0.025521 0.021296
0 0.679688 0.379630 0.025000 0.022222
1 0.339062 0.424074 0.077083 0.033333
1 0.527865 0.415741 0.075521 0.029630
0 0.835677 0.370833 0.027604 0.021296
2 0.842448 0.409259 0.086979 0.031481
0 0.937760 0.443519 0.028646 0.020370
0 0.049740 0.748611 0.025521 0.023148
0 0.528906 0.754167 0.018229 0.050926
0 0.996875 0.507407 0.005208 0.014815
