0 0.009375 0.128241 0.013542 0.037963
0 0.044271 0.258333 0.014583 0.042593
0 0.133854 0.237500 0.025000 0.043519
0 0.085417 0.450463 0.026042 0.019444
0 0.255208 0.538889 0.026042 0.024074
0 0.774219 0.580556 0.025521 0.022222
0 0.739323 0.579630 0.026562 0.022222
0 0.255208 0.573148 0.023958 0.022222
0 0.810417 0.580556 0.029167 0.024074
0 0.219792 0.575463 0.026042 0.021296
0 0.848958 0.586574 0.028125 0.023148
0 0.885417 0.583333 0.028125 0.022222
0 0.922656 0.585648 0.025521 0.021296
0 0.217188 0.537500 0.023958 0.017593
0 0.961458 0.586574 0.028125 0.023148
0 0.166927 0.571296 0.027604 0.022222
0 0.608333 0.973148 0.036458 0.051852
0 0.447135 0.146296 0.013021 0.051852
0 0.428906 0.145833 0.010937 0.056481
0 0.447917 0.076389 0.010417 0.056481
0 0.430729 0.067130 0.011458 0.052778
0 0.992969 0.586574 0.014063 0.023148
0 0.178646 0.532870 0.025000 0.017593
0 0.466406 0.128704 0.010937 0.051852
0 0.469010 0.059259 0.010937 0.051852
0 0.570573 0.501389 0.026562 0.025000
0 0.022917 0.415278 0.030208 0.023148
0 0.098958 0.415278 0.026042 0.021296
0 0.172135 0.418981 0.027604 0.021296
0 0.265365 0.427778 0.027604 0.022222
0 0.299219 0.498148 0.025521 0.022222
0 0.175781 0.452778 0.025521 0.022222
0 0.170313 0.489815 0.027083 0.020370
0 0.319271 0.404167 0.023958 0.023148
0 0.648177 0.653704 0.027604 0.022222
0 0.392969 0.424074 0.026562 0.022222
0 0.099479 0.529630 0.029167 0.024074
0 0.127865 0.566667 0.025521 0.022222
0 0.959115 0.633796 0.028646 0.023148
0 0.942708 0.663889 0.026042 0.022222
0 0.015625 0.531944 0.026042 0.019444
0 0.267188 0.461111 0.028125 0.022222
0 0.862760 0.668519 0.027604 0.022222
0 0.896094 0.627778 0.026562 0.022222
0 0.467969 0.422222 0.026562 0.022222
0 0.376042 0.503241 0.025000 0.023148
0 0.710417 0.622685 0.025000 0.023148
0 0.081510 0.563426 0.024479 0.021296
0 0.741406 0.659259 0.027604 0.022222
0 0.810417 0.628704 0.027083 0.020370
0 0.534375 0.435648 0.027083 0.023148
0 0.057031 0.535185 0.024479 0.018519
0 0.438281 0.501389 0.028646 0.025000
0 0.754167 0.702778 0.028125 0.024074
0 0.365885 0.462963 0.028646 0.022222
0 0.521615 0.397685 0.024479 0.021296
0 0.528906 0.463889 0.023438 0.022222
0 0.665885 0.431481 0.025521 0.024074
0 0.543229 0.285648 0.025000 0.043519
0 0.184896 0.378704 0.025000 0.020370
0 0.605729 0.433333 0.029167 0.024074
0 0.614323 0.621759 0.026562 0.021296
0 0.729948 0.435648 0.025521 0.021296
0 0.593750 0.468519 0.025000 0.022222
0 0.186719 0.227315 0.011979 0.054630
0 0.499479 0.493519 0.028125 0.022222
0 0.522135 0.659722 0.025521 0.023148
0 0.514844 0.620833 0.025521 0.021296
0 0.466146 0.689815 0.026042 0.022222
0 0.386719 0.777315 0.027604 0.043519
0 0.031510 0.481019 0.029687 0.025000
0 0.404948 0.653704 0.025521 0.020370
0 0.418750 0.614352 0.025000 0.021296
0 0.797656 0.441667 0.025521 0.022222
0 0.638281 0.377315 0.028646 0.028704
0 0.661458 0.470833 0.026042 0.023148
0 0.658594 0.511111 0.023438 0.020370
0 0.305208 0.648148 0.025000 0.020370
0 0.298698 0.611574 0.023438 0.021296
0 0.061719 0.669907 0.029687 0.023148
0 0.716146 0.397222 0.031250 0.024074
0 0.779687 0.504167 0.029167 0.023148
0 0.125781 0.708796 0.029687 0.023148
0 0.728385 0.472685 0.025521 0.021296
0 0.732031 0.538889 0.027604 0.022222
0 0.203385 0.639815 0.029687 0.022222
0 0.150781 0.604630 0.029687 0.024074
0 0.867188 0.402778 0.029167 0.024074
0 0.939583 0.512500 0.029167 0.021296
0 0.064062 0.604167 0.025000 0.023148
0 0.989323 0.448148 0.018229 0.020370
0 0.041146 0.707407 0.027083 0.022222
0 0.959635 0.478704 0.024479 0.020370
0 0.958854 0.427778 0.026042 0.018519
0 0.204167 0.682407 0.069792 0.027778
