0 0.262500 0.601389 0.029167 0.023148
0 0.824219 0.468519 0.028646 0.022222
0 0.823698 0.535648 0.027604 0.023148
0 0.786458 0.498148 0.026042 0.022222
0 0.734635 0.534259 0.025521 0.020370
0 0.463281 0.777778 0.025521 0.048148
0 0.227865 0.637037 0.029687 0.024074
0 0.174479 0.602315 0.026042 0.025000
0 0.868490 0.467593 0.026562 0.022222
0 0.530990 0.275000 0.024479 0.050000
0 0.484896 0.338889 0.021875 0.051852
0 0.515625 0.692593 0.027083 0.044444
0 0.856250 0.436111 0.025000 0.018519
0 0.268750 0.636574 0.027083 0.021296
0 0.866927 0.502778 0.027604 0.022222
0 0.195573 0.528241 0.026562 0.023148
0 0.133854 0.594444 0.027083 0.024074
0 0.740625 0.425000 0.028125 0.024074
0 0.908854 0.505093 0.023958 0.019444
0 0.741406 0.462037 0.028646 0.022222
0 0.211979 0.599074 0.028125 0.024074
0 0.779167 0.428704 0.023958 0.020370
0 0.775781 0.535185 0.025521 0.018519
0 0.574219 0.615741 0.031771 0.038889
0 0.825260 0.501852 0.027604 0.024074
0 0.778385 0.464815 0.026562 0.022222
0 0.443229 0.399537 0.030208 0.049074
0 0.284375 0.531019 0.025000 0.021296
0 0.525000 0.169444 0.016667 0.051852
0 0.994010 0.701389 0.011979 0.021296
0 0.492188 0.141667 0.013542 0.057407
0 0.739323 0.500000 0.028646 0.020370
0 0.065885 0.368056 0.026562 0.021296
0 0.467969 0.143519 0.015104 0.059259
0 0.948438 0.469444 0.025000 0.022222
0 0.955729 0.504630 0.028125 0.024074
0 0.911458 0.468519 0.027083 0.022222
0 0.185417 0.436574 0.026042 0.021296
0 0.076042 0.410185 0.027083 0.020370
0 0.450000 0.138426 0.010417 0.050926
0 0.865625 0.538426 0.029167 0.025000
0 0.433333 0.050463 0.014583 0.060185
0 0.452865 0.861111 0.020313 0.053704
0 0.453125 0.067593 0.015625 0.057407
0 0.470573 0.063889 0.016146 0.061111
0 0.433854 0.138426 0.012500 0.047222
0 0.820573 0.431019 0.027604 0.021296
0 0.611458 0.967130 0.034375 0.063889
0 0.641406 0.575000 0.028646 0.024074
0 0.266667 0.671296 0.025000 0.020370
0 0.987500 0.470370 0.021875 0.020370
0 0.714063 0.568519 0.027083 0.020370
0 0.083333 0.594907 0.029167 0.025000
0 0.984115 0.436574 0.029687 0.017593
0 0.583073 0.333333 0.023438 0.033333
0 0.910677 0.539352 0.026562 0.021296
0 0.212240 0.365741 0.024479 0.020370
0 0.232552 0.566204 0.025521 0.021296
0 0.175521 0.633333 0.029167 0.024074
0 0.698958 0.390741 0.025000 0.022222
0 0.038021 0.593519 0.028125 0.022222
0 0.953385 0.537500 0.025521 0.023148
0 0.063021 0.525463 0.038542 0.025000
0 0.416146 0.128704 0.011458 0.048148
0 0.173698 0.561574 0.024479 0.019444
0 0.806510 0.573611 0.030729 0.021296
0 0.991146 0.507407 0.017708 0.024074
0 0.933073 0.575000 0.028646 0.022222
0 0.859375 0.393056 0.025000 0.017593
0 0.046354 0.631019 0.026042 0.021296
0 0.012240 0.519444 0.017188 0.020370
0 0.988281 0.579167 0.015104 0.021296
0 0.990365 0.397685 0.008854 0.021296
0 0.001823 0.404630 0.003646 0.020370
