0 0.563542 0.509722 0.028125 0.047222
0 0.196094 0.330556 0.034896 0.025926
0 0.865104 0.496759 0.027083 0.023148
0 0.774479 0.460185 0.027083 0.020370
0 0.731510 0.422685 0.025521 0.021296
0 0.735156 0.456944 0.023438 0.019444
0 0.739323 0.493519 0.028646 0.020370
0 0.728125 0.527778 0.022917 0.020370
0 0.782552 0.495833 0.025521 0.017593
0 0.774219 0.425000 0.026562 0.022222
0 0.824219 0.461111 0.027604 0.024074
0 0.870833 0.461111 0.027083 0.022222
0 0.817969 0.425463 0.025521 0.019444
0 0.913802 0.465278 0.028646 0.023148
0 0.821354 0.495833 0.025000 0.021296
0 0.860417 0.431019 0.027083 0.019444
0 0.769531 0.528241 0.027604 0.021296
0 0.903906 0.429630 0.030729 0.022222
0 0.961198 0.466204 0.031771 0.023148
0 0.905990 0.498611 0.026562 0.021296
0 0.943750 0.431944 0.029167 0.021296
0 0.960156 0.498148 0.035937 0.024074
0 0.806771 0.529167 0.022917 0.019444
0 0.254948 0.636111 0.025521 0.022222
0 0.850781 0.529630 0.025521 0.022222
0 0.893229 0.532870 0.027083 0.021296
0 0.261458 0.526389 0.026042 0.019444
0 0.219010 0.527778 0.026562 0.022222
0 0.728906 0.566667 0.025521 0.022222
0 0.259896 0.600926 0.026042 0.022222
0 0.257812 0.566667 0.028125 0.024074
0 0.938542 0.533796 0.030208 0.021296
0 0.762760 0.565741 0.023438 0.022222
0 0.996354 0.501852 0.007292 0.020370
0 0.981250 0.534259 0.027083 0.020370
0 0.804167 0.567130 0.025000 0.021296
0 0.182292 0.529167 0.025000 0.021296
0 0.833073 0.565278 0.022396 0.019444
0 0.217448 0.634722 0.025521 0.021296
0 0.145833 0.531944 0.025000 0.019444
0 0.866667 0.572222 0.025000 0.018519
0 0.996615 0.465278 0.006771 0.019444
0 0.902865 0.569444 0.026562 0.022222
0 0.173437 0.637037 0.027083 0.020370
0 0.938281 0.568519 0.027604 0.020370
0 0.133073 0.636574 0.025521 0.021296
0 0.221875 0.601389 0.025000 0.023148
0 0.181250 0.601389 0.028125 0.025000
0 0.102344 0.528241 0.027604 0.023148
0 0.088281 0.633333 0.027604 0.022222
0 0.977083 0.568056 0.029167 0.019444
0 0.045052 0.631481 0.029687 0.024074
0 0.060417 0.528241 0.026042 0.021296
0 0.125781 0.599537 0.028646 0.025000
0 0.447656 0.050463 0.010937 0.049074
0 0.447396 0.134259 0.012500 0.048148
0 0.079427 0.598611 0.030729 0.021296
0 0.405990 0.639815 0.022396 0.050000
0 0.216927 0.673611 0.021354 0.025000
0 0.177865 0.669444 0.025521 0.022222
0 0.169531 0.564352 0.032813 0.023148
0 0.212760 0.567130 0.026562 0.023148
0 0.608854 0.966204 0.034375 0.058333
0 0.007812 0.631481 0.015625 0.022222
0 0.474740 0.332870 0.017188 0.067593
0 0.029687 0.597685 0.025000 0.021296
0 0.429948 0.049074 0.009896 0.050000
0 0.138542 0.670370 0.027083 0.022222
0 0.450521 0.787500 0.015625 0.054630
0 0.465625 0.153704 0.011458 0.050000
0 0.256771 0.444444 0.020833 0.020370
0 0.984115 0.427778 0.031771 0.031481
0 0.131771 0.186574 0.013542 0.050926
0 0.108594 0.372222 0.026562 0.018519
0 0.974479 0.755556 0.026042 0.022222
0 0.011458 0.524537 0.019792 0.019444
0 0.427604 0.131944 0.011458 0.050926
0 0.045052 0.254630 0.013021 0.044444
0 0.092188 0.668981 0.036458 0.023148
0 0.464062 0.056944 0.011458 0.045370
0 0.005208 0.597222 0.010417 0.022222
0 0.335677 0.483333 0.024479 0.038889
0 0.575000 0.786111 0.025000 0.046296
0 0.283594 0.709259 0.024479 0.020370
0 0.009375 0.127315 0.012500 0.034259
0 0.117969 0.705556 0.025521 0.020370
0 0.506771 0.977778 0.022917 0.044444
0 0.465365 0.972222 0.025521 0.055556
