0 0.459896 0.127778 0.014583 0.057407
0 0.460417 0.062037 0.010417 0.053704
0 0.724740 0.484259 0.024479 0.018519
0 0.727865 0.449074 0.025521 0.022222
0 0.766146 0.484259 0.027083 0.020370
0 0.804688 0.482870 0.025000 0.019444
0 0.766667 0.450463 0.026042 0.019444
0 0.726823 0.515278 0.024479 0.019444
0 0.813542 0.451389 0.028125 0.021296
0 0.919271 0.416204 0.028125 0.017593
0 0.867448 0.448148 0.029687 0.022222
0 0.856771 0.482870 0.026042 0.021296
0 0.966927 0.414815 0.027604 0.020370
0 0.938802 0.482870 0.023438 0.019444
0 0.909896 0.451389 0.026042 0.019444
0 0.900260 0.482870 0.027604 0.019444
0 0.765885 0.522685 0.026562 0.021296
0 0.941927 0.450926 0.024479 0.018519
0 0.981510 0.450000 0.024479 0.018519
0 0.238802 0.638426 0.023438 0.021296
0 0.249219 0.528704 0.024479 0.020370
0 0.807552 0.517593 0.027604 0.020370
0 0.859115 0.517593 0.026562 0.020370
0 0.727344 0.556481 0.024479 0.018519
0 0.770833 0.557407 0.027083 0.020370
0 0.207292 0.568519 0.031250 0.022222
0 0.903125 0.518519 0.028125 0.020370
0 0.414844 0.602315 0.018229 0.062037
0 0.811458 0.556481 0.026042 0.020370
0 0.518490 0.202315 0.015104 0.050926
0 0.848958 0.556481 0.026042 0.020370
0 0.193490 0.637963 0.025521 0.022222
0 0.996875 0.412037 0.005208 0.018519
0 0.950260 0.518056 0.025521 0.019444
0 0.419271 0.360648 0.012500 0.050926
0 0.509635 0.737963 0.015104 0.027778
0 0.209115 0.528241 0.026562 0.021296
0 0.021094 0.368056 0.027604 0.021296
0 0.260156 0.604167 0.025521 0.023148
0 0.149740 0.638889 0.024479 0.022222
0 0.010417 0.421759 0.020833 0.019444
0 0.291927 0.710185 0.025521 0.022222
0 0.255729 0.670370 0.026042 0.018519
0 0.224219 0.606019 0.024479 0.023148
0 0.444010 0.190741 0.010937 0.037037
0 0.567969 0.339815 0.026562 0.031481
0 0.249219 0.707407 0.023438 0.018519
0 0.220833 0.671296 0.025000 0.020370
0 0.100260 0.638426 0.029687 0.021296
0 0.496875 0.021759 0.011458 0.043519
0 0.404948 0.957407 0.011979 0.051852
0 0.180990 0.603241 0.026562 0.021296
0 0.169531 0.533796 0.027604 0.023148
0 0.128906 0.376852 0.024479 0.018519
0 0.439844 0.847222 0.015104 0.055556
0 0.604948 0.364352 0.025521 0.025000
0 0.498958 0.140278 0.012500 0.050926
0 0.480729 0.124537 0.012500 0.056481
0 0.125781 0.602315 0.028646 0.021296
0 0.415885 0.766204 0.010937 0.050926
0 0.194531 0.706944 0.027604 0.019444
0 0.436198 0.685648 0.011979 0.052778
0 0.894010 0.554630 0.027604 0.022222
0 0.736198 0.376852 0.026562 0.020370
0 0.435417 0.570370 0.012500 0.057407
0 0.150781 0.706944 0.026562 0.019444
0 0.162500 0.674537 0.030208 0.023148
0 0.497135 0.325000 0.011979 0.055556
0 0.097917 0.675926 0.026042 0.020370
0 0.798698 0.656481 0.017188 0.018519
0 0.051302 0.637500 0.030729 0.019444
0 0.077865 0.604167 0.031771 0.025000
0 0.810156 0.413426 0.020313 0.025000
0 0.808854 0.377315 0.026042 0.019444
0 0.483073 0.397685 0.011979 0.052778
0 0.586198 0.800926 0.026562 0.040741
0 0.100781 0.520370 0.028646 0.027778
0 0.395313 0.248148 0.016667 0.053704
0 0.491146 0.517593 0.010417 0.050000
0 0.423177 0.242593 0.011979 0.051852
0 0.545312 0.868056 0.022917 0.050926
0 0.488802 0.850926 0.010937 0.046296
0 0.949740 0.553241 0.026562 0.019444
0 0.013021 0.637500 0.021875 0.017593
0 0.027604 0.602778 0.025000 0.020370
0 0.028125 0.670833 0.026042 0.021296
0 0.442448 0.068981 0.010937 0.054630
0 0.021875 0.529630 0.027083 0.016667
0 0.506510 0.979630 0.023438 0.038889
