0 0.195312 0.333333 0.029167 0.025926
0 0.261198 0.528704 0.026562 0.020370
0 0.218229 0.530556 0.028125 0.022222
0 0.478906 0.563889 0.025521 0.022222
0 0.260156 0.568056 0.027604 0.023148
0 0.511979 0.556944 0.023958 0.025000
0 0.557292 0.554167 0.026042 0.025000
0 0.181250 0.532870 0.026042 0.019444
0 0.589583 0.557407 0.021875 0.020370
0 0.145313 0.534259 0.025000 0.018519
0 0.625260 0.562037 0.026562 0.020370
0 0.662500 0.560648 0.025000 0.021296
0 0.702083 0.560185 0.025000 0.020370
0 0.101562 0.532870 0.028125 0.019444
0 0.739323 0.559722 0.024479 0.021296
0 0.059896 0.530556 0.026042 0.018519
0 0.444531 0.050000 0.010937 0.044444
0 0.444010 0.134722 0.014063 0.047222
0 0.169010 0.566667 0.030729 0.022222
0 0.212500 0.569444 0.025000 0.020370
0 0.427604 0.050000 0.010417 0.053704
0 0.426563 0.131481 0.012500 0.053704
0 0.123698 0.567593 0.028646 0.024074
0 0.463021 0.131481 0.012500 0.046296
0 0.463802 0.063889 0.015104 0.057407
0 0.079948 0.566204 0.027604 0.021296
0 0.018229 0.374537 0.028125 0.021296
0 0.610677 0.962037 0.032813 0.061111
0 0.035156 0.565741 0.030729 0.024074
0 0.069792 0.471759 0.025000 0.021296
0 0.011198 0.407870 0.022396 0.019444
0 0.146875 0.450926 0.027083 0.020370
0 0.096354 0.433333 0.027083 0.022222
0 0.234375 0.440741 0.026042 0.022222
0 0.982031 0.617130 0.027604 0.023148
0 0.134115 0.484722 0.023438 0.021296
0 0.160417 0.410648 0.026042 0.021296
0 0.207292 0.481481 0.026042 0.022222
0 0.892188 0.609259 0.027083 0.020370
0 0.749740 0.645370 0.027604 0.022222
0 0.297656 0.417593 0.025521 0.020370
0 0.287500 0.476852 0.023958 0.022222
0 0.894271 0.646296 0.027083 0.020370
0 0.364063 0.434722 0.023958 0.019444
0 0.363542 0.408333 0.023958 0.020370
0 0.106771 0.381944 0.027083 0.021296
0 0.646094 0.377315 0.025521 0.025000
0 0.421354 0.442593 0.025000 0.020370
0 0.516146 0.126852 0.012500 0.051852
0 0.402604 0.483333 0.027083 0.020370
0 0.701562 0.610648 0.022917 0.019444
0 0.347656 0.381019 0.025521 0.019444
0 0.584896 0.647685 0.027083 0.019444
0 0.482031 0.482870 0.026562 0.021296
0 0.511719 0.449537 0.023438 0.017593
0 0.595573 0.335648 0.032813 0.034259
0 0.566667 0.416667 0.023958 0.020370
0 0.785677 0.562500 0.026562 0.021296
0 0.523438 0.627778 0.027083 0.022222
0 0.544531 0.481481 0.026562 0.018519
0 0.576823 0.452315 0.023438 0.021296
0 0.666927 0.418519 0.027604 0.022222
0 0.373698 0.318056 0.026562 0.047222
0 0.648438 0.452315 0.026042 0.021296
0 0.493490 0.516667 0.025521 0.022222
0 0.862500 0.563426 0.023958 0.021296
0 0.750521 0.417130 0.025000 0.021296
0 0.749219 0.453241 0.030729 0.025000
0 0.805208 0.423148 0.027083 0.022222
0 0.006250 0.437037 0.012500 0.022222
0 0.633073 0.495833 0.025521 0.021296
0 0.355729 0.611574 0.025000 0.019444
0 0.279948 0.640741 0.027604 0.022222
0 0.901042 0.421296 0.092708 0.042593
0 0.846094 0.493981 0.028646 0.023148
0 0.871875 0.460185 0.028125 0.024074
0 0.955208 0.368056 0.028125 0.023148
0 0.992969 0.569907 0.013021 0.025000
0 0.926562 0.522685 0.028125 0.025000
0 0.987500 0.385648 0.016667 0.023148
0 0.995833 0.456019 0.006250 0.021296
