0 0.184375 0.237963 0.012500 0.053704
0 0.105729 0.269907 0.013542 0.056481
0 0.006250 0.145833 0.011458 0.041667
0 0.732031 0.564815 0.027604 0.022222
0 0.263021 0.543981 0.026042 0.019444
0 0.253385 0.582407 0.025521 0.022222
0 0.776563 0.567130 0.027083 0.021296
0 0.222135 0.548148 0.026562 0.020370
0 0.213021 0.581481 0.026042 0.020370
0 0.172917 0.581019 0.027083 0.023148
0 0.819792 0.568519 0.025000 0.022222
0 0.129688 0.583796 0.027083 0.023148
0 0.861198 0.565741 0.028646 0.024074
0 0.089844 0.583796 0.026562 0.021296
0 0.902865 0.566204 0.029687 0.023148
0 0.182552 0.549537 0.024479 0.017593
0 0.049479 0.587963 0.029167 0.025926
0 0.940885 0.566667 0.028646 0.022222
0 0.134115 0.547222 0.026562 0.020370
0 0.975000 0.566204 0.027083 0.023148
0 0.009115 0.585648 0.017188 0.025000
0 0.427344 0.138426 0.013021 0.052778
0 0.082292 0.548611 0.028125 0.023148
0 0.040625 0.551852 0.027083 0.022222
0 0.444010 0.138426 0.011979 0.050926
0 0.427604 0.055093 0.011458 0.052778
0 0.443490 0.068056 0.009896 0.045370
0 0.007292 0.550463 0.014583 0.025000
0 0.463802 0.165278 0.011979 0.056481
0 0.009896 0.264815 0.015625 0.053704
0 0.035156 0.128241 0.010937 0.047222
0 0.050260 0.123148 0.019271 0.053704
0 0.057031 0.462500 0.029687 0.025000
0 0.123177 0.443056 0.026562 0.025000
0 0.187240 0.472685 0.026562 0.023148
0 0.992708 0.684722 0.014583 0.021296
0 0.236198 0.450926 0.026562 0.020370
0 0.010937 0.420833 0.021875 0.021296
0 0.041667 0.494907 0.027083 0.023148
0 0.193490 0.412500 0.029687 0.023148
0 0.068750 0.404167 0.028125 0.021296
0 0.195052 0.504630 0.027604 0.020370
0 0.101302 0.500000 0.030729 0.024074
0 0.950260 0.698148 0.024479 0.020370
0 0.890885 0.667593 0.031771 0.025926
0 0.338802 0.505093 0.025521 0.021296
0 0.302083 0.447685 0.023958 0.021296
0 0.307292 0.412037 0.027083 0.022222
0 0.948958 0.644444 0.029167 0.022222
0 0.370573 0.475000 0.024479 0.020370
0 0.799740 0.687963 0.027604 0.025926
0 0.370573 0.441667 0.026562 0.022222
0 0.483073 0.413889 0.026562 0.024074
0 0.401823 0.410648 0.025521 0.021296
0 0.688281 0.656944 0.027604 0.021296
0 0.400521 0.512963 0.027083 0.020370
0 0.753125 0.648148 0.027083 0.022222
0 0.529167 0.454630 0.027083 0.022222
0 0.473177 0.446296 0.025521 0.022222
0 0.340104 0.355556 0.028125 0.033333
0 0.427865 0.477315 0.026562 0.023148
0 0.615625 0.682870 0.027083 0.019444
0 0.835938 0.618519 0.028125 0.022222
0 0.560677 0.416667 0.026562 0.022222
0 0.617708 0.649074 0.026042 0.020370
0 0.539583 0.696759 0.028125 0.023148
0 0.470573 0.509259 0.025521 0.024074
0 0.427604 0.980556 0.011458 0.038889
0 0.139844 0.261574 0.028646 0.037963
0 0.487240 0.482870 0.026562 0.021296
0 0.553385 0.645833 0.028646 0.021296
0 0.576042 0.457407 0.025000 0.022222
0 0.648177 0.609722 0.027604 0.021296
0 0.432552 0.692130 0.025521 0.023148
0 0.615104 0.423611 0.029167 0.025000
0 0.551823 0.605556 0.026562 0.022222
0 0.454948 0.649074 0.026562 0.022222
0 0.223698 0.654167 0.026562 0.025000
0 0.254427 0.691204 0.025521 0.023148
0 0.738802 0.459722 0.023438 0.021296
0 0.338281 0.688889 0.025521 0.022222
0 0.469271 0.610185 0.027083 0.022222
0 0.738281 0.426852 0.025521 0.020370
0 0.794010 0.421296 0.027604 0.024074
0 0.587240 0.496296 0.025521 0.022222
0 0.329167 0.653241 0.026042 0.019444
0 0.535677 0.518056 0.025521 0.025000
0 0.776563 0.460648 0.023958 0.023148
0 0.346094 0.617593 0.027604 0.024074
0 0.840365 0.423148 0.026562 0.020370
0 0.826042 0.458333 0.026042 0.020370
0 0.737240 0.391667 0.025521 0.020370
0 0.243229 0.615278 0.028125 0.021296
0 0.890104 0.457407 0.029167 0.024074
0 0.756771 0.495833 0.027083 0.021296
0 0.087500 0.619907 0.031250 0.025000
0 0.158594 0.656019 0.027604 0.023148
0 0.172917 0.725000 0.023958 0.020370
0 0.155990 0.687963 0.026562 0.022222
0 0.915625 0.421296 0.028125 0.020370
0 0.040625 0.274537 0.014583 0.045370
0 0.876563 0.495833 0.028125 0.023148
0 0.066927 0.656944 0.027604 0.021296
0 0.977083 0.422685 0.026042 0.021296
0 0.974740 0.459259 0.024479 0.020370
0 0.405990 0.050000 0.011979 0.048148
0 0.011458 0.654630 0.010417 0.020370
0 0.982031 0.524537 0.015104 0.021296
