0 0.510417 0.084259 0.010417 0.048148
0 0.506250 0.174074 0.011458 0.050000
0 0.441667 0.961574 0.015625 0.058333
0 0.491146 0.711574 0.027083 0.052778
0 0.493750 0.057407 0.014583 0.057407
0 0.627865 0.578704 0.029687 0.027778
0 0.435937 0.430093 0.022917 0.039815
0 0.684896 0.561574 0.020833 0.019444
0 0.488802 0.184259 0.013021 0.050000
0 0.399740 0.480556 0.023438 0.035185
0 0.434375 0.140278 0.014583 0.058333
0 0.451042 0.320833 0.023958 0.045370
0 0.451823 0.058796 0.011979 0.052778
0 0.611198 0.963426 0.033854 0.058333
0 0.414062 0.400926 0.018750 0.038889
0 0.322135 0.546296 0.024479 0.022222
0 0.084635 0.403241 0.028646 0.028704
0 0.115104 0.465741 0.017708 0.053704
0 0.268229 0.563889 0.026042 0.022222
0 0.193750 0.562500 0.022917 0.021296
0 0.468750 0.120833 0.012500 0.045370
0 0.200521 0.326852 0.028125 0.022222
0 0.572396 0.602778 0.030208 0.033333
0 0.434375 0.062963 0.013542 0.053704
0 0.757292 0.569907 0.027083 0.023148
0 0.869792 0.503241 0.026042 0.023148
0 0.983073 0.611111 0.028646 0.044444
0 0.812500 0.568981 0.028125 0.025000
0 0.778906 0.464815 0.026562 0.020370
0 0.735677 0.426852 0.025521 0.020370
0 0.738281 0.461111 0.023438 0.022222
0 0.743490 0.497685 0.028646 0.019444
0 0.730990 0.531019 0.022396 0.019444
0 0.785937 0.500463 0.026042 0.019444
0 0.778385 0.430093 0.025521 0.023148
0 0.827604 0.466204 0.027083 0.023148
0 0.874740 0.466204 0.027604 0.023148
0 0.820312 0.430093 0.025000 0.023148
0 0.917448 0.470833 0.028646 0.021296
0 0.824740 0.502778 0.026562 0.022222
0 0.863542 0.575926 0.027083 0.022222
0 0.865104 0.435185 0.026042 0.020370
0 0.772396 0.533796 0.027083 0.019444
0 0.909896 0.435185 0.029167 0.020370
0 0.965104 0.474074 0.031250 0.024074
0 0.909115 0.506019 0.025521 0.019444
0 0.408073 0.988426 0.007812 0.023148
0 0.948438 0.437500 0.026042 0.019444
0 0.536719 0.176852 0.020313 0.057407
0 0.964323 0.506944 0.029687 0.023148
0 0.810156 0.536574 0.021354 0.019444
0 0.256771 0.632407 0.026042 0.024074
0 0.854167 0.536111 0.028125 0.020370
0 0.090885 0.522222 0.025521 0.022222
0 0.320052 0.374537 0.027604 0.039815
0 0.989062 0.431944 0.019792 0.025000
0 0.302865 0.722685 0.028646 0.026852
0 0.113542 0.559259 0.028125 0.022222
0 0.800781 0.391204 0.026562 0.021296
0 0.408073 0.212037 0.014063 0.055556
0 0.935417 0.542130 0.027083 0.021296
0 0.047656 0.516204 0.026562 0.021296
0 0.139844 0.697685 0.028646 0.021296
0 0.043750 0.555093 0.025000 0.021296
0 0.939844 0.393981 0.029687 0.021296
0 0.008073 0.514815 0.010937 0.018519
