0 0.182812 0.243056 0.011458 0.054630
0 0.104948 0.278704 0.013021 0.053704
0 0.985677 0.652315 0.027604 0.019444
0 0.884115 0.490741 0.024479 0.020370
0 0.094271 0.700000 0.027083 0.022222
0 0.735417 0.528704 0.026042 0.024074
0 0.075260 0.628241 0.029687 0.021296
0 0.744010 0.457870 0.027604 0.025000
0 0.726823 0.425463 0.028646 0.023148
0 0.790104 0.455093 0.025000 0.023148
0 0.769010 0.422685 0.028646 0.025000
0 0.735156 0.495370 0.028646 0.025926
0 0.790365 0.494907 0.025521 0.021296
0 0.832292 0.456019 0.026042 0.023148
0 0.838021 0.492593 0.031250 0.024074
0 0.814323 0.421759 0.026562 0.023148
0 0.004948 0.153241 0.008854 0.037963
0 0.874740 0.456019 0.024479 0.023148
0 0.261979 0.693981 0.025000 0.021296
0 0.919792 0.456481 0.027083 0.022222
0 0.871615 0.420833 0.027604 0.023148
0 0.211979 0.627778 0.027083 0.024074
0 0.221875 0.696759 0.027083 0.021296
0 0.253906 0.622222 0.027604 0.020370
0 0.257292 0.659722 0.027083 0.021296
0 0.170313 0.628241 0.027083 0.023148
0 0.214583 0.660648 0.027083 0.021296
0 0.977604 0.452315 0.029167 0.023148
0 0.774219 0.528704 0.028646 0.024074
0 0.906771 0.421759 0.021875 0.025000
0 0.927344 0.493981 0.028646 0.021296
0 0.172396 0.661111 0.029167 0.022222
0 0.185938 0.693519 0.022917 0.020370
0 0.950521 0.422222 0.027083 0.022222
0 0.127344 0.625000 0.025521 0.022222
0 0.128385 0.662963 0.027604 0.024074
0 0.139844 0.697222 0.028646 0.022222
0 0.029948 0.666667 0.025521 0.020370
0 0.072917 0.662963 0.029167 0.022222
0 0.814844 0.528704 0.025521 0.022222
0 0.977344 0.491204 0.025521 0.019444
0 0.848437 0.526852 0.026042 0.018519
0 0.735417 0.565278 0.029167 0.023148
0 0.263802 0.550000 0.024479 0.020370
0 0.032031 0.625463 0.027604 0.021296
0 0.253906 0.588889 0.026562 0.024074
0 0.782292 0.566667 0.029167 0.025926
0 0.001302 0.664352 0.002604 0.017593
0 0.039844 0.700000 0.031771 0.022222
0 0.894271 0.524074 0.026042 0.018519
0 0.001823 0.627778 0.003646 0.020370
0 0.221875 0.553704 0.027083 0.022222
0 0.933073 0.528241 0.027604 0.023148
0 0.213281 0.588426 0.026562 0.023148
0 0.004687 0.695370 0.009375 0.020370
0 0.173177 0.587500 0.025521 0.021296
0 0.977604 0.524537 0.027083 0.021296
0 0.830990 0.567593 0.026562 0.024074
0 0.545312 0.562037 0.025000 0.042593
0 0.039844 0.281944 0.011979 0.041667
0 0.708854 0.637500 0.025000 0.023148
0 0.129167 0.592130 0.030208 0.023148
0 0.869792 0.564815 0.033333 0.024074
0 0.089844 0.591667 0.027604 0.020370
0 0.906250 0.563889 0.033333 0.024074
0 0.176823 0.555556 0.025521 0.020370
0 0.044531 0.595833 0.027604 0.023148
0 0.944271 0.564352 0.028125 0.023148
0 0.134115 0.554167 0.026562 0.019444
0 0.624479 0.635185 0.027083 0.029630
0 0.978125 0.563889 0.026042 0.022222
0 0.508594 0.476852 0.022396 0.053704
0 0.008594 0.594444 0.017188 0.022222
0 0.495573 0.361574 0.022396 0.058333
0 0.426823 0.140278 0.011979 0.049074
0 0.082292 0.556481 0.028125 0.022222
0 0.461458 0.059722 0.015625 0.060185
0 0.799479 0.682870 0.031250 0.026852
0 0.040885 0.559722 0.027604 0.021296
0 0.443750 0.141204 0.011458 0.049074
0 0.442708 0.068981 0.011458 0.050926
0 0.426823 0.056019 0.011979 0.054630
0 0.007292 0.559722 0.014583 0.023148
0 0.509635 0.172685 0.015104 0.047222
0 0.424740 0.007407 0.014063 0.014815
0 0.936458 0.750926 0.026042 0.022222
0 0.008854 0.270370 0.013542 0.048148
0 0.442448 0.011574 0.014063 0.023148
0 0.245312 0.459722 0.025000 0.025000
0 0.896094 0.702315 0.028646 0.021296
0 0.988281 0.421296 0.021354 0.018519
0 0.571875 0.374074 0.025000 0.033333
0 0.734115 0.789352 0.016146 0.032407
0 0.325521 0.375926 0.026042 0.037037
0 0.406250 0.660185 0.020833 0.051852
0 0.465365 0.217593 0.011979 0.057407
0 0.407031 0.198148 0.009896 0.051852
0 0.126042 0.208333 0.013542 0.042593
0 0.463021 0.947685 0.022917 0.058333
0 0.453646 0.810185 0.017708 0.053704
0 0.406771 0.050000 0.013542 0.057407
