0 0.184635 0.241204 0.011979 0.056481
0 0.010156 0.272222 0.017188 0.061111
0 0.107031 0.275926 0.013021 0.051852
0 0.472656 0.494444 0.011979 0.048148
0 0.880729 0.488889 0.026042 0.022222
0 0.096094 0.694907 0.026562 0.021296
0 0.733594 0.527778 0.026562 0.022222
0 0.077344 0.623148 0.028646 0.022222
0 0.741406 0.456019 0.026562 0.023148
0 0.725000 0.425000 0.027083 0.022222
0 0.787760 0.454630 0.025521 0.022222
0 0.767448 0.422222 0.026562 0.024074
0 0.733073 0.493519 0.028646 0.024074
0 0.787760 0.493056 0.026562 0.021296
0 0.829948 0.454630 0.025521 0.022222
0 0.835677 0.491667 0.031771 0.025926
0 0.811719 0.421296 0.026562 0.022222
0 0.006510 0.152778 0.010937 0.038889
0 0.872656 0.455556 0.024479 0.022222
0 0.263281 0.689352 0.024479 0.021296
0 0.917188 0.456019 0.028125 0.025000
0 0.869010 0.420833 0.028646 0.023148
0 0.213802 0.622685 0.027604 0.023148
0 0.222656 0.692593 0.033854 0.025926
0 0.255729 0.619444 0.029167 0.024074
0 0.258594 0.656481 0.029687 0.022222
0 0.172656 0.624074 0.026562 0.022222
0 0.215885 0.655556 0.026562 0.022222
0 0.974219 0.451852 0.034896 0.024074
0 0.771615 0.526852 0.029687 0.022222
0 0.906510 0.421296 0.022396 0.024074
0 0.924740 0.493056 0.028646 0.021296
0 0.174219 0.656481 0.028646 0.022222
0 0.187760 0.689815 0.024479 0.022222
0 0.947656 0.421759 0.027604 0.023148
0 0.129688 0.621759 0.026042 0.023148
0 0.130208 0.657870 0.031250 0.023148
0 0.142187 0.693056 0.027083 0.023148
0 0.031771 0.661111 0.026042 0.020370
0 0.075000 0.658333 0.030208 0.024074
0 0.813021 0.526852 0.027083 0.022222
0 0.560156 0.342593 0.028646 0.040741
0 0.972917 0.489815 0.026042 0.022222
0 0.846875 0.524537 0.023958 0.019444
0 0.734115 0.562963 0.028646 0.022222
0 0.265104 0.547222 0.023958 0.020370
0 0.034115 0.621296 0.026562 0.022222
0 0.254688 0.585185 0.027083 0.024074
0 0.780208 0.565741 0.029167 0.024074
0 0.002604 0.660185 0.005208 0.020370
0 0.042708 0.695370 0.030208 0.022222
0 0.892448 0.522222 0.025521 0.016667
0 0.003385 0.623611 0.006771 0.023148
0 0.223958 0.550463 0.027083 0.021296
0 0.929948 0.526852 0.027604 0.022222
0 0.214583 0.584722 0.027083 0.023148
0 0.006510 0.691667 0.011979 0.022222
0 0.174740 0.583796 0.026562 0.021296
0 0.974219 0.524074 0.025521 0.020370
0 0.827865 0.565741 0.031771 0.025926
0 0.464062 0.147222 0.013542 0.059259
0 0.398177 0.890278 0.015104 0.060185
0 0.041927 0.280556 0.011979 0.044444
0 0.467187 0.331019 0.012500 0.050926
0 0.131510 0.588426 0.027604 0.023148
0 0.866927 0.563426 0.032813 0.026852
0 0.360417 0.728241 0.027083 0.032407
0 0.516146 0.020833 0.013542 0.041667
0 0.471354 0.404630 0.015625 0.062963
0 0.092448 0.587500 0.024479 0.023148
0 0.523438 0.122222 0.015625 0.051852
0 0.904167 0.562963 0.027083 0.022222
0 0.178125 0.552778 0.025000 0.020370
0 0.047396 0.590278 0.029167 0.025000
0 0.539844 0.267593 0.021354 0.053704
0 0.941406 0.563426 0.028646 0.021296
0 0.135417 0.550463 0.026042 0.021296
0 0.462760 0.220370 0.014063 0.053704
0 0.975000 0.562963 0.025000 0.022222
0 0.482812 0.150926 0.013542 0.050000
0 0.301563 0.721296 0.023958 0.020370
0 0.490365 0.879630 0.011979 0.055556
0 0.491146 0.031481 0.013542 0.055556
0 0.498698 0.257870 0.013021 0.052778
0 0.502083 0.120833 0.015625 0.060185
0 0.450521 0.858333 0.021875 0.061111
0 0.461979 0.075000 0.016667 0.057407
0 0.010677 0.589815 0.019271 0.022222
0 0.969010 0.686574 0.026562 0.023148
0 0.986198 0.421296 0.025521 0.022222
0 0.435156 0.706944 0.015104 0.060185
0 0.488802 0.352778 0.009896 0.048148
0 0.419271 0.567130 0.011458 0.049074
0 0.444531 0.560648 0.011979 0.054630
0 0.705208 0.393056 0.027083 0.023148
0 0.492708 0.475926 0.011458 0.051852
0 0.422917 0.413426 0.010417 0.054630
0 0.494010 0.632407 0.011979 0.055556
0 0.442969 0.338426 0.011979 0.045370
0 0.527083 0.839815 0.017708 0.050000
0 0.426042 0.296296 0.011458 0.055556
0 0.127604 0.207407 0.013542 0.042593
0 0.856250 0.383333 0.027083 0.024074
0 0.490365 0.764815 0.011979 0.053704
0 0.442188 0.156481 0.014583 0.061111
0 0.423958 0.138889 0.011458 0.055556
0 0.052865 0.553241 0.030729 0.023148
0 0.521094 0.945370 0.016146 0.051852
0 0.443229 0.025926 0.016667 0.048148
1 0.585938 0.719444 0.058333 0.081481
