0 0.183073 0.243056 0.013021 0.056481
0 0.009635 0.272222 0.016146 0.053704
0 0.105469 0.278241 0.011979 0.054630
0 0.446094 0.918519 0.016146 0.057407
0 0.467708 0.432870 0.011458 0.049074
0 0.880469 0.487963 0.025521 0.022222
0 0.095312 0.698148 0.026042 0.024074
0 0.733594 0.526852 0.025521 0.024074
0 0.077083 0.627315 0.028125 0.023148
0 0.741146 0.455556 0.026042 0.025926
0 0.724740 0.423611 0.027604 0.023148
0 0.786979 0.453704 0.025000 0.024074
0 0.766406 0.420833 0.025521 0.025000
0 0.732812 0.493056 0.027083 0.025000
0 0.787500 0.493056 0.026042 0.021296
0 0.829688 0.453241 0.026042 0.023148
0 0.835417 0.490741 0.030208 0.024074
0 0.811458 0.420833 0.027083 0.023148
0 0.005469 0.154630 0.009896 0.038889
0 0.872396 0.453704 0.025000 0.022222
0 0.262760 0.691667 0.024479 0.022222
0 0.916667 0.454630 0.028125 0.024074
0 0.869010 0.419907 0.025521 0.021296
0 0.213021 0.626389 0.027083 0.025000
0 0.222656 0.694907 0.032813 0.025000
0 0.254688 0.620833 0.027083 0.023148
0 0.257552 0.657870 0.027604 0.023148
0 0.171354 0.626852 0.027083 0.025926
0 0.215365 0.658333 0.026562 0.024074
0 0.973698 0.449074 0.034896 0.024074
0 0.771875 0.524537 0.028125 0.021296
0 0.912760 0.419444 0.021354 0.022222
0 0.924479 0.490278 0.028125 0.021296
0 0.173698 0.659722 0.035937 0.026852
0 0.184635 0.691667 0.022396 0.022222
0 0.947135 0.419907 0.026562 0.019444
0 0.128125 0.624537 0.026042 0.025000
0 0.129427 0.661111 0.027604 0.025926
0 0.141146 0.695833 0.028125 0.025000
0 0.030990 0.665741 0.026562 0.020370
0 0.073438 0.661111 0.029167 0.025926
0 0.812760 0.525463 0.026562 0.021296
0 0.986198 0.418519 0.025521 0.018519
0 0.972656 0.488889 0.026562 0.020370
0 0.846354 0.523611 0.023958 0.019444
0 0.733333 0.562500 0.027083 0.021296
0 0.264062 0.548611 0.023958 0.021296
0 0.033594 0.625000 0.027604 0.024074
0 0.253906 0.587037 0.025521 0.025926
0 0.780208 0.563426 0.027083 0.025000
0 0.001563 0.662963 0.003125 0.020370
0 0.040885 0.698611 0.036979 0.025000
0 0.891667 0.521296 0.026042 0.018519
0 0.002344 0.627778 0.004687 0.024074
0 0.222135 0.552315 0.026562 0.023148
0 0.930208 0.524537 0.027083 0.021296
0 0.213802 0.587037 0.025521 0.024074
0 0.005729 0.695370 0.010417 0.022222
0 0.517448 0.125463 0.014063 0.052778
0 0.408854 0.843981 0.021875 0.054630
0 0.524740 0.252778 0.022396 0.053704
0 0.173958 0.587037 0.026042 0.024074
0 0.374740 0.757870 0.029687 0.037963
0 0.427344 0.462037 0.009896 0.051852
0 0.556510 0.312037 0.027604 0.040741
0 0.262500 0.727778 0.027083 0.024074
0 0.973958 0.521759 0.025000 0.019444
0 0.827865 0.564352 0.025521 0.023148
0 0.211458 0.728704 0.030208 0.024074
0 0.506250 0.037037 0.010417 0.038889
0 0.040365 0.283333 0.011979 0.042593
0 0.463802 0.255556 0.011979 0.053704
0 0.129688 0.591667 0.032292 0.025926
0 0.486458 0.031019 0.015625 0.060185
0 0.866927 0.562037 0.027604 0.024074
0 0.484115 0.201852 0.014063 0.055556
0 0.152865 0.731944 0.025521 0.025000
0 0.691406 0.388426 0.026562 0.025000
0 0.468750 0.348611 0.013542 0.060185
0 0.425781 0.723611 0.013021 0.058333
0 0.091146 0.590741 0.027083 0.024074
0 0.487240 0.332407 0.010937 0.055556
0 0.444531 0.685185 0.011979 0.051852
0 0.500781 0.281019 0.010937 0.049074
0 0.739323 0.386111 0.027604 0.024074
0 0.903906 0.562037 0.027604 0.022222
0 0.177344 0.554630 0.023438 0.022222
0 0.426823 0.582870 0.014063 0.065741
0 0.045573 0.595370 0.031771 0.027778
0 0.505208 0.471759 0.013542 0.056481
0 0.491667 0.563889 0.011458 0.055556
0 0.806250 0.383333 0.025000 0.022222
0 0.941927 0.561111 0.028646 0.020370
0 0.543229 0.829630 0.018750 0.046296
0 0.443750 0.412037 0.014583 0.057407
0 0.492708 0.675926 0.011458 0.053704
0 0.129948 0.552778 0.027604 0.024074
0 0.421354 0.329167 0.010417 0.049074
0 0.441406 0.152778 0.014063 0.059259
0 0.461198 0.124537 0.015104 0.056481
0 0.979427 0.560185 0.027604 0.022222
0 0.405990 0.071296 0.015104 0.057407
0 0.514062 0.981019 0.022917 0.037963
0 0.461458 0.008333 0.031250 0.016667
