0 0.263542 0.598611 0.028125 0.021296
0 0.824479 0.471296 0.028125 0.022222
0 0.823698 0.537037 0.027604 0.022222
0 0.786719 0.500926 0.026562 0.022222
0 0.735156 0.535648 0.025521 0.019444
0 0.228646 0.634722 0.028125 0.023148
0 0.175260 0.598611 0.025521 0.023148
0 0.868750 0.470370 0.027083 0.022222
0 0.856250 0.437500 0.025000 0.021296
0 0.269531 0.634259 0.027604 0.022222
0 0.867188 0.505093 0.027083 0.021296
0 0.432031 0.429630 0.013021 0.055556
0 0.134635 0.589815 0.024479 0.024074
0 0.740625 0.426852 0.028125 0.024074
0 0.909375 0.508333 0.025000 0.020370
0 0.740885 0.462963 0.027604 0.020370
0 0.213542 0.595833 0.027083 0.023148
0 0.780208 0.430556 0.022917 0.022222
0 0.775781 0.536111 0.027604 0.018519
0 0.825260 0.504630 0.028646 0.024074
0 0.778385 0.467593 0.026562 0.022222
0 0.739844 0.500926 0.027604 0.020370
0 0.469792 0.143519 0.014583 0.061111
0 0.948177 0.472685 0.025521 0.021296
0 0.953646 0.506481 0.028125 0.022222
0 0.911979 0.471296 0.027083 0.022222
0 0.490365 0.896296 0.013021 0.050000
0 0.865365 0.540741 0.029687 0.024074
0 0.427865 0.953241 0.013021 0.056481
0 0.472396 0.063426 0.015625 0.063889
0 0.820573 0.432407 0.026562 0.020370
0 0.267188 0.668981 0.023958 0.021296
0 0.987760 0.473611 0.022396 0.021296
0 0.084115 0.590278 0.028646 0.025000
0 0.985156 0.440278 0.026562 0.017593
0 0.511719 0.745833 0.014063 0.025000
0 0.911458 0.542593 0.027083 0.020370
0 0.267969 0.564815 0.024479 0.020370
0 0.176823 0.629630 0.027604 0.022222
0 0.038802 0.589815 0.027604 0.020370
0 0.953385 0.541204 0.025521 0.023148
0 0.234115 0.560648 0.024479 0.021296
0 0.991146 0.512037 0.017708 0.022222
0 0.744010 0.569444 0.027604 0.022222
0 0.104167 0.629167 0.025000 0.021296
0 0.779427 0.575000 0.023438 0.022222
0 0.450781 0.197685 0.010937 0.054630
0 0.988802 0.543056 0.021354 0.021296
0 0.196354 0.560648 0.025000 0.023148
0 0.049479 0.245370 0.013542 0.038889
0 0.003385 0.585648 0.006771 0.023148
0 0.059635 0.626852 0.029687 0.022222
0 0.046094 0.098611 0.009896 0.047222
0 0.397396 0.836111 0.021875 0.055556
0 0.821354 0.575463 0.028125 0.023148
0 0.561979 0.294444 0.027083 0.046296
0 0.225260 0.665741 0.025521 0.022222
0 0.625000 0.368056 0.027083 0.026852
0 0.014583 0.625926 0.023958 0.022222
0 0.174219 0.362963 0.025521 0.022222
0 0.708594 0.392130 0.027604 0.023148
0 0.005990 0.391667 0.011979 0.020370
0 0.666406 0.390741 0.024479 0.022222
0 0.495573 0.168981 0.011979 0.052778
0 0.511979 0.250463 0.012500 0.052778
0 0.861979 0.573611 0.030208 0.023148
0 0.447396 0.799537 0.015625 0.054630
0 0.090885 0.420833 0.022396 0.036111
0 0.426042 0.703241 0.012500 0.058333
0 0.494271 0.476389 0.011458 0.047222
0 0.499740 0.357407 0.010937 0.050000
0 0.410417 0.588889 0.012500 0.055556
0 0.111198 0.509722 0.028646 0.032407
0 0.450781 0.640741 0.017188 0.064815
0 0.511719 0.511574 0.013021 0.062037
0 0.432292 0.253704 0.012500 0.042593
0 0.450521 0.375463 0.011458 0.058333
0 0.492969 0.691204 0.009896 0.045370
0 0.916667 0.397222 0.026042 0.020370
0 0.019010 0.518519 0.025521 0.022222
0 0.434896 0.075463 0.012500 0.049074
0 0.453646 0.036574 0.011458 0.043519
