0 0.263281 0.597685 0.028646 0.023148
0 0.823698 0.470833 0.028646 0.021296
0 0.822917 0.536574 0.028125 0.021296
0 0.785417 0.500926 0.026042 0.022222
0 0.734375 0.535648 0.026042 0.019444
0 0.228646 0.633333 0.029167 0.025926
0 0.175000 0.596759 0.027083 0.023148
0 0.867448 0.470370 0.027604 0.022222
0 0.855469 0.437963 0.025521 0.018519
0 0.268750 0.632870 0.028125 0.021296
0 0.866146 0.505556 0.028125 0.020370
0 0.429167 0.895370 0.014583 0.053704
0 0.134635 0.589352 0.024479 0.025000
0 0.740104 0.425926 0.027083 0.022222
0 0.908073 0.507870 0.024479 0.019444
0 0.740625 0.462500 0.029167 0.023148
0 0.213542 0.593981 0.028125 0.025000
0 0.779427 0.430093 0.023438 0.021296
0 0.775260 0.536574 0.025521 0.019444
0 0.824479 0.504167 0.029167 0.025000
0 0.777604 0.467130 0.026042 0.021296
0 0.738802 0.500463 0.027604 0.021296
0 0.470052 0.142593 0.013021 0.053704
0 0.945833 0.472685 0.027083 0.021296
0 0.952604 0.506944 0.026042 0.023148
0 0.910677 0.471759 0.026562 0.021296
0 0.504687 0.391204 0.011458 0.052778
0 0.864844 0.540741 0.028646 0.024074
0 0.472135 0.064352 0.016146 0.062037
0 0.819531 0.432407 0.026562 0.020370
0 0.267188 0.667130 0.025000 0.021296
0 0.986198 0.474074 0.024479 0.022222
0 0.084115 0.588889 0.028646 0.024074
0 0.983594 0.440741 0.029687 0.016667
0 0.510938 0.740741 0.014583 0.027778
0 0.909896 0.543056 0.026042 0.021296
0 0.267448 0.564815 0.025521 0.022222
0 0.176042 0.628241 0.028125 0.023148
0 0.038802 0.587963 0.028646 0.020370
0 0.952083 0.540741 0.025000 0.022222
0 0.233594 0.561111 0.025521 0.022222
0 0.990625 0.511111 0.017708 0.022222
0 0.743229 0.570370 0.027083 0.022222
0 0.106771 0.628704 0.023958 0.022222
0 0.777344 0.574074 0.023438 0.020370
0 0.443229 0.788426 0.012500 0.050926
0 0.988281 0.543519 0.021354 0.020370
0 0.195833 0.560185 0.026042 0.024074
0 0.049219 0.244444 0.013021 0.037037
0 0.059115 0.625000 0.028646 0.022222
0 0.820052 0.575000 0.027604 0.022222
0 0.532552 0.068056 0.014063 0.056481
0 0.224740 0.665278 0.026562 0.021296
0 0.593490 0.353704 0.026562 0.027778
0 0.014583 0.624074 0.025000 0.020370
0 0.691927 0.391667 0.026562 0.022222
0 0.641406 0.384259 0.026562 0.025926
0 0.431771 0.235185 0.011458 0.051852
0 0.451042 0.174537 0.011458 0.050926
0 0.859635 0.574074 0.029687 0.024074
0 0.410417 0.976852 0.009375 0.044444
0 0.040885 0.376852 0.024479 0.020370
0 0.509635 0.080556 0.014063 0.057407
0 0.414583 0.760648 0.014583 0.058333
0 0.643750 0.741667 0.028125 0.031481
0 0.497135 0.238889 0.010937 0.042593
0 0.747656 0.390741 0.023438 0.020370
0 0.124740 0.472685 0.027604 0.050926
0 0.426823 0.519907 0.010937 0.052778
0 0.443229 0.596296 0.011458 0.048148
0 0.414323 0.436574 0.014063 0.054630
0 0.493750 0.600000 0.011458 0.053704
0 0.162760 0.661111 0.026562 0.024074
0 0.509375 0.526852 0.011458 0.050000
0 0.449479 0.383796 0.013542 0.058333
0 0.083333 0.523611 0.026042 0.019444
0 0.113021 0.696296 0.032292 0.024074
0 0.510156 0.833796 0.014063 0.052778
0 0.486719 0.850926 0.010937 0.051852
0 0.978906 0.584722 0.027604 0.019444
0 0.944010 0.393981 0.028646 0.023148
0 0.435156 0.076852 0.016146 0.059259
0 0.415365 0.048148 0.018229 0.057407
0 0.484375 0.976389 0.021875 0.045370
