0 0.112240 0.264352 0.010937 0.050926
0 0.448177 0.133333 0.011979 0.055556
0 0.428906 0.341667 0.010937 0.048148
0 0.442448 0.428704 0.013021 0.057407
0 0.467448 0.125000 0.010937 0.050000
0 0.465365 0.055093 0.010937 0.039815
0 0.428906 0.208333 0.010937 0.050000
0 0.496094 0.046759 0.010937 0.047222
0 0.047135 0.264815 0.011979 0.038889
0 0.722917 0.431019 0.028125 0.021296
0 0.764583 0.435185 0.027083 0.020370
0 0.263542 0.646296 0.026042 0.020370
0 0.872656 0.470370 0.026562 0.020370
0 0.735417 0.465741 0.027083 0.022222
0 0.731771 0.532407 0.025000 0.020370
0 0.779948 0.468981 0.026562 0.021296
0 0.801823 0.434722 0.025521 0.021296
0 0.810677 0.537500 0.028646 0.021296
0 0.838281 0.432870 0.025521 0.019444
0 0.770312 0.533796 0.027083 0.021296
0 0.740885 0.500000 0.028646 0.020370
0 0.829948 0.468519 0.027604 0.020370
0 0.778906 0.500926 0.027604 0.020370
0 0.254427 0.610185 0.025521 0.020370
0 0.850521 0.537963 0.026042 0.020370
0 0.819271 0.502315 0.027083 0.021296
0 0.213802 0.611111 0.028646 0.022222
0 0.260156 0.681481 0.027604 0.018519
0 0.891667 0.537037 0.029167 0.020370
0 0.218490 0.644444 0.027604 0.018519
0 0.913021 0.472222 0.026042 0.020370
0 0.167969 0.612037 0.026562 0.020370
0 0.177865 0.643056 0.026562 0.019444
0 0.116927 0.607870 0.027604 0.019444
0 0.864062 0.503241 0.030208 0.023148
0 0.208594 0.678704 0.029687 0.024074
0 0.951042 0.469444 0.027083 0.020370
0 0.130469 0.646296 0.029687 0.024074
0 0.208073 0.394444 0.028646 0.025926
0 0.931510 0.536574 0.027604 0.023148
0 0.901823 0.503241 0.023438 0.021296
0 0.071615 0.610648 0.029687 0.021296
0 0.083333 0.640278 0.028125 0.017593
0 0.970313 0.540278 0.030208 0.021296
0 0.038021 0.641667 0.029167 0.020370
0 0.258073 0.540278 0.025521 0.021296
0 0.938802 0.504630 0.025521 0.020370
0 0.515625 0.747222 0.018750 0.029630
0 0.028125 0.606481 0.025000 0.020370
0 0.526563 0.256481 0.021875 0.055556
0 0.980469 0.506019 0.026562 0.019444
0 0.006771 0.639815 0.012500 0.020370
0 0.015365 0.253241 0.016146 0.047222
0 0.560417 0.361111 0.033333 0.040741
0 0.010937 0.417593 0.021875 0.018519
0 0.775521 0.574537 0.025000 0.019444
0 0.740885 0.573611 0.026562 0.023148
0 0.076302 0.442130 0.025521 0.019444
0 0.258073 0.575926 0.025521 0.020370
0 0.656510 0.393056 0.025521 0.023148
0 0.114062 0.499537 0.028125 0.058333
0 0.717969 0.396296 0.026562 0.020370
0 0.887760 0.433333 0.047396 0.024074
0 0.079167 0.537037 0.025000 0.018519
0 0.410156 0.195833 0.011979 0.054630
0 0.489323 0.911111 0.011979 0.051852
0 0.431771 0.060648 0.010417 0.045370
0 0.903385 0.574537 0.028646 0.023148
0 0.025521 0.537963 0.027083 0.018519
0 0.897917 0.393519 0.028125 0.020370
0 0.030469 0.718981 0.022396 0.021296
0 0.448698 0.029167 0.011979 0.043519
