0 0.195833 0.333333 0.028125 0.024074
0 0.441406 0.508333 0.024479 0.022222
0 0.261198 0.528704 0.026562 0.018519
0 0.218229 0.530556 0.027083 0.022222
0 0.481510 0.563889 0.026562 0.022222
0 0.259896 0.569907 0.026042 0.023148
0 0.591406 0.553241 0.023438 0.023148
0 0.008594 0.481481 0.017188 0.020370
0 0.689323 0.563889 0.025521 0.022222
0 0.182292 0.532870 0.025000 0.019444
0 0.750521 0.560185 0.020833 0.020370
0 0.145052 0.534259 0.025521 0.020370
0 0.807031 0.565741 0.026562 0.022222
0 0.852344 0.564815 0.025521 0.020370
0 0.909896 0.562963 0.026042 0.022222
0 0.101562 0.531481 0.028125 0.020370
0 0.975781 0.562500 0.027604 0.021296
0 0.059896 0.531481 0.027083 0.020370
0 0.445312 0.050000 0.010417 0.044444
0 0.444792 0.135185 0.013542 0.046296
0 0.169271 0.567130 0.030208 0.023148
0 0.212500 0.569907 0.025000 0.021296
0 0.428385 0.050000 0.009896 0.055556
0 0.010417 0.530093 0.018750 0.019444
0 0.426563 0.134259 0.011458 0.053704
0 0.123958 0.568056 0.028125 0.025000
0 0.036719 0.456481 0.026562 0.018519
0 0.463281 0.131481 0.011979 0.046296
0 0.464062 0.065741 0.011458 0.051852
0 0.079948 0.566204 0.026562 0.023148
0 0.511198 0.744907 0.015104 0.028704
0 0.409375 0.129630 0.012500 0.055556
0 0.903385 0.648148 0.027604 0.020370
0 0.992969 0.637500 0.014063 0.023148
0 0.050781 0.407407 0.028646 0.022222
0 0.216406 0.484722 0.025521 0.021296
0 0.182031 0.444907 0.025521 0.021296
0 0.934635 0.613889 0.026562 0.020370
0 0.103906 0.479167 0.022396 0.019444
0 0.736979 0.645370 0.027083 0.022222
0 0.824219 0.677315 0.025521 0.021296
0 0.264844 0.437963 0.025521 0.022222
0 0.411198 0.415741 0.025521 0.020370
0 0.533854 0.239352 0.026042 0.049074
0 0.480990 0.483796 0.027604 0.021296
0 0.814063 0.614815 0.027083 0.020370
0 0.353385 0.496759 0.025521 0.019444
0 0.645573 0.640741 0.023438 0.020370
0 0.307031 0.474074 0.024479 0.018519
0 0.671615 0.679630 0.025521 0.018519
0 0.447656 0.389815 0.026562 0.022222
0 0.566667 0.642593 0.026042 0.018519
0 0.405208 0.454167 0.026042 0.021296
0 0.581510 0.678704 0.025521 0.018519
0 0.373698 0.743519 0.030729 0.040741
0 0.561198 0.606481 0.025521 0.018519
0 0.568229 0.456019 0.021875 0.017593
0 0.565885 0.318981 0.032813 0.037963
0 0.501823 0.648148 0.025521 0.022222
0 0.522396 0.518519 0.027083 0.024074
0 0.488021 0.450000 0.025000 0.022222
1 0.548438 0.417130 0.075000 0.032407
0 0.558333 0.486574 0.026042 0.021296
0 0.452083 0.608796 0.023958 0.019444
0 0.640885 0.427315 0.022396 0.017593
0 0.718229 0.418056 0.026042 0.021296
0 0.603646 0.519907 0.022917 0.019444
0 0.397396 0.641204 0.025000 0.021296
0 0.440885 0.682407 0.024479 0.020370
0 0.637240 0.490278 0.025521 0.021296
0 0.035417 0.565741 0.030208 0.022222
0 0.629427 0.456019 0.025521 0.021296
0 0.340365 0.642593 0.026562 0.020370
0 0.300000 0.606481 0.027083 0.020370
0 0.402865 0.222685 0.011979 0.054630
0 0.042708 0.258796 0.012500 0.037963
0 0.727083 0.525000 0.023958 0.020370
0 0.754687 0.493981 0.027083 0.025000
0 0.794792 0.423148 0.026042 0.020370
0 0.743750 0.378241 0.026042 0.021296
0 0.246094 0.677315 0.026562 0.021296
0 0.252604 0.638889 0.027083 0.020370
0 0.836458 0.492130 0.027083 0.023148
0 0.806250 0.459259 0.027083 0.024074
0 0.914844 0.458333 0.026562 0.025926
0 0.206510 0.602778 0.024479 0.022222
0 0.861458 0.525000 0.023958 0.022222
0 0.869531 0.423611 0.025521 0.021296
0 0.909375 0.491204 0.025000 0.021296
0 0.088021 0.602315 0.026042 0.023148
0 0.959375 0.422685 0.027083 0.023148
0 0.984375 0.493981 0.018750 0.026852
