0 0.182552 0.242130 0.010937 0.050926
0 0.104167 0.275926 0.014583 0.055556
0 0.972396 0.682870 0.029167 0.023148
0 0.005208 0.151389 0.009375 0.036111
0 0.023177 0.463889 0.025521 0.020370
0 0.120833 0.425926 0.027083 0.020370
0 0.380990 0.450000 0.027604 0.022222
0 0.175260 0.431944 0.018229 0.023148
0 0.101042 0.457407 0.026042 0.018519
0 0.081771 0.492130 0.023958 0.017593
0 0.732552 0.565278 0.029687 0.021296
0 0.263021 0.549074 0.026042 0.020370
0 0.252344 0.586574 0.027604 0.025000
0 0.779427 0.567130 0.028646 0.023148
0 0.881250 0.679167 0.032292 0.025000
0 0.906771 0.628241 0.026042 0.023148
0 0.221094 0.550926 0.026562 0.020370
0 0.212240 0.585648 0.026562 0.021296
0 0.839583 0.649074 0.025000 0.022222
0 0.172656 0.585648 0.026562 0.021296
0 0.005990 0.505093 0.011979 0.019444
0 0.820052 0.568519 0.025521 0.022222
0 0.128906 0.589815 0.028646 0.022222
0 0.861198 0.565741 0.028646 0.024074
0 0.089323 0.589352 0.026562 0.021296
0 0.903385 0.566667 0.029687 0.024074
0 0.176823 0.553704 0.025521 0.020370
0 0.048698 0.592130 0.029687 0.023148
0 0.940885 0.566667 0.028646 0.024074
0 0.132292 0.551852 0.027083 0.022222
0 0.975260 0.565741 0.026562 0.024074
0 0.009115 0.590278 0.015104 0.021296
0 0.426823 0.139815 0.011979 0.051852
0 0.081250 0.552778 0.029167 0.022222
0 0.040625 0.555556 0.027083 0.020370
0 0.442448 0.140741 0.010937 0.051852
0 0.426563 0.056019 0.011458 0.050926
0 0.442188 0.068981 0.010417 0.049074
0 0.007031 0.555093 0.014063 0.021296
0 0.964063 0.750463 0.026042 0.023148
0 0.266146 0.452778 0.023958 0.018519
0 0.463021 0.167130 0.013542 0.058333
0 0.321875 0.475926 0.027083 0.022222
0 0.039583 0.279167 0.012500 0.041667
0 0.436458 0.447685 0.028125 0.023148
0 0.314844 0.422222 0.023438 0.020370
0 0.504167 0.099537 0.016667 0.056481
0 0.221354 0.469444 0.027083 0.022222
0 0.050000 0.125926 0.012500 0.048148
0 0.008333 0.268981 0.013542 0.050926
0 0.403906 0.813426 0.028646 0.043519
0 0.764062 0.690278 0.027083 0.023148
0 0.752344 0.650926 0.028646 0.022222
0 0.811458 0.612037 0.026042 0.022222
0 0.397917 0.485185 0.027083 0.022222
0 0.359635 0.782407 0.029687 0.042593
0 0.330208 0.507870 0.025000 0.023148
0 0.541667 0.458796 0.031250 0.023148
0 0.612500 0.688426 0.025000 0.021296
0 0.495312 0.435648 0.028125 0.025000
0 0.680208 0.614352 0.027083 0.019444
0 0.563802 0.304630 0.030729 0.044444
0 0.488281 0.488426 0.026562 0.021296
0 0.630729 0.649074 0.030208 0.022222
0 0.569010 0.493981 0.026562 0.021296
0 0.520833 0.676852 0.026042 0.024074
0 0.593490 0.458796 0.025521 0.021296
0 0.514062 0.405556 0.023958 0.020370
0 0.554688 0.613889 0.026042 0.022222
0 0.844010 0.494444 0.025521 0.022222
0 0.645833 0.467593 0.025000 0.022222
0 0.493750 0.529167 0.028125 0.025000
0 0.322135 0.737963 0.028646 0.024074
0 0.622135 0.367593 0.026562 0.025926
0 0.445312 0.649074 0.027083 0.020370
0 0.608854 0.423148 0.027083 0.024074
0 0.338021 0.353241 0.028125 0.037963
0 0.664062 0.389815 0.026042 0.020370
0 0.416667 0.614352 0.026042 0.023148
0 0.617708 0.527315 0.028125 0.023148
0 0.697656 0.462500 0.024479 0.019444
0 0.344531 0.659722 0.025521 0.021296
0 0.247396 0.725463 0.027083 0.021296
0 0.676562 0.425463 0.025000 0.019444
0 0.289583 0.689815 0.026042 0.022222
0 0.719792 0.496296 0.025000 0.020370
0 0.723958 0.390741 0.026042 0.022222
0 0.306771 0.621759 0.026042 0.021296
0 0.145313 0.695370 0.027083 0.022222
0 0.202865 0.732870 0.025521 0.023148
0 0.803906 0.457870 0.026562 0.021296
0 0.229687 0.657870 0.030208 0.023148
0 0.794271 0.425926 0.027083 0.018519
0 0.782813 0.387500 0.026042 0.023148
0 0.882031 0.458796 0.025521 0.023148
0 0.786458 0.529630 0.027083 0.022222
0 0.176823 0.624537 0.027604 0.023148
0 0.072917 0.151389 0.016667 0.045370
0 0.941927 0.493056 0.022396 0.019444
0 0.146354 0.658796 0.031250 0.025000
0 0.858854 0.425463 0.026042 0.019444
0 0.081510 0.690741 0.028646 0.020370
0 0.103646 0.720833 0.023958 0.019444
0 0.405208 0.182870 0.010417 0.047222
0 0.107031 0.624074 0.027604 0.020370
0 0.921354 0.526389 0.030208 0.021296
1 0.425781 0.706481 0.080729 0.037037
0 0.991667 0.527315 0.011458 0.023148
0 0.935156 0.423148 0.026562 0.022222
0 0.958073 0.457870 0.027604 0.023148
0 0.526042 0.226852 0.021875 0.051852
0 0.011719 0.695370 0.013021 0.018519
0 0.016667 0.661574 0.025000 0.021296
