0 0.135677 0.200463 0.026562 0.043519
0 0.010417 0.127778 0.013542 0.040741
0 0.046094 0.256944 0.013021 0.041667
0 0.608594 0.970833 0.034896 0.049074
0 0.737760 0.572685 0.025521 0.019444
0 0.466406 0.127315 0.010937 0.052778
0 0.469010 0.058333 0.010937 0.050000
0 0.042708 0.110648 0.011458 0.049074
0 0.742708 0.500926 0.027083 0.020370
0 0.869010 0.473611 0.027604 0.017593
0 0.850521 0.438889 0.027083 0.016667
0 0.741406 0.467593 0.025521 0.020370
0 0.809635 0.437500 0.023438 0.017593
0 0.780990 0.468981 0.024479 0.021296
0 0.916406 0.472222 0.028646 0.018519
0 0.893750 0.437037 0.028125 0.018519
0 0.821354 0.470370 0.026042 0.018519
0 0.781771 0.502778 0.022917 0.020370
0 0.266406 0.642130 0.024479 0.021296
0 0.832812 0.502778 0.027083 0.018519
0 0.940885 0.437500 0.026562 0.017593
0 0.875781 0.507407 0.030729 0.018519
0 0.221615 0.642130 0.027604 0.025000
0 0.732031 0.534259 0.025521 0.018519
0 0.014583 0.244907 0.019792 0.056481
0 0.256250 0.606481 0.025000 0.024074
0 0.983594 0.437037 0.027604 0.018519
0 0.181510 0.639815 0.018229 0.024074
0 0.218229 0.602778 0.027083 0.024074
0 0.056771 0.106944 0.015625 0.054630
0 0.916927 0.508796 0.026562 0.019444
0 0.956250 0.473611 0.025000 0.017593
0 0.143750 0.638426 0.023958 0.021296
0 0.768490 0.536574 0.023438 0.019444
0 0.257292 0.676389 0.023958 0.021296
0 0.219531 0.671759 0.027604 0.021296
0 0.098177 0.635185 0.026562 0.022222
0 0.955469 0.510185 0.027604 0.020370
0 0.056510 0.635185 0.026562 0.022222
0 0.127865 0.602315 0.028646 0.023148
0 0.158854 0.673148 0.028125 0.022222
0 0.081250 0.601852 0.027083 0.022222
0 0.806510 0.542130 0.025521 0.019444
0 0.889062 0.542593 0.025000 0.018519
0 0.012240 0.631944 0.024479 0.023148
0 0.117188 0.670833 0.028125 0.023148
0 0.776823 0.575926 0.022396 0.018519
0 0.003646 0.598611 0.007292 0.023148
0 0.842969 0.540741 0.025521 0.018519
0 0.817448 0.576852 0.025521 0.020370
0 0.258594 0.572685 0.023438 0.019444
0 0.266146 0.532870 0.025000 0.019444
0 0.225260 0.569444 0.023438 0.020370
0 0.438542 0.574074 0.013542 0.050000
0 0.853906 0.577778 0.025521 0.018519
0 0.136979 0.564815 0.026042 0.020370
0 0.891146 0.579630 0.029167 0.022222
0 0.508333 0.076852 0.011458 0.048148
0 0.171615 0.602778 0.031771 0.025926
0 0.370052 0.726389 0.026562 0.032407
0 0.184635 0.568981 0.026562 0.021296
0 0.040104 0.600463 0.023958 0.019444
0 0.504687 0.166204 0.012500 0.058333
0 0.662760 0.720833 0.029687 0.028704
0 0.010677 0.428241 0.021354 0.023148
0 0.502344 0.271296 0.013021 0.050000
0 0.483594 0.166667 0.010937 0.046296
0 0.928906 0.580556 0.028646 0.022222
0 0.438802 0.867130 0.013021 0.058333
0 0.651302 0.385185 0.027604 0.024074
0 0.188542 0.226389 0.011458 0.054630
0 0.009375 0.427778 0.016667 0.024074
0 0.266927 0.708333 0.025521 0.020370
0 0.491146 0.414352 0.011458 0.060185
0 0.727344 0.396296 0.024479 0.018519
0 0.509115 0.747222 0.014063 0.029630
0 0.427344 0.355556 0.009896 0.051852
0 0.191927 0.712500 0.026562 0.023148
0 0.468229 0.009722 0.015625 0.019444
0 0.487240 0.589815 0.010937 0.050000
0 0.508073 0.608796 0.009896 0.050926
0 0.967187 0.581944 0.025000 0.019444
0 0.448177 0.312500 0.013021 0.049074
0 0.428125 0.213889 0.010417 0.050000
0 0.070052 0.528704 0.029687 0.022222
0 0.995313 0.581944 0.009375 0.021296
0 0.446615 0.159722 0.010937 0.047222
0 0.481510 0.989815 0.017188 0.020370
0 0.506510 0.858333 0.013021 0.053704
0 0.483594 0.906481 0.010937 0.040741
0 0.429948 0.077778 0.010937 0.044444
0 0.985938 0.543519 0.018750 0.020370
0 0.991146 0.512500 0.017708 0.017593
0 0.029687 0.707407 0.021875 0.020370
0 0.988542 0.475463 0.019792 0.023148
