0 0.469531 0.276389 0.011979 0.047222
0 0.196354 0.330556 0.032292 0.025926
0 0.865885 0.498148 0.026562 0.020370
0 0.774740 0.462037 0.026562 0.020370
0 0.732031 0.424537 0.024479 0.019444
0 0.735417 0.458796 0.023958 0.019444
0 0.740104 0.494444 0.028125 0.020370
0 0.727865 0.528704 0.023438 0.020370
0 0.783333 0.496296 0.025000 0.018519
0 0.774219 0.426389 0.025521 0.019444
0 0.824219 0.462037 0.026562 0.022222
0 0.871094 0.462500 0.026562 0.021296
0 0.817969 0.426389 0.024479 0.017593
0 0.914062 0.465741 0.028125 0.020370
0 0.821354 0.498148 0.026042 0.020370
0 0.860417 0.431944 0.025000 0.017593
0 0.769531 0.529167 0.027604 0.021296
0 0.904687 0.430556 0.028125 0.020370
0 0.961198 0.468056 0.027604 0.019444
0 0.906250 0.500463 0.027083 0.021296
0 0.944531 0.432407 0.025521 0.016667
0 0.959375 0.499537 0.034375 0.023148
0 0.807031 0.531481 0.022396 0.018519
0 0.255208 0.636111 0.025000 0.022222
0 0.851302 0.531481 0.026562 0.020370
0 0.893750 0.534722 0.027083 0.019444
0 0.261719 0.527315 0.026562 0.017593
0 0.219271 0.529167 0.028125 0.021296
0 0.729427 0.567593 0.026562 0.020370
0 0.260156 0.600926 0.025521 0.022222
0 0.258073 0.568056 0.027604 0.023148
0 0.938802 0.535648 0.028646 0.019444
0 0.762500 0.566667 0.023958 0.020370
0 0.996354 0.502778 0.006250 0.018519
0 0.981510 0.536111 0.026562 0.018519
0 0.803906 0.568519 0.024479 0.020370
0 0.182812 0.529630 0.027083 0.020370
0 0.832812 0.566667 0.021875 0.018519
0 0.217708 0.635648 0.025000 0.021296
0 0.146094 0.531944 0.026562 0.019444
0 0.866927 0.573611 0.023438 0.019444
0 0.996875 0.466204 0.006250 0.017593
0 0.903385 0.571759 0.026562 0.021296
0 0.173437 0.637500 0.026042 0.021296
0 0.938542 0.570370 0.027083 0.020370
0 0.133854 0.637037 0.026042 0.022222
0 0.222396 0.601852 0.026042 0.020370
0 0.181771 0.601389 0.028125 0.025000
0 0.103125 0.528241 0.028125 0.023148
0 0.088281 0.633333 0.028646 0.022222
0 0.976823 0.570370 0.028646 0.018519
0 0.045833 0.631481 0.029167 0.022222
0 0.060937 0.527315 0.026042 0.019444
0 0.126302 0.600000 0.026562 0.022222
0 0.447917 0.050463 0.010417 0.043519
0 0.447917 0.134722 0.011458 0.050926
0 0.079948 0.598148 0.031771 0.020370
0 0.465365 0.982407 0.024479 0.033333
0 0.215625 0.674074 0.020833 0.025926
0 0.177865 0.669907 0.025521 0.021296
0 0.169792 0.563426 0.030208 0.023148
0 0.213021 0.567593 0.026042 0.022222
0 0.608594 0.968056 0.029687 0.052778
0 0.008073 0.631944 0.016146 0.021296
0 0.465104 0.127315 0.009375 0.047222
0 0.030208 0.597222 0.025000 0.022222
0 0.429948 0.049537 0.010937 0.049074
0 0.138802 0.671296 0.027604 0.022222
0 0.411458 0.985185 0.010417 0.029630
0 0.511719 0.743981 0.014063 0.026852
0 0.423698 0.655556 0.021354 0.046296
0 0.985156 0.427778 0.028646 0.027778
0 0.135677 0.250926 0.015104 0.051852
0 0.363802 0.326852 0.024479 0.038889
0 0.971354 0.757870 0.023958 0.019444
0 0.011719 0.525000 0.019271 0.018519
0 0.428385 0.131944 0.011979 0.052778
0 0.017708 0.373148 0.026042 0.020370
0 0.130990 0.393519 0.027604 0.020370
0 0.046354 0.255093 0.012500 0.041667
0 0.092448 0.668519 0.028646 0.022222
0 0.490885 0.294444 0.011979 0.053704
0 0.005469 0.596759 0.010937 0.023148
0 0.496094 0.150926 0.011979 0.048148
0 0.454427 0.791667 0.014063 0.044444
0 0.997396 0.571296 0.004167 0.018519
0 0.522396 0.912037 0.018750 0.057407
0 0.090365 0.707870 0.027604 0.025000
0 0.416406 0.885185 0.026562 0.050000
