0 0.182812 0.237500 0.012500 0.050926
0 0.105729 0.268519 0.012500 0.055556
0 0.006250 0.142593 0.011458 0.038889
0 0.733594 0.566667 0.026562 0.022222
0 0.414583 0.981944 0.008333 0.036111
0 0.462240 0.203704 0.016146 0.053704
0 0.034896 0.125000 0.011458 0.048148
0 0.050260 0.121296 0.019271 0.055556
0 0.736198 0.458333 0.024479 0.022222
0 0.733594 0.425926 0.027604 0.022222
0 0.783333 0.420833 0.028125 0.021296
0 0.772396 0.458796 0.026042 0.025000
0 0.821354 0.423611 0.028125 0.023148
0 0.810156 0.457870 0.026562 0.021296
0 0.850781 0.458333 0.029687 0.022222
0 0.735677 0.492130 0.025521 0.021296
0 0.866146 0.421296 0.028125 0.020370
0 0.040625 0.272222 0.012500 0.042593
0 0.778385 0.493981 0.026562 0.023148
0 0.915885 0.425000 0.029687 0.022222
0 0.895573 0.460185 0.026562 0.020370
0 0.731250 0.526852 0.028125 0.024074
0 0.261719 0.650463 0.026562 0.019444
0 0.934375 0.457407 0.025000 0.020370
0 0.953125 0.426852 0.026042 0.020370
0 0.258854 0.615278 0.027083 0.019444
0 0.220833 0.649074 0.027083 0.020370
0 0.272656 0.682870 0.026562 0.019444
0 0.207813 0.615741 0.028125 0.024074
0 0.240365 0.681944 0.025521 0.019444
0 0.979167 0.457870 0.030208 0.021296
0 0.820573 0.493519 0.028646 0.024074
0 0.778906 0.528241 0.026562 0.023148
0 0.119271 0.648148 0.027083 0.022222
0 0.166667 0.651852 0.028125 0.022222
0 0.117708 0.614815 0.027083 0.022222
0 0.158073 0.614815 0.026562 0.022222
0 0.195833 0.688426 0.027083 0.023148
0 0.080469 0.613426 0.025521 0.023148
0 0.988542 0.425000 0.022917 0.020370
0 0.863281 0.494444 0.032813 0.024074
0 0.082552 0.649074 0.029687 0.024074
0 0.150521 0.685648 0.027083 0.021296
0 0.905990 0.493519 0.029687 0.024074
0 0.045573 0.614815 0.023438 0.022222
0 0.108333 0.686111 0.028125 0.024074
0 0.036458 0.651389 0.028125 0.025000
0 0.822135 0.527778 0.029687 0.024074
0 0.951823 0.493519 0.030729 0.024074
0 0.769271 0.566204 0.027083 0.023148
0 0.068490 0.684722 0.026562 0.021296
0 0.002344 0.649074 0.004687 0.022222
0 0.985938 0.493981 0.026042 0.021296
0 0.027604 0.685185 0.026042 0.024074
0 0.258073 0.580556 0.027604 0.022222
0 0.809375 0.563426 0.029167 0.023148
0 0.444792 0.750463 0.011458 0.054630
0 0.210938 0.577778 0.023958 0.022222
0 0.009635 0.260185 0.015104 0.050000
0 0.850000 0.562963 0.026042 0.020370
0 0.239063 0.543981 0.027083 0.021296
0 0.872135 0.529167 0.032813 0.023148
0 0.891927 0.568519 0.029687 0.024074
0 0.072917 0.438426 0.022917 0.021296
0 0.129688 0.464352 0.028125 0.023148
0 0.418490 0.826852 0.011979 0.053704
0 0.519531 0.151852 0.014063 0.053704
0 0.008854 0.434722 0.017708 0.021296
0 0.002083 0.685648 0.004167 0.023148
0 0.228385 0.403241 0.026562 0.023148
0 0.359115 0.735185 0.026562 0.029630
0 0.930208 0.565741 0.031250 0.022222
0 0.500781 0.186111 0.014063 0.057407
0 0.612500 0.362037 0.030208 0.033333
0 0.481250 0.137963 0.013542 0.050000
0 0.285417 0.715278 0.025000 0.019444
0 0.338021 0.392130 0.027083 0.036111
0 0.488021 0.387963 0.012500 0.055556
0 0.014063 0.614815 0.023958 0.022222
0 0.483333 0.260185 0.011458 0.053704
0 0.233854 0.724537 0.026042 0.021296
0 0.158073 0.579167 0.026562 0.021296
0 0.416667 0.708796 0.011458 0.052778
0 0.645573 0.732870 0.022396 0.028704
0 0.439844 0.556019 0.009896 0.050926
0 0.109896 0.523611 0.027083 0.036111
0 0.373958 0.318519 0.023958 0.050000
0 0.420833 0.414352 0.011458 0.058333
0 0.612760 0.966667 0.031771 0.064815
0 0.441406 0.364352 0.013021 0.052778
0 0.625000 0.773148 0.026042 0.033333
0 0.491927 0.531944 0.010937 0.049074
0 0.969010 0.567593 0.026562 0.018519
0 0.422656 0.263426 0.011979 0.049074
0 0.928646 0.532407 0.030208 0.020370
0 0.489063 0.669907 0.011458 0.054630
0 0.298958 0.747222 0.015625 0.016667
0 0.442188 0.235185 0.012500 0.055556
0 0.516927 0.950926 0.020313 0.077778
0 0.012240 0.546759 0.011979 0.021296
0 0.487500 0.953241 0.014583 0.054630
