0 0.184635 0.240278 0.011979 0.054630
0 0.107031 0.273148 0.013021 0.053704
0 0.007552 0.149074 0.011979 0.037037
0 0.732812 0.569907 0.026042 0.023148
0 0.468490 0.482870 0.011979 0.052778
0 0.053646 0.125926 0.015625 0.057407
0 0.735417 0.460185 0.023958 0.024074
0 0.732292 0.429630 0.026042 0.024074
0 0.782813 0.424074 0.027083 0.024074
0 0.772135 0.461574 0.025521 0.023148
0 0.820833 0.426389 0.028125 0.021296
0 0.809635 0.460648 0.025521 0.023148
0 0.849740 0.460648 0.028646 0.023148
0 0.734635 0.495833 0.025521 0.023148
0 0.864844 0.424074 0.026562 0.020370
0 0.777344 0.496296 0.024479 0.022222
0 0.914844 0.426852 0.028646 0.020370
0 0.893490 0.462963 0.026562 0.022222
0 0.730990 0.530093 0.027604 0.023148
0 0.263802 0.654630 0.024479 0.022222
0 0.932813 0.460648 0.028125 0.021296
0 0.952344 0.429630 0.025521 0.020370
0 0.259896 0.618056 0.028125 0.023148
0 0.222396 0.652778 0.027083 0.022222
0 0.274479 0.687037 0.027083 0.022222
0 0.208854 0.618519 0.033333 0.024074
0 0.241667 0.685648 0.026042 0.021296
0 0.977344 0.461111 0.030729 0.022222
0 0.820312 0.496296 0.027083 0.024074
0 0.778646 0.531019 0.027083 0.023148
0 0.121354 0.652315 0.026042 0.021296
0 0.167708 0.654630 0.027083 0.022222
0 0.119010 0.617130 0.026562 0.023148
0 0.159115 0.618519 0.029687 0.024074
0 0.199219 0.690741 0.027604 0.022222
0 0.082292 0.616204 0.027083 0.023148
0 0.987760 0.429167 0.023438 0.019444
0 0.861979 0.496759 0.032292 0.023148
0 0.084115 0.651389 0.029687 0.023148
0 0.152083 0.687500 0.028125 0.021296
0 0.904687 0.496759 0.028125 0.023148
0 0.047396 0.617593 0.023958 0.022222
0 0.110417 0.687963 0.028125 0.024074
0 0.038281 0.655093 0.034896 0.026852
0 0.821354 0.531019 0.028125 0.023148
0 0.951302 0.496759 0.028646 0.021296
0 0.768750 0.568056 0.025000 0.021296
0 0.071094 0.687500 0.026562 0.021296
0 0.003385 0.652778 0.006771 0.024074
0 0.985156 0.497222 0.024479 0.018519
0 0.030208 0.687963 0.026042 0.022222
0 0.259635 0.584259 0.027604 0.022222
0 0.808333 0.566667 0.028125 0.024074
0 0.212240 0.581481 0.025521 0.022222
0 0.848177 0.565741 0.026562 0.020370
0 0.239844 0.547222 0.025521 0.020370
0 0.870833 0.531019 0.031250 0.023148
0 0.890885 0.570833 0.029687 0.023148
0 0.929688 0.568519 0.029167 0.022222
0 0.466406 0.323148 0.010937 0.053704
0 0.014844 0.618056 0.025521 0.019444
0 0.165365 0.582407 0.026562 0.020370
0 0.467448 0.406019 0.010937 0.047222
0 0.917188 0.534722 0.028125 0.021296
0 0.201302 0.549074 0.025521 0.022222
0 0.970313 0.529630 0.029167 0.022222
0 0.462500 0.252315 0.013542 0.052778
0 0.482812 0.020370 0.012500 0.040741
0 0.440625 0.693519 0.013542 0.068519
0 0.996875 0.529167 0.006250 0.021296
0 0.526302 0.207870 0.016146 0.054630
0 0.435677 0.913426 0.011979 0.054630
0 0.390885 0.806481 0.023438 0.057407
0 0.494531 0.182870 0.013021 0.052778
0 0.422135 0.808796 0.011979 0.054630
0 0.272656 0.722222 0.027604 0.022222
0 0.461979 0.156944 0.016667 0.060185
0 0.422917 0.611111 0.012500 0.061111
0 0.440365 0.560648 0.010937 0.054630
0 0.097396 0.443981 0.021875 0.039815
0 0.461198 0.075926 0.011979 0.053704
0 0.499219 0.494444 0.014063 0.059259
0 0.516146 0.910185 0.011458 0.050000
0 0.424219 0.443519 0.011979 0.053704
0 0.441406 0.345833 0.010937 0.049074
0 0.170052 0.723611 0.028646 0.023148
0 0.491406 0.600000 0.014063 0.057407
0 0.422656 0.327315 0.013021 0.052778
0 0.602604 0.732407 0.025000 0.035185
0 0.113281 0.519444 0.029687 0.042593
0 0.490885 0.732407 0.011979 0.053704
0 0.441406 0.231944 0.010937 0.049074
0 0.461198 0.016667 0.015104 0.033333
0 0.505469 0.048611 0.017188 0.097222
0 0.442969 0.105556 0.009896 0.046296
0 0.490365 0.948148 0.017188 0.055556
0 0.407813 0.051852 0.013542 0.055556
0 0.427604 0.015278 0.021875 0.030556
0 0.966927 0.569444 0.025521 0.020370
