0 0.460938 0.128241 0.015625 0.052778
0 0.460938 0.060648 0.011458 0.052778
0 0.725781 0.483333 0.025521 0.020370
0 0.729167 0.448148 0.026042 0.022222
0 0.767448 0.483796 0.026562 0.019444
0 0.805990 0.481944 0.025521 0.019444
0 0.766927 0.449074 0.025521 0.018519
0 0.727604 0.515278 0.026042 0.021296
0 0.814323 0.450463 0.029687 0.023148
0 0.920052 0.414352 0.027604 0.017593
0 0.869531 0.447685 0.029687 0.021296
0 0.858073 0.481944 0.027604 0.021296
0 0.967969 0.413426 0.028646 0.021296
0 0.939844 0.481481 0.024479 0.020370
0 0.911198 0.450000 0.027604 0.020370
0 0.902083 0.481944 0.030208 0.021296
0 0.766927 0.521759 0.027604 0.021296
0 0.944010 0.450000 0.025521 0.020370
0 0.983333 0.449074 0.026042 0.018519
0 0.239323 0.638889 0.023438 0.020370
0 0.248958 0.528704 0.025000 0.022222
0 0.808854 0.517130 0.027083 0.019444
0 0.860677 0.517130 0.027604 0.021296
0 0.728385 0.556019 0.026562 0.019444
0 0.772135 0.556481 0.027604 0.020370
0 0.904687 0.518056 0.029167 0.021296
0 0.813281 0.556019 0.026562 0.021296
0 0.129427 0.192593 0.014063 0.050000
0 0.850521 0.556019 0.027083 0.021296
0 0.193229 0.639815 0.027083 0.022222
0 0.997135 0.410648 0.005729 0.021296
0 0.951302 0.516667 0.026562 0.020370
0 0.209635 0.528241 0.027604 0.023148
0 0.261198 0.604167 0.026562 0.025000
0 0.150781 0.640278 0.024479 0.023148
0 0.257292 0.672222 0.028125 0.020370
0 0.225000 0.606481 0.023958 0.022222
0 0.419010 0.667130 0.009896 0.049074
0 0.221094 0.673148 0.025521 0.020370
0 0.100781 0.640278 0.028646 0.023148
0 0.183594 0.604167 0.030729 0.023148
0 0.170052 0.535648 0.026562 0.021296
0 0.126562 0.603704 0.028125 0.024074
0 0.410156 0.950926 0.011979 0.051852
0 0.896354 0.554167 0.027083 0.023148
0 0.391146 0.778704 0.020833 0.051852
0 0.174219 0.675000 0.026562 0.020370
0 0.489063 0.929630 0.013542 0.038889
0 0.130729 0.675000 0.027083 0.022222
0 0.053906 0.639815 0.028646 0.018519
0 0.077865 0.605093 0.033854 0.025000
0 0.443490 0.890741 0.013021 0.044444
0 0.980990 0.740741 0.025521 0.022222
0 0.439844 0.453704 0.011979 0.062963
0 0.937240 0.553241 0.027604 0.021296
0 0.013281 0.638426 0.022396 0.019444
0 0.042188 0.604630 0.027083 0.022222
0 0.090365 0.670833 0.027604 0.021296
0 0.420052 0.270370 0.009896 0.044444
0 0.971875 0.555093 0.028125 0.021296
0 0.441927 0.125000 0.011979 0.050000
0 0.307292 0.707870 0.023958 0.023148
0 0.048958 0.673611 0.029167 0.021296
0 0.577344 0.351389 0.032813 0.034259
0 0.981771 0.483333 0.032292 0.020370
0 0.992708 0.516667 0.013542 0.020370
0 0.481510 0.053241 0.011979 0.050926
0 0.444792 0.996759 0.004167 0.006481
0 0.041146 0.260648 0.013542 0.039815
0 0.623698 0.378241 0.025521 0.021296
0 0.015104 0.674537 0.022917 0.019444
0 0.010156 0.607870 0.019271 0.021296
0 0.130729 0.533796 0.026042 0.019444
0 0.151302 0.570833 0.026562 0.021296
0 0.504948 0.404630 0.011979 0.055556
0 0.241146 0.705093 0.025000 0.023148
0 0.421094 0.862037 0.011979 0.059259
0 0.147396 0.348148 0.028125 0.037037
0 0.484115 0.258796 0.010937 0.049074
0 0.431510 0.789815 0.011979 0.046296
0 0.503125 0.175463 0.011458 0.052778
0 0.162500 0.707870 0.028125 0.021296
0 0.486719 0.389815 0.010937 0.055556
0 0.437240 0.589352 0.011979 0.058333
0 0.704948 0.381019 0.024479 0.017593
0 0.103906 0.507870 0.029687 0.036111
0 0.622135 0.699074 0.023438 0.038889
0 0.415885 0.413426 0.013021 0.056481
0 0.097135 0.569907 0.026562 0.021296
0 0.486719 0.613426 0.009896 0.050926
0 0.091406 0.710648 0.026562 0.023148
0 0.510677 0.650463 0.010937 0.049074
0 0.441667 0.254167 0.011458 0.052778
0 0.056510 0.537037 0.024479 0.020370
0 0.489323 0.739352 0.010937 0.050926
0 0.213802 0.569444 0.018229 0.022222
0 0.905729 0.370370 0.030208 0.020370
0 0.508073 0.853241 0.013021 0.050926
0 0.020833 0.710648 0.027083 0.021296
