0 0.192188 0.586111 0.025000 0.018519
0 0.149740 0.582870 0.026562 0.019444
0 0.062500 0.587500 0.028125 0.023148
0 0.107552 0.583796 0.026562 0.019444
0 0.238281 0.586111 0.026562 0.018519
0 0.909635 0.563889 0.025521 0.020370
0 0.869010 0.565278 0.027604 0.023148
0 0.313542 0.581481 0.027083 0.024074
0 0.734375 0.565741 0.026042 0.020370
0 0.985677 0.565741 0.024479 0.020370
0 0.774740 0.565741 0.029687 0.024074
0 0.260677 0.548611 0.025521 0.019444
0 0.354427 0.543519 0.028646 0.025926
0 0.191927 0.239352 0.013021 0.052778
0 0.453646 0.160648 0.012500 0.041667
0 0.952604 0.563426 0.028125 0.023148
0 0.433333 0.154630 0.012500 0.055556
0 0.017188 0.268981 0.018750 0.065741
0 0.113802 0.273611 0.013021 0.052778
0 0.181771 0.550000 0.022917 0.016667
0 0.452604 0.101389 0.013542 0.058333
0 0.434635 0.084259 0.013021 0.064815
2 0.587240 0.563426 0.091146 0.032407
0 0.469792 0.069444 0.015625 0.061111
0 0.469531 0.138426 0.011979 0.047222
0 0.043229 0.129167 0.011458 0.049074
0 0.821094 0.567593 0.026562 0.020370
0 0.048438 0.277315 0.014583 0.041667
0 0.034115 0.470833 0.025521 0.019444
0 0.040104 0.505093 0.025000 0.019444
0 0.028125 0.434722 0.029167 0.019444
0 0.130469 0.550000 0.027604 0.016667
0 0.142708 0.503704 0.027083 0.018519
0 0.168490 0.437500 0.028646 0.023148
0 0.088542 0.484722 0.027083 0.021296
0 0.106510 0.416667 0.026562 0.022222
0 0.235417 0.434259 0.027083 0.020370
0 0.992448 0.681481 0.015104 0.022222
0 0.149219 0.472222 0.026562 0.018519
0 0.128646 0.386574 0.029167 0.021296
0 0.201302 0.504630 0.028646 0.020370
0 0.290625 0.443056 0.022917 0.017593
0 0.085417 0.551389 0.029167 0.021296
0 0.240885 0.403241 0.027604 0.023148
0 0.927604 0.641667 0.030208 0.022222
0 0.203385 0.471296 0.026562 0.018519
0 0.853646 0.613426 0.022917 0.017593
0 0.261198 0.509259 0.024479 0.020370
0 0.518229 0.024074 0.013542 0.048148
0 0.332813 0.411574 0.025000 0.017593
0 0.364063 0.449074 0.030208 0.022222
0 0.740365 0.616667 0.026562 0.024074
0 0.257552 0.474537 0.026562 0.019444
0 0.043750 0.552315 0.026042 0.017593
0 0.690104 0.643056 0.027083 0.023148
0 0.426823 0.982870 0.010937 0.034259
0 0.390104 0.411111 0.026042 0.020370
0 0.621875 0.649537 0.025000 0.019444
0 0.790885 0.712500 0.019271 0.019444
0 0.517188 0.170833 0.020833 0.056481
0 0.327604 0.488426 0.026042 0.021296
0 0.745833 0.528241 0.025000 0.021296
0 0.425000 0.445370 0.027083 0.020370
1 0.883854 0.693056 0.092708 0.043519
0 0.014323 0.586574 0.024479 0.021296
0 0.562240 0.281019 0.031771 0.049074
0 0.638542 0.615741 0.028125 0.020370
0 0.466667 0.400463 0.025000 0.019444
0 0.486198 0.450926 0.026562 0.020370
0 0.450521 0.481481 0.028125 0.024074
0 0.379948 0.490278 0.025521 0.023148
0 0.821615 0.647222 0.028646 0.018519
0 0.010417 0.549537 0.018750 0.017593
0 0.635417 0.694907 0.027083 0.017593
0 0.403906 0.801389 0.029687 0.047222
0 0.750781 0.456944 0.025521 0.023148
0 0.463021 0.653241 0.030208 0.021296
0 0.733854 0.423611 0.029167 0.021296
0 0.542969 0.462037 0.027604 0.024074
0 0.518750 0.618519 0.027083 0.024074
0 0.798438 0.455556 0.025000 0.020370
0 0.433073 0.617130 0.038021 0.025000
0 0.775781 0.421759 0.026562 0.023148
0 0.742969 0.494444 0.028646 0.022222
0 0.373958 0.657870 0.023958 0.021296
0 0.314844 0.655093 0.021354 0.017593
0 0.483854 0.691667 0.029167 0.020370
0 0.031771 0.392593 0.026042 0.020370
0 0.311979 0.621759 0.023958 0.017593
0 0.354427 0.692130 0.027604 0.023148
0 0.823438 0.493981 0.025000 0.021296
0 0.262240 0.656944 0.025521 0.019444
0 0.854167 0.455093 0.027083 0.023148
0 0.202865 0.619444 0.026562 0.022222
0 0.413021 0.238889 0.015625 0.055556
0 0.896615 0.492593 0.029687 0.022222
0 0.433854 0.022685 0.012500 0.045370
0 0.899740 0.420370 0.028646 0.020370
0 0.160677 0.696296 0.030729 0.022222
0 0.085677 0.664352 0.025521 0.019444
0 0.882031 0.386574 0.025521 0.021296
0 0.094271 0.620833 0.028125 0.023148
0 0.452083 0.029630 0.014583 0.059259
0 0.009375 0.150000 0.008333 0.040741
0 0.416406 0.043056 0.013021 0.050926
0 0.982552 0.454630 0.017188 0.016667
0 0.008333 0.693519 0.005208 0.024074
