0 0.184375 0.237037 0.014583 0.051852
0 0.105729 0.268981 0.012500 0.056481
0 0.006510 0.143056 0.011979 0.039815
0 0.734375 0.567130 0.026042 0.021296
0 0.421615 0.666667 0.016146 0.061111
0 0.440104 0.411111 0.012500 0.053704
0 0.425781 0.306944 0.010937 0.052778
0 0.441667 0.291667 0.011458 0.044444
0 0.463021 0.163426 0.013542 0.056481
0 0.035937 0.124074 0.012500 0.051852
0 0.050000 0.120833 0.022917 0.054630
0 0.738281 0.458796 0.023438 0.023148
0 0.735417 0.426389 0.026042 0.021296
0 0.784635 0.420833 0.027604 0.023148
0 0.773958 0.459722 0.026042 0.023148
0 0.822656 0.424537 0.028646 0.023148
0 0.811719 0.458796 0.025521 0.021296
0 0.851823 0.458796 0.028646 0.023148
0 0.736198 0.493981 0.025521 0.023148
0 0.867448 0.422222 0.026562 0.022222
0 0.040885 0.272222 0.011979 0.040741
0 0.779687 0.495833 0.025000 0.021296
0 0.917188 0.425463 0.028125 0.023148
0 0.897135 0.461574 0.026562 0.023148
0 0.732552 0.527315 0.028646 0.023148
0 0.261979 0.651852 0.025000 0.020370
0 0.936458 0.458796 0.023958 0.021296
0 0.954948 0.427778 0.024479 0.022222
0 0.259375 0.616204 0.028125 0.023148
0 0.221615 0.650000 0.026562 0.020370
0 0.273177 0.684259 0.027604 0.020370
0 0.208073 0.616204 0.027604 0.023148
0 0.240625 0.683796 0.026042 0.019444
0 0.980469 0.458796 0.030729 0.023148
0 0.822135 0.494907 0.027604 0.023148
0 0.779948 0.529630 0.025521 0.022222
0 0.120052 0.649074 0.026562 0.022222
0 0.166927 0.652778 0.027604 0.022222
0 0.118750 0.615741 0.026042 0.022222
0 0.158073 0.615278 0.027604 0.023148
0 0.196094 0.689352 0.027604 0.023148
0 0.081510 0.613889 0.026562 0.022222
0 0.988802 0.426389 0.021354 0.021296
0 0.864323 0.495370 0.031771 0.024074
0 0.082812 0.649537 0.029167 0.023148
0 0.151302 0.685648 0.027604 0.021296
0 0.908854 0.495370 0.027083 0.024074
0 0.046094 0.615741 0.024479 0.024074
0 0.109375 0.685648 0.028125 0.023148
0 0.037500 0.653241 0.030208 0.026852
0 0.823177 0.529167 0.026562 0.023148
0 0.954167 0.495370 0.030208 0.024074
0 0.770052 0.567130 0.024479 0.019444
0 0.069010 0.686111 0.027604 0.022222
0 0.002865 0.649537 0.005729 0.025000
0 0.987500 0.495833 0.021875 0.023148
0 0.028646 0.685648 0.027083 0.023148
0 0.259375 0.581481 0.028125 0.024074
0 0.523438 0.239352 0.025000 0.052778
0 0.810417 0.564352 0.028125 0.023148
0 0.441927 0.160648 0.013021 0.052778
0 0.116927 0.384722 0.025521 0.021296
0 0.211458 0.578241 0.026042 0.023148
0 0.010677 0.259722 0.014063 0.047222
0 0.851562 0.563889 0.025000 0.020370
0 0.261458 0.409722 0.031250 0.030556
0 0.156771 0.546759 0.027083 0.021296
0 0.873437 0.529167 0.031250 0.025000
0 0.603906 0.357870 0.027604 0.032407
0 0.892969 0.568519 0.029687 0.025926
0 0.042188 0.546296 0.029167 0.022222
0 0.368750 0.421296 0.022917 0.051852
0 0.425781 0.155093 0.014063 0.058333
0 0.676823 0.388889 0.026562 0.020370
0 0.094271 0.541667 0.028125 0.022222
0 0.402604 0.250463 0.013542 0.049074
0 0.508594 0.608796 0.010937 0.043519
0 0.488542 0.640278 0.011458 0.056481
0 0.229687 0.722222 0.028125 0.024074
0 0.993229 0.565741 0.010417 0.022222
0 0.980208 0.618519 0.022917 0.057407
0 0.511458 0.726389 0.012500 0.052778
0 0.822396 0.386111 0.027083 0.022222
0 0.166146 0.736574 0.018750 0.015741
0 0.484115 0.768056 0.011979 0.047222
0 0.099740 0.723611 0.028646 0.023148
0 0.408594 0.135185 0.013021 0.053704
0 0.044531 0.437963 0.028646 0.024074
0 0.014323 0.614815 0.023438 0.022222
0 0.488021 0.918981 0.010417 0.054630
