0 0.298177 0.561574 0.022396 0.021296
0 0.241927 0.559259 0.025521 0.020370
0 0.548177 0.572685 0.027604 0.023148
0 0.583073 0.565741 0.025521 0.020370
0 0.196354 0.558333 0.025000 0.020370
0 0.621875 0.563426 0.026042 0.019444
0 0.660937 0.562963 0.027083 0.020370
0 0.333333 0.516204 0.029167 0.023148
0 0.241406 0.523611 0.027604 0.021296
0 0.738021 0.571296 0.026042 0.020370
0 0.155469 0.554167 0.026562 0.019444
0 0.766667 0.568056 0.020833 0.021296
0 0.185156 0.520370 0.025521 0.020370
0 0.117448 0.553704 0.026562 0.022222
0 0.434635 0.139352 0.011979 0.058333
0 0.141667 0.519907 0.027083 0.019444
0 0.452865 0.056481 0.011979 0.051852
0 0.609635 0.965741 0.035937 0.059259
0 0.098437 0.521759 0.025000 0.021296
0 0.470052 0.044907 0.010937 0.047222
0 0.075521 0.552315 0.028125 0.021296
0 0.059896 0.518981 0.027083 0.019444
0 0.019271 0.510648 0.028125 0.021296
0 0.041927 0.549074 0.024479 0.022222
0 0.004687 0.549537 0.009375 0.023148
0 0.469531 0.119907 0.011979 0.047222
0 0.201563 0.323611 0.028125 0.023148
0 0.698698 0.566667 0.026562 0.022222
0 0.435156 0.061574 0.010937 0.050926
0 0.816406 0.573148 0.029687 0.022222
0 0.869271 0.504167 0.027083 0.021296
0 0.994792 0.592130 0.010417 0.019444
0 0.246615 0.334259 0.022396 0.020370
0 0.996354 0.633796 0.007292 0.017593
0 0.510938 0.742593 0.013542 0.024074
0 0.054688 0.407407 0.027083 0.024074
0 0.722917 0.700000 0.026042 0.022222
0 0.107292 0.437963 0.026042 0.020370
0 0.860156 0.573148 0.027604 0.022222
0 0.847656 0.692593 0.030729 0.020370
0 0.045833 0.463889 0.026042 0.020370
0 0.224219 0.421759 0.024479 0.019444
0 0.859115 0.623148 0.026562 0.020370
0 0.172917 0.461574 0.027083 0.023148
0 0.892969 0.664352 0.026562 0.019444
0 0.124479 0.473611 0.027083 0.023148
0 0.813542 0.654167 0.027083 0.019444
0 0.768750 0.619907 0.029167 0.023148
0 0.261198 0.449537 0.025521 0.021296
0 0.658854 0.688426 0.025000 0.021296
0 0.778906 0.464815 0.025521 0.020370
0 0.735677 0.425926 0.026562 0.020370
0 0.738281 0.460185 0.024479 0.020370
0 0.744010 0.497222 0.029687 0.020370
0 0.209375 0.373611 0.027083 0.021296
0 0.661719 0.650926 0.023438 0.018519
0 0.730990 0.531019 0.022396 0.021296
0 0.586979 0.329167 0.033333 0.039815
0 0.680990 0.624074 0.028646 0.022222
0 0.593750 0.719907 0.030208 0.023148
0 0.786198 0.500463 0.025521 0.021296
0 0.581510 0.646759 0.026562 0.021296
0 0.778125 0.430093 0.023958 0.021296
0 0.664323 0.382870 0.029687 0.025000
0 0.827865 0.467130 0.027604 0.023148
0 0.585938 0.611111 0.027083 0.020370
0 0.874740 0.467130 0.027604 0.023148
0 0.820573 0.429630 0.024479 0.020370
0 0.715885 0.389815 0.027604 0.018519
0 0.917448 0.471296 0.029687 0.022222
0 0.824479 0.502315 0.025000 0.021296
0 0.895052 0.575926 0.025521 0.020370
0 0.484635 0.607407 0.026562 0.022222
0 0.388021 0.636111 0.027083 0.022222
0 0.878385 0.435648 0.027604 0.021296
0 0.802083 0.534259 0.027083 0.020370
0 0.380990 0.283796 0.023438 0.049074
0 0.836458 0.393981 0.026042 0.017593
0 0.311979 0.595833 0.028125 0.019444
0 0.932813 0.436111 0.032292 0.022222
0 0.967969 0.475000 0.029687 0.024074
0 0.973958 0.693981 0.029167 0.023148
1 0.459115 0.685648 0.089063 0.036111
0 0.935677 0.508796 0.026562 0.021296
0 0.095833 0.700000 0.029167 0.022222
0 0.986198 0.439815 0.017188 0.016667
0 0.959375 0.399074 0.027083 0.022222
0 0.995833 0.508796 0.005208 0.023148
