0 0.007812 0.131944 0.012500 0.037963
0 0.043229 0.259259 0.014583 0.040741
0 0.125260 0.229167 0.029687 0.045370
0 0.306250 0.460648 0.025000 0.019444
0 0.254427 0.539815 0.025521 0.022222
0 0.773438 0.581019 0.026042 0.021296
0 0.738021 0.578241 0.026042 0.021296
0 0.254688 0.574537 0.023958 0.023148
0 0.809375 0.580093 0.028125 0.023148
0 0.219010 0.575463 0.027604 0.023148
0 0.847396 0.585648 0.027083 0.021296
0 0.884375 0.583333 0.028125 0.024074
0 0.920052 0.584259 0.025521 0.020370
0 0.216406 0.539352 0.024479 0.019444
0 0.958854 0.585648 0.030208 0.023148
0 0.166927 0.572685 0.027604 0.023148
0 0.607552 0.971296 0.035937 0.050000
0 0.445833 0.149074 0.015625 0.050000
0 0.427865 0.147685 0.010937 0.058333
0 0.447135 0.078241 0.010937 0.050926
0 0.429427 0.069444 0.011979 0.053704
0 0.991927 0.585648 0.016146 0.023148
0 0.178385 0.534259 0.026562 0.020370
0 0.465885 0.130556 0.010937 0.051852
0 0.468750 0.062500 0.011458 0.049074
0 0.758333 0.510185 0.027083 0.022222
0 0.005208 0.448611 0.010417 0.021296
0 0.251042 0.423148 0.027083 0.022222
0 0.064583 0.436111 0.029167 0.024074
0 0.165365 0.416204 0.027604 0.023148
0 0.019271 0.480556 0.031250 0.024074
0 0.076042 0.380093 0.028125 0.021296
0 0.988281 0.631944 0.023438 0.023148
0 0.153385 0.485648 0.026562 0.021296
0 0.313802 0.424074 0.026562 0.024074
0 0.169010 0.452315 0.026562 0.019444
0 0.935156 0.637037 0.026562 0.022222
0 0.261979 0.495370 0.027083 0.022222
0 0.372135 0.431944 0.027604 0.021296
0 0.897917 0.698611 0.025000 0.023148
0 0.772396 0.634722 0.026042 0.023148
0 0.235677 0.458796 0.027604 0.021296
0 0.862760 0.631019 0.027604 0.023148
0 0.423698 0.436111 0.028646 0.024074
0 0.987500 0.709722 0.025000 0.019444
0 0.947656 0.671296 0.025521 0.018519
0 0.453125 0.514352 0.027083 0.025000
0 0.367969 0.463426 0.025521 0.023148
0 0.375781 0.509722 0.027604 0.023148
0 0.476042 0.428704 0.025000 0.024074
0 0.406771 0.648611 0.029167 0.023148
0 0.516406 0.089352 0.014063 0.052778
0 0.516927 0.434722 0.025521 0.021296
0 0.099219 0.530556 0.029687 0.024074
0 0.128125 0.568519 0.023958 0.024074
0 0.810156 0.699537 0.028646 0.023148
0 0.716406 0.624074 0.026562 0.022222
0 0.712240 0.655556 0.026562 0.024074
0 0.015365 0.533333 0.024479 0.022222
0 0.441146 0.469907 0.028125 0.025000
0 0.638021 0.658333 0.029167 0.022222
0 0.646094 0.622685 0.025521 0.023148
0 0.568750 0.430556 0.026042 0.022222
0 0.517448 0.514815 0.025521 0.022222
0 0.474740 0.614815 0.025521 0.024074
0 0.080729 0.565741 0.026042 0.020370
0 0.541927 0.656481 0.026562 0.024074
0 0.566927 0.620833 0.027604 0.023148
0 0.611979 0.440278 0.027083 0.023148
0 0.056510 0.536574 0.024479 0.019444
0 0.055208 0.108796 0.012500 0.054630
0 0.566406 0.508333 0.026562 0.024074
0 0.501042 0.693056 0.029167 0.026852
0 0.521615 0.468981 0.028646 0.025000
0 0.683854 0.431944 0.025000 0.021296
0 0.683073 0.469907 0.023438 0.023148
0 0.843229 0.436574 0.025000 0.023148
0 0.656250 0.397222 0.025000 0.022222
0 0.361979 0.322685 0.027083 0.037963
0 0.760677 0.440278 0.029687 0.023148
0 0.361198 0.612963 0.026562 0.024074
0 0.892969 0.444907 0.024479 0.019444
0 0.765625 0.474537 0.028125 0.025000
0 0.186458 0.229167 0.011458 0.052778
0 0.626563 0.499537 0.027083 0.023148
0 0.251563 0.644907 0.026042 0.023148
0 0.230208 0.609722 0.027083 0.023148
0 0.207552 0.684259 0.028646 0.022222
0 0.205208 0.717130 0.026042 0.021296
0 0.041927 0.638889 0.027604 0.020370
0 0.149740 0.639352 0.026562 0.021296
0 0.130990 0.605093 0.031771 0.023148
0 0.933333 0.441204 0.025000 0.021296
0 0.865625 0.400000 0.029167 0.024074
0 0.091927 0.677315 0.061979 0.034259
0 0.930469 0.479167 0.028646 0.023148
0 0.936979 0.514815 0.027083 0.022222
0 0.983333 0.444444 0.023958 0.029630
0 0.012500 0.603241 0.011458 0.023148
