0 0.263281 0.597685 0.027604 0.023148
0 0.823698 0.470833 0.027604 0.021296
0 0.822917 0.537037 0.028125 0.022222
0 0.785677 0.500463 0.025521 0.023148
0 0.734635 0.534722 0.024479 0.019444
0 0.229167 0.634259 0.028125 0.024074
0 0.175260 0.597685 0.026562 0.023148
0 0.867448 0.470370 0.027604 0.022222
0 0.855469 0.438426 0.024479 0.019444
0 0.270052 0.633333 0.026562 0.020370
0 0.866406 0.505556 0.027604 0.020370
0 0.134635 0.589815 0.023438 0.020370
0 0.740365 0.426389 0.027604 0.021296
0 0.908073 0.508796 0.024479 0.019444
0 0.741146 0.462500 0.028125 0.021296
0 0.214323 0.594907 0.027604 0.025000
0 0.779427 0.430093 0.023438 0.021296
0 0.775260 0.536111 0.026562 0.020370
0 0.824740 0.504630 0.028646 0.024074
0 0.777865 0.467593 0.025521 0.022222
0 0.738802 0.500463 0.027604 0.019444
0 0.469271 0.143519 0.014583 0.059259
0 0.946094 0.472685 0.028646 0.021296
0 0.953125 0.506944 0.028125 0.023148
0 0.910417 0.471759 0.026042 0.021296
0 0.864583 0.540741 0.030208 0.025926
0 0.472396 0.062963 0.015625 0.066667
0 0.819792 0.433333 0.027083 0.022222
0 0.267448 0.666667 0.024479 0.020370
0 0.987240 0.473611 0.022396 0.019444
0 0.084635 0.590278 0.028646 0.023148
0 0.909896 0.542130 0.026042 0.021296
0 0.267188 0.563889 0.023958 0.020370
0 0.177344 0.629167 0.028646 0.023148
0 0.039062 0.588889 0.027083 0.020370
0 0.952344 0.540741 0.024479 0.022222
0 0.234896 0.560185 0.023958 0.018519
0 0.990625 0.511574 0.017708 0.021296
0 0.743490 0.569907 0.027604 0.023148
0 0.115625 0.629630 0.023958 0.020370
0 0.778125 0.574074 0.023958 0.022222
0 0.988281 0.543056 0.021354 0.021296
0 0.196354 0.560185 0.025000 0.020370
0 0.003385 0.583796 0.006771 0.025000
0 0.060156 0.625463 0.029687 0.023148
0 0.820312 0.574537 0.028125 0.025000
0 0.225000 0.665278 0.027083 0.021296
0 0.517708 0.167593 0.015625 0.057407
0 0.015104 0.624074 0.026042 0.022222
0 0.580208 0.353704 0.029167 0.035185
0 0.543490 0.289352 0.026562 0.052778
0 0.422656 0.824074 0.011979 0.059259
0 0.448437 0.777778 0.012500 0.055556
0 0.859896 0.574074 0.030208 0.025926
0 0.452604 0.294907 0.011458 0.056481
0 0.714063 0.389815 0.021875 0.018519
0 0.022396 0.360648 0.029167 0.021296
0 0.184375 0.662500 0.026042 0.023148
0 0.257292 0.527315 0.025000 0.019444
0 0.304167 0.701389 0.027083 0.019444
0 0.505469 0.309722 0.011979 0.054630
0 0.488802 0.366204 0.011979 0.052778
0 0.923958 0.579630 0.023958 0.022222
0 0.760417 0.388889 0.026042 0.022222
0 0.423698 0.686574 0.014063 0.062037
0 0.241146 0.406481 0.028125 0.027778
0 0.491927 0.477315 0.013021 0.060185
0 0.496875 0.628704 0.011458 0.050000
0 0.145052 0.662037 0.026562 0.024074
0 0.197656 0.523148 0.026562 0.020370
0 0.626042 0.701389 0.027083 0.037963
0 0.443229 0.593519 0.013542 0.059259
0 0.417708 0.573611 0.011458 0.045370
0 0.425000 0.405556 0.012500 0.057407
0 0.107292 0.507870 0.028125 0.028704
0 0.514323 0.671759 0.011979 0.052778
0 0.385677 0.299074 0.020313 0.042593
0 0.429688 0.256944 0.011458 0.050926
0 0.507812 0.825000 0.012500 0.042593
0 0.977604 0.581019 0.028125 0.021296
0 0.487760 0.818519 0.013021 0.057407
0 0.906771 0.393519 0.028125 0.018519
0 0.035156 0.519444 0.028646 0.022222
0 0.025000 0.659722 0.031250 0.025000
0 0.435417 0.090278 0.015625 0.052778
0 0.486198 0.955556 0.015104 0.050000
0 0.511719 0.744444 0.015104 0.027778
0 0.452865 0.042593 0.017188 0.055556
