0 0.182552 0.237037 0.011979 0.050000
0 0.105208 0.269444 0.012500 0.055556
0 0.006510 0.142593 0.011979 0.038889
0 0.733333 0.567130 0.026042 0.023148
0 0.462240 0.242593 0.016146 0.057407
0 0.034896 0.125463 0.011458 0.047222
0 0.050260 0.120833 0.018229 0.052778
0 0.736198 0.458796 0.023438 0.021296
0 0.733073 0.426389 0.027604 0.023148
0 0.783333 0.420833 0.028125 0.021296
0 0.772396 0.458796 0.025000 0.025000
0 0.821615 0.423148 0.028646 0.024074
0 0.810417 0.458333 0.027083 0.022222
0 0.850781 0.458796 0.027604 0.021296
0 0.735677 0.492593 0.026562 0.024074
0 0.866146 0.421296 0.027083 0.020370
0 0.040104 0.272222 0.012500 0.040741
0 0.778125 0.493981 0.026042 0.023148
0 0.915885 0.424074 0.029687 0.022222
0 0.895573 0.460648 0.026562 0.021296
0 0.731250 0.527315 0.028125 0.025000
0 0.261719 0.650926 0.026562 0.020370
0 0.934635 0.457870 0.025521 0.019444
0 0.952865 0.425926 0.025521 0.020370
0 0.258594 0.616204 0.028646 0.021296
0 0.220573 0.649537 0.027604 0.021296
0 0.273698 0.683796 0.025521 0.017593
0 0.207552 0.616204 0.028646 0.023148
0 0.240365 0.683333 0.024479 0.018519
0 0.979167 0.457407 0.030208 0.024074
0 0.820833 0.493519 0.028125 0.024074
0 0.778906 0.529167 0.026562 0.023148
0 0.119271 0.649537 0.027083 0.021296
0 0.166406 0.652315 0.027604 0.023148
0 0.117708 0.615741 0.027083 0.022222
0 0.158073 0.616204 0.026562 0.023148
0 0.196094 0.688889 0.027604 0.024074
0 0.080469 0.614352 0.025521 0.021296
0 0.988281 0.424537 0.022396 0.021296
0 0.863021 0.494444 0.031250 0.022222
0 0.082552 0.649074 0.029687 0.024074
0 0.150521 0.685648 0.028125 0.021296
0 0.905990 0.494444 0.027604 0.024074
0 0.045573 0.615278 0.024479 0.021296
0 0.108854 0.686574 0.028125 0.023148
0 0.036458 0.652315 0.027083 0.025000
0 0.822135 0.527778 0.028646 0.024074
0 0.952083 0.493519 0.030208 0.024074
0 0.769792 0.566204 0.026042 0.023148
0 0.068750 0.685185 0.027083 0.022222
0 0.002344 0.649537 0.004687 0.023148
0 0.987240 0.493981 0.024479 0.021296
0 0.027865 0.685648 0.026562 0.023148
0 0.258073 0.581481 0.027604 0.022222
0 0.809375 0.563889 0.028125 0.024074
0 0.445052 0.843981 0.010937 0.052778
0 0.209635 0.578704 0.026562 0.022222
0 0.009635 0.260185 0.015104 0.050000
0 0.850000 0.563889 0.025000 0.020370
0 0.239323 0.543981 0.026562 0.019444
0 0.872135 0.529167 0.031771 0.025000
0 0.891927 0.568056 0.029687 0.025000
0 0.028906 0.446296 0.027604 0.022222
0 0.092969 0.468056 0.026562 0.023148
0 0.419010 0.918519 0.010937 0.050000
0 0.517448 0.103704 0.015104 0.059259
0 0.191146 0.409259 0.025000 0.024074
0 0.443229 0.018519 0.009375 0.037037
0 0.365885 0.743056 0.030729 0.039815
0 0.930208 0.566204 0.030208 0.023148
0 0.498698 0.137963 0.014063 0.053704
0 0.590365 0.343519 0.030729 0.037037
0 0.481250 0.066667 0.013542 0.050000
0 0.301042 0.716204 0.023958 0.019444
0 0.310417 0.408796 0.029167 0.032407
0 0.487240 0.323611 0.014063 0.054630
0 0.013542 0.614815 0.022917 0.018519
0 0.481250 0.190278 0.011458 0.052778
0 0.246615 0.725000 0.025521 0.020370
0 0.162760 0.580093 0.027604 0.023148
0 0.416667 0.798611 0.011458 0.049074
0 0.683333 0.720370 0.021875 0.022222
0 0.440625 0.643519 0.010417 0.053704
0 0.114323 0.511111 0.025521 0.046296
0 0.358073 0.346296 0.026562 0.046296
0 0.421094 0.505556 0.011979 0.057407
0 0.440625 0.437963 0.012500 0.053704
0 0.651823 0.752778 0.025521 0.033333
0 0.493750 0.450926 0.011458 0.053704
0 0.969010 0.567593 0.026562 0.018519
0 0.421354 0.340278 0.014583 0.056481
0 0.921615 0.531481 0.028646 0.022222
0 0.489063 0.584259 0.011458 0.055556
0 0.441927 0.306944 0.013021 0.054630
0 0.402604 0.193519 0.014583 0.062963
0 0.526563 0.908333 0.021875 0.072222
0 0.057552 0.548148 0.026562 0.020370
0 0.487500 0.853704 0.011458 0.057407
0 0.423698 0.187963 0.011979 0.057407
0 0.990625 0.526389 0.016667 0.023148
0 0.509635 0.996296 0.025521 0.007407
