0 0.442708 0.831481 0.013542 0.046296
0 0.466406 0.828704 0.013021 0.050000
0 0.463802 0.751389 0.014063 0.041667
0 0.489323 0.756019 0.016146 0.052778
0 0.503906 0.684259 0.023438 0.046296
0 0.568750 0.606944 0.023958 0.032407
0 0.471094 0.287963 0.021354 0.055556
0 0.020052 0.371296 0.026562 0.018519
0 0.444271 0.052778 0.011458 0.044444
0 0.443750 0.137963 0.013542 0.046296
0 0.490885 0.162500 0.013021 0.063889
0 0.503646 0.029630 0.012500 0.057407
0 0.427604 0.052315 0.010417 0.052778
0 0.305469 0.530093 0.022396 0.017593
0 0.426302 0.133796 0.011979 0.054630
0 0.471094 0.371759 0.026562 0.056481
0 0.463281 0.134722 0.011979 0.045370
0 0.463802 0.067130 0.011979 0.050926
0 0.402604 0.468519 0.030208 0.044444
0 0.330469 0.550000 0.030729 0.029630
0 0.122396 0.471759 0.022917 0.054630
0 0.660417 0.566667 0.025000 0.020370
0 0.266146 0.575463 0.023958 0.021296
0 0.734896 0.563889 0.021875 0.020370
0 0.727865 0.490278 0.025521 0.021296
0 0.730208 0.455093 0.025000 0.023148
0 0.767969 0.490741 0.026562 0.022222
0 0.983073 0.491667 0.027604 0.022222
0 0.806771 0.489352 0.027083 0.021296
0 0.767708 0.456019 0.025000 0.019444
0 0.729688 0.521296 0.023958 0.018519
0 0.816146 0.457407 0.027083 0.020370
0 0.922135 0.422222 0.029687 0.020370
0 0.402865 0.889815 0.009896 0.037037
0 0.870573 0.455093 0.028646 0.021296
0 0.527344 0.235185 0.021354 0.050000
0 0.858594 0.488889 0.027604 0.024074
0 0.969531 0.421296 0.028646 0.022222
0 0.610938 0.572222 0.025000 0.020370
0 0.940625 0.490278 0.026042 0.023148
0 0.912760 0.457407 0.027604 0.020370
0 0.901563 0.488426 0.029167 0.023148
0 0.768229 0.527315 0.027083 0.021296
0 0.946354 0.457870 0.026042 0.019444
0 0.130208 0.194444 0.014583 0.057407
0 0.804688 0.560648 0.027083 0.023148
0 0.954427 0.711574 0.023438 0.026852
0 0.233594 0.711574 0.025521 0.021296
0 0.985156 0.456944 0.024479 0.017593
0 0.370573 0.311111 0.023438 0.044444
0 0.212760 0.641667 0.024479 0.022222
0 0.091406 0.536111 0.032813 0.025926
0 0.865365 0.524537 0.028646 0.021296
0 0.404167 0.209259 0.010417 0.046296
0 0.023698 0.538889 0.027604 0.024074
0 0.090625 0.573148 0.028125 0.022222
0 0.971875 0.526389 0.027083 0.023148
0 0.994010 0.605556 0.011979 0.035185
