0 0.464844 0.120370 0.011979 0.048148
0 0.196094 0.328241 0.036979 0.026852
0 0.863281 0.496759 0.027604 0.025000
0 0.773177 0.459722 0.026562 0.021296
0 0.729427 0.421296 0.025521 0.022222
0 0.733333 0.456019 0.023958 0.021296
0 0.738021 0.492593 0.027083 0.020370
0 0.726302 0.526389 0.023438 0.019444
0 0.780469 0.495370 0.023438 0.020370
0 0.771875 0.424074 0.027083 0.025926
0 0.822135 0.461574 0.028646 0.025000
0 0.868490 0.460648 0.032813 0.026852
0 0.815104 0.423611 0.026042 0.023148
0 0.911719 0.464815 0.027604 0.024074
0 0.819792 0.495833 0.026042 0.021296
0 0.858854 0.431019 0.026042 0.021296
0 0.767448 0.527778 0.026562 0.022222
0 0.901823 0.430093 0.031771 0.025000
0 0.958073 0.466204 0.031771 0.025000
0 0.903385 0.499074 0.026562 0.020370
0 0.940885 0.431481 0.028646 0.020370
0 0.957031 0.498148 0.030729 0.025926
0 0.804948 0.528704 0.022396 0.018519
0 0.253906 0.632870 0.026562 0.023148
0 0.848698 0.528704 0.026562 0.022222
0 0.890365 0.532407 0.027604 0.022222
0 0.260156 0.524537 0.026562 0.019444
0 0.217708 0.525000 0.028125 0.024074
0 0.726562 0.565278 0.026042 0.023148
0 0.259375 0.597685 0.027083 0.025000
0 0.257031 0.563889 0.026562 0.024074
0 0.935156 0.533333 0.028646 0.022222
0 0.761198 0.564815 0.023438 0.022222
0 0.994792 0.501389 0.009375 0.021296
0 0.978385 0.533796 0.024479 0.019444
0 0.800260 0.566667 0.025521 0.024074
0 0.182031 0.526852 0.024479 0.022222
0 0.830208 0.564815 0.020833 0.020370
0 0.216146 0.631944 0.026042 0.021296
0 0.145313 0.527778 0.026042 0.022222
0 0.427083 0.871296 0.011458 0.046296
0 0.863021 0.571759 0.027083 0.019444
0 0.995833 0.464352 0.008333 0.021296
0 0.900781 0.568981 0.026562 0.021296
0 0.443229 0.457407 0.012500 0.048148
0 0.171354 0.631944 0.027083 0.023148
0 0.403646 0.846296 0.017708 0.055556
0 0.934635 0.568519 0.025521 0.020370
0 0.130729 0.633796 0.026042 0.023148
0 0.219271 0.597685 0.026042 0.023148
0 0.171875 0.598148 0.027083 0.022222
0 0.293750 0.377778 0.031250 0.035185
0 0.368750 0.735185 0.026042 0.037037
0 0.102344 0.524537 0.027604 0.021296
0 0.087500 0.629167 0.028125 0.023148
0 0.972135 0.567593 0.025521 0.020370
0 0.511198 0.508796 0.011979 0.050926
0 0.044531 0.627778 0.027604 0.022222
0 0.059635 0.523148 0.025521 0.022222
0 0.125000 0.595370 0.028125 0.025926
0 0.983854 0.425000 0.031250 0.029630
0 0.464844 0.045370 0.010937 0.053704
0 0.820833 0.700463 0.026042 0.025000
0 0.542448 0.281481 0.026562 0.048148
0 0.439323 0.777315 0.015104 0.056481
0 0.417187 0.721296 0.015625 0.059259
0 0.077083 0.593519 0.037500 0.024074
0 0.605729 0.352778 0.029167 0.035185
0 0.488281 0.171296 0.015104 0.053704
0 0.422917 0.529630 0.011458 0.059259
0 0.490625 0.317130 0.012500 0.052778
0 0.176563 0.665278 0.023958 0.023148
0 0.371094 0.310648 0.027604 0.043519
0 0.421094 0.422685 0.009896 0.052778
0 0.756250 0.391667 0.026042 0.024074
0 0.491927 0.458796 0.014063 0.056481
0 0.510417 0.652778 0.012500 0.048148
0 0.443229 0.342130 0.012500 0.054630
0 0.011458 0.522222 0.018750 0.020370
0 0.112240 0.561111 0.027604 0.024074
0 0.419271 0.338426 0.016667 0.056481
0 0.189583 0.705093 0.027083 0.021296
0 0.443750 0.206481 0.011458 0.048148
0 0.426823 0.229167 0.010937 0.054630
0 0.088021 0.701852 0.029167 0.024074
0 0.482812 0.834722 0.014583 0.060185
0 0.511198 0.921759 0.015104 0.047222
0 0.732812 0.696296 0.031250 0.020370
0 0.503385 0.743981 0.015104 0.054630
0 0.428125 0.089352 0.011458 0.052778
0 0.443490 0.089815 0.011979 0.053704
