0 0.444271 0.359259 0.012500 0.053704
0 0.463802 0.121296 0.011979 0.051852
0 0.195573 0.328241 0.036979 0.026852
0 0.863021 0.497685 0.027083 0.023148
0 0.772135 0.460648 0.025521 0.021296
0 0.729688 0.423148 0.025000 0.022222
0 0.732552 0.457407 0.023438 0.022222
0 0.737760 0.493519 0.027604 0.020370
0 0.726042 0.527315 0.023958 0.021296
0 0.780469 0.495833 0.023438 0.019444
0 0.771354 0.426389 0.026042 0.023148
0 0.821875 0.461574 0.028125 0.025000
0 0.867448 0.462037 0.032813 0.024074
0 0.814323 0.425926 0.025521 0.022222
0 0.910937 0.466667 0.027083 0.022222
0 0.818490 0.496759 0.025521 0.021296
0 0.858594 0.431944 0.026562 0.019444
0 0.766927 0.528704 0.026562 0.022222
0 0.902083 0.431481 0.029167 0.020370
0 0.957292 0.467593 0.030208 0.022222
0 0.902604 0.500926 0.026042 0.020370
0 0.940885 0.432870 0.027604 0.019444
0 0.956250 0.500000 0.030208 0.024074
0 0.804427 0.529630 0.021354 0.018519
0 0.254167 0.633796 0.025000 0.021296
0 0.847656 0.531944 0.026562 0.021296
0 0.890885 0.534722 0.027604 0.021296
0 0.260156 0.525926 0.025521 0.020370
0 0.217448 0.525926 0.027604 0.024074
0 0.726042 0.566667 0.026042 0.022222
0 0.258594 0.598148 0.025521 0.024074
0 0.256771 0.565278 0.027083 0.023148
0 0.934896 0.535648 0.028125 0.019444
0 0.760938 0.565278 0.025000 0.023148
0 0.995052 0.503241 0.009896 0.019444
0 0.978125 0.536111 0.025000 0.020370
0 0.799740 0.568056 0.025521 0.023148
0 0.181250 0.528241 0.025000 0.023148
0 0.829427 0.566204 0.021354 0.019444
0 0.512240 0.416667 0.010937 0.050000
0 0.443229 0.456944 0.012500 0.052778
0 0.215104 0.632407 0.023958 0.022222
0 0.143750 0.529167 0.026042 0.023148
0 0.863542 0.573611 0.028125 0.021296
0 0.995833 0.467593 0.008333 0.020370
0 0.402604 0.973611 0.012500 0.052778
0 0.899740 0.570833 0.024479 0.021296
0 0.423958 0.987963 0.007292 0.024074
0 0.530729 0.253704 0.022917 0.048148
0 0.170573 0.633796 0.027604 0.023148
0 0.330990 0.714815 0.024479 0.022222
0 0.933333 0.570833 0.026042 0.021296
0 0.717969 0.660185 0.027604 0.024074
0 0.129688 0.633333 0.026042 0.025926
0 0.219531 0.598611 0.027604 0.023148
0 0.009635 0.123611 0.014063 0.037963
0 0.444792 0.201852 0.011458 0.046296
0 0.171615 0.597222 0.028646 0.024074
0 0.508594 0.269907 0.013021 0.049074
0 0.294271 0.706019 0.021875 0.019444
0 0.442448 0.930093 0.013021 0.049074
0 0.101302 0.525000 0.028646 0.022222
0 0.430208 0.670370 0.011458 0.051852
0 0.086198 0.629630 0.028646 0.024074
0 0.566927 0.319444 0.030729 0.044444
0 0.446354 0.571759 0.010417 0.049074
0 0.489583 0.181019 0.011458 0.054630
0 0.971354 0.569444 0.025000 0.020370
0 0.416927 0.529630 0.010937 0.051852
0 0.043490 0.627778 0.026562 0.022222
0 0.513802 0.570370 0.011979 0.061111
0 0.059896 0.523611 0.025000 0.021296
0 0.598177 0.750926 0.024479 0.038889
0 0.486719 0.504167 0.011979 0.050926
0 0.421354 0.441667 0.011458 0.053704
0 0.706510 0.389815 0.023438 0.018519
0 0.363542 0.313426 0.023958 0.045370
0 0.501563 0.737500 0.011458 0.054630
0 0.120833 0.595833 0.027083 0.025000
0 0.993229 0.646759 0.013542 0.050926
0 0.877865 0.394907 0.031771 0.023148
0 0.482812 0.843981 0.012500 0.050926
0 0.427604 0.285648 0.016667 0.047222
0 0.427344 0.102778 0.015104 0.062963
0 0.446094 0.100000 0.011979 0.042593
0 0.506510 0.970833 0.016146 0.050926
