0 0.133333 0.185648 0.013542 0.047222
0 0.010156 0.123611 0.013021 0.037963
0 0.046094 0.252315 0.013021 0.041667
0 0.737240 0.570370 0.025521 0.020370
0 0.733854 0.499074 0.027083 0.022222
0 0.893750 0.436111 0.029167 0.022222
0 0.847656 0.437963 0.025521 0.020370
0 0.714844 0.464815 0.024479 0.020370
0 0.802083 0.436574 0.026042 0.019444
0 0.772135 0.468056 0.024479 0.021296
0 0.916146 0.471296 0.029167 0.022222
0 0.820833 0.468519 0.026042 0.022222
0 0.774740 0.500463 0.022396 0.023148
0 0.272917 0.639815 0.025000 0.020370
0 0.825781 0.502315 0.028646 0.023148
0 0.940885 0.437037 0.027604 0.022222
0 0.867448 0.472222 0.028646 0.022222
0 0.227604 0.637500 0.026042 0.021296
0 0.713021 0.531019 0.025000 0.019444
0 0.015365 0.240741 0.018229 0.057407
0 0.306250 0.604630 0.025000 0.024074
0 0.983594 0.436574 0.028646 0.023148
0 0.181771 0.634722 0.018750 0.023148
0 0.238021 0.600463 0.025000 0.019444
0 0.057813 0.101852 0.012500 0.051852
0 0.916667 0.508796 0.025000 0.021296
0 0.956510 0.473148 0.026562 0.020370
0 0.142448 0.633796 0.023438 0.023148
0 0.768750 0.535185 0.023958 0.020370
0 0.258594 0.672685 0.023438 0.019444
0 0.222135 0.669444 0.025521 0.020370
0 0.098698 0.630093 0.026562 0.021296
0 0.955469 0.508796 0.027604 0.021296
0 0.055990 0.629630 0.025521 0.022222
0 0.127604 0.599074 0.028125 0.022222
0 0.159115 0.669444 0.025521 0.020370
0 0.081510 0.597685 0.028646 0.021296
0 0.803646 0.539815 0.023958 0.020370
0 0.882552 0.541667 0.024479 0.020370
0 0.012760 0.627315 0.024479 0.021296
0 0.118229 0.667593 0.026042 0.022222
0 0.774740 0.575463 0.021354 0.019444
0 0.841146 0.540278 0.027083 0.019444
0 0.816927 0.576852 0.025521 0.022222
0 0.258073 0.569907 0.025521 0.019444
0 0.265885 0.529630 0.026562 0.022222
0 0.224479 0.566667 0.025000 0.022222
0 0.853646 0.576852 0.025000 0.022222
0 0.145833 0.561574 0.023958 0.021296
0 0.890885 0.580093 0.028646 0.023148
0 0.171094 0.600000 0.025521 0.024074
0 0.184635 0.565741 0.024479 0.024074
0 0.038021 0.595833 0.028125 0.019444
0 0.928646 0.580556 0.028125 0.024074
0 0.967448 0.580556 0.025521 0.022222
0 0.875521 0.506481 0.030208 0.020370
0 0.227344 0.528241 0.027604 0.023148
0 0.994792 0.581944 0.009375 0.025000
0 0.926042 0.541204 0.026042 0.023148
0 0.970052 0.544444 0.027604 0.024074
0 0.996875 0.545833 0.006250 0.019444
0 0.607812 0.968981 0.036458 0.054630
0 0.042708 0.106481 0.011458 0.046296
0 0.430469 0.141204 0.011979 0.049074
0 0.447656 0.141204 0.009896 0.050926
0 0.430729 0.053704 0.012500 0.048148
0 0.449479 0.069907 0.012500 0.058333
0 0.183333 0.528704 0.030208 0.022222
0 0.134115 0.245833 0.013021 0.039815
0 0.105990 0.559722 0.025521 0.021296
0 0.339062 0.702778 0.027083 0.024074
0 0.008854 0.393056 0.017708 0.021296
0 0.955729 0.669907 0.029167 0.021296
0 0.028646 0.439352 0.027083 0.019444
0 0.641406 0.395370 0.027604 0.024074
0 0.695573 0.649537 0.026562 0.028704
0 0.990104 0.511574 0.018750 0.017593
0 0.260417 0.436111 0.021875 0.024074
0 0.148958 0.440741 0.027083 0.022222
0 0.544792 0.562500 0.025000 0.047222
0 0.117969 0.376389 0.025521 0.019444
0 0.465625 0.147685 0.012500 0.056481
0 0.259896 0.706944 0.023958 0.021296
0 0.765885 0.396759 0.028646 0.021296
0 0.196875 0.701852 0.017708 0.016667
0 0.468229 0.068056 0.013542 0.052778
0 0.004427 0.593981 0.008854 0.021296
0 0.410677 0.139815 0.011979 0.055556
0 0.909635 0.400000 0.025521 0.016667
0 0.739062 0.429167 0.069792 0.026852
