0 0.507552 0.152315 0.010937 0.049074
0 0.502083 0.247685 0.012500 0.052778
0 0.430469 0.980556 0.009896 0.037037
0 0.448437 0.821759 0.017708 0.047222
0 0.483854 0.326852 0.025000 0.053704
0 0.480469 0.718519 0.026562 0.059259
0 0.572135 0.599537 0.034896 0.041667
0 0.494792 0.016667 0.009375 0.033333
0 0.483854 0.215741 0.013542 0.050000
0 0.705469 0.568056 0.024479 0.021296
0 0.360938 0.521296 0.025000 0.029630
0 0.744792 0.567130 0.021875 0.019444
0 0.470052 0.318519 0.025521 0.057407
0 0.309635 0.551852 0.025521 0.022222
0 0.434896 0.139815 0.011458 0.059259
0 0.377344 0.440741 0.022396 0.033333
0 0.452344 0.057407 0.011979 0.055556
0 0.609375 0.965741 0.035417 0.057407
0 0.323958 0.498611 0.021875 0.025000
0 0.469792 0.043519 0.012500 0.050000
0 0.225521 0.562500 0.025000 0.019444
0 0.132552 0.462963 0.021354 0.053704
0 0.095833 0.515278 0.028125 0.023148
0 0.155990 0.558796 0.027604 0.021296
0 0.087240 0.555556 0.028646 0.024074
0 0.469010 0.120833 0.013021 0.049074
0 0.201302 0.324537 0.027604 0.023148
0 0.652344 0.564815 0.025521 0.022222
0 0.434635 0.062500 0.014063 0.054630
0 0.792969 0.572222 0.026562 0.022222
0 0.869792 0.503241 0.027083 0.023148
0 0.992188 0.593519 0.014583 0.024074
0 0.845052 0.570370 0.027604 0.022222
0 0.778906 0.464352 0.025521 0.021296
0 0.735417 0.426852 0.025000 0.020370
0 0.738542 0.460648 0.023958 0.023148
0 0.743750 0.498148 0.030208 0.022222
0 0.730990 0.530093 0.022396 0.021296
0 0.785937 0.500463 0.025000 0.019444
0 0.778385 0.429630 0.025521 0.024074
0 0.827865 0.467130 0.027604 0.025000
0 0.874740 0.467130 0.027604 0.025000
0 0.821094 0.430093 0.025521 0.023148
0 0.917448 0.470370 0.028646 0.022222
0 0.824740 0.501852 0.025521 0.022222
0 0.887500 0.575926 0.026042 0.020370
0 0.966667 0.657870 0.028125 0.021296
0 0.864844 0.435648 0.026562 0.021296
0 0.772396 0.533333 0.028125 0.020370
0 0.540365 0.194444 0.019271 0.055556
0 0.936198 0.621296 0.026562 0.020370
0 0.909896 0.434722 0.030208 0.021296
0 0.965365 0.474074 0.029687 0.024074
0 0.909896 0.507407 0.026042 0.020370
0 0.405208 0.853241 0.019792 0.058333
0 0.948698 0.437963 0.024479 0.018519
0 0.571875 0.304167 0.030208 0.047222
0 0.082292 0.374074 0.027083 0.020370
0 0.964063 0.506481 0.029167 0.024074
0 0.810417 0.534722 0.021875 0.019444
0 0.257812 0.630093 0.023958 0.021296
0 0.853906 0.536111 0.027604 0.022222
0 0.046875 0.518519 0.026042 0.024074
0 0.523698 0.018056 0.008854 0.036111
0 0.405469 0.227778 0.015104 0.053704
0 0.988802 0.432407 0.019271 0.024074
0 0.155990 0.702778 0.027604 0.022222
0 0.018750 0.550926 0.022917 0.024074
0 0.955469 0.397222 0.025521 0.020370
0 0.244271 0.670833 0.055208 0.032407
0 0.415104 0.041667 0.014583 0.051852
0 0.992448 0.543981 0.009896 0.025000
0 0.004427 0.513889 0.005729 0.022222
