0 0.465104 0.120370 0.011458 0.050000
0 0.195573 0.326852 0.032813 0.025926
0 0.865104 0.496296 0.027083 0.024074
0 0.774479 0.459259 0.025000 0.020370
0 0.731250 0.421296 0.025000 0.020370
0 0.735156 0.456481 0.023438 0.020370
0 0.739844 0.492130 0.028646 0.021296
0 0.727865 0.525926 0.023438 0.020370
0 0.782292 0.495833 0.025000 0.019444
0 0.773698 0.423611 0.025521 0.023148
0 0.823698 0.461111 0.028646 0.025926
0 0.870833 0.460648 0.026042 0.023148
0 0.817448 0.423148 0.025521 0.020370
0 0.913802 0.464352 0.026562 0.023148
0 0.821354 0.496296 0.026042 0.022222
0 0.860677 0.430093 0.024479 0.019444
0 0.769010 0.527315 0.026562 0.023148
0 0.903906 0.429630 0.028646 0.022222
0 0.959635 0.465741 0.035937 0.024074
0 0.905729 0.498148 0.023958 0.020370
0 0.944531 0.431019 0.025521 0.019444
0 0.959635 0.498148 0.036979 0.025926
0 0.806510 0.528704 0.023438 0.020370
0 0.253646 0.634259 0.027083 0.024074
0 0.850521 0.529630 0.026042 0.024074
0 0.892708 0.533333 0.026042 0.022222
0 0.261198 0.524537 0.025521 0.019444
0 0.217188 0.525463 0.029167 0.025000
0 0.728646 0.565741 0.026042 0.024074
0 0.259115 0.598611 0.028646 0.023148
0 0.256771 0.565278 0.027083 0.023148
0 0.938021 0.534722 0.029167 0.021296
0 0.762500 0.563889 0.023958 0.022222
0 0.996094 0.501389 0.006771 0.019444
0 0.980990 0.534259 0.026562 0.020370
0 0.803646 0.567593 0.025000 0.022222
0 0.181510 0.528704 0.028646 0.025926
0 0.833073 0.565741 0.022396 0.020370
0 0.216146 0.632407 0.026042 0.022222
0 0.143750 0.530556 0.028125 0.024074
0 0.866146 0.571759 0.026042 0.019444
0 0.996354 0.465278 0.006250 0.019444
0 0.902604 0.569444 0.027083 0.022222
0 0.485417 0.658333 0.011458 0.051852
0 0.171615 0.634722 0.026562 0.021296
0 0.938542 0.568981 0.027083 0.019444
0 0.130469 0.635185 0.028646 0.025926
0 0.220573 0.599074 0.027604 0.022222
0 0.008594 0.121296 0.013021 0.037037
0 0.172135 0.598148 0.033854 0.027778
0 0.101823 0.525926 0.033854 0.025926
0 0.086458 0.630093 0.029167 0.023148
0 0.977344 0.568056 0.028646 0.019444
0 0.044531 0.629167 0.027604 0.023148
0 0.059635 0.524537 0.027604 0.023148
0 0.124479 0.597222 0.029167 0.025926
0 0.447396 0.047222 0.011458 0.051852
0 0.438542 0.820833 0.012500 0.056481
0 0.446875 0.132407 0.014583 0.050000
0 0.076823 0.594907 0.034896 0.025000
0 0.439063 0.695833 0.013542 0.060185
0 0.214062 0.671759 0.020833 0.028704
0 0.444271 0.621759 0.013542 0.056481
0 0.177083 0.667593 0.026042 0.022222
0 0.488542 0.805556 0.011458 0.050000
0 0.167708 0.561574 0.031250 0.026852
0 0.210938 0.564352 0.027083 0.023148
0 0.402083 0.866667 0.012500 0.048148
0 0.377083 0.758333 0.029167 0.048148
0 0.464844 0.045370 0.011979 0.050000
0 0.440365 0.979630 0.010937 0.038889
0 0.028125 0.593981 0.026042 0.025000
0 0.416927 0.972222 0.010937 0.048148
0 0.494531 0.047685 0.014063 0.060185
0 0.429167 0.016204 0.011458 0.032407
0 0.419792 0.775000 0.013542 0.055556
0 0.137240 0.668981 0.025521 0.021296
0 0.326823 0.711574 0.025521 0.021296
0 0.483073 0.944907 0.015104 0.052778
0 0.419010 0.673611 0.011979 0.050926
0 0.489844 0.162963 0.014063 0.057407
0 0.509115 0.741667 0.015104 0.027778
0 0.760417 0.719444 0.027083 0.024074
0 0.404167 0.800463 0.012500 0.047222
0 0.440104 0.516667 0.013542 0.057407
0 0.984635 0.425463 0.030729 0.030556
0 0.416927 0.559722 0.013021 0.054630
0 0.501563 0.343519 0.011458 0.051852
0 0.265885 0.709259 0.022396 0.020370
0 0.889062 0.742593 0.022917 0.018519
0 0.576302 0.786111 0.024479 0.044444
0 0.427604 0.128704 0.011458 0.055556
0 0.405729 0.227778 0.011458 0.048148
