0 0.182031 0.243981 0.011979 0.052778
0 0.009115 0.271296 0.014063 0.050000
0 0.103906 0.278704 0.013021 0.053704
0 0.429948 0.903704 0.009896 0.048148
0 0.440365 0.079167 0.011979 0.052778
0 0.460156 0.179630 0.011979 0.053704
0 0.880729 0.485648 0.025000 0.019444
0 0.094531 0.700000 0.028646 0.022222
0 0.423958 0.485185 0.011458 0.059259
0 0.733594 0.525000 0.023438 0.022222
0 0.075521 0.628704 0.031250 0.020370
0 0.740625 0.454167 0.027083 0.023148
0 0.724740 0.420833 0.028646 0.023148
0 0.786719 0.451852 0.026562 0.022222
0 0.766667 0.419444 0.025000 0.024074
0 0.732552 0.490741 0.026562 0.022222
0 0.787500 0.490278 0.027083 0.019444
0 0.829427 0.450926 0.026562 0.022222
0 0.835417 0.488426 0.031250 0.025000
0 0.812240 0.418056 0.026562 0.021296
0 0.003906 0.154167 0.007812 0.037963
0 0.872135 0.450926 0.024479 0.020370
0 0.262240 0.692593 0.025521 0.020370
0 0.916667 0.451389 0.028125 0.025000
0 0.869010 0.416204 0.026562 0.021296
0 0.211719 0.626389 0.026562 0.025000
0 0.221875 0.695370 0.028125 0.022222
0 0.253906 0.620833 0.026562 0.021296
0 0.257292 0.657870 0.028125 0.021296
0 0.059115 0.393519 0.026562 0.022222
0 0.170313 0.627778 0.028125 0.024074
0 0.214323 0.659259 0.027604 0.022222
0 0.974219 0.447222 0.032813 0.025926
0 0.771875 0.523148 0.028125 0.020370
0 0.912240 0.415741 0.021354 0.022222
0 0.924740 0.489352 0.027604 0.021296
0 0.173177 0.660185 0.033854 0.025926
0 0.183594 0.693056 0.024479 0.023148
0 0.947656 0.416667 0.026562 0.020370
0 0.127604 0.625463 0.027083 0.023148
0 0.128906 0.662037 0.028646 0.025926
0 0.140365 0.696759 0.028646 0.023148
0 0.448177 0.712500 0.011979 0.054630
0 0.030729 0.665741 0.026042 0.022222
0 0.442969 0.816667 0.011979 0.051852
0 0.073177 0.662963 0.029687 0.024074
0 0.812760 0.523148 0.026562 0.020370
0 0.985938 0.415278 0.025000 0.019444
0 0.443750 0.461574 0.010417 0.047222
0 0.972135 0.486574 0.026562 0.019444
0 0.846354 0.521296 0.023958 0.020370
0 0.733594 0.561111 0.026562 0.020370
0 0.263021 0.548148 0.023958 0.020370
0 0.032031 0.625926 0.027604 0.022222
0 0.253385 0.587037 0.025521 0.024074
0 0.780469 0.561574 0.026562 0.023148
0 0.001563 0.664352 0.003125 0.019444
0 0.040885 0.699537 0.031771 0.023148
0 0.383333 0.789352 0.026042 0.050926
0 0.891667 0.518981 0.025000 0.017593
0 0.001563 0.628241 0.003125 0.021296
0 0.221615 0.552778 0.027604 0.022222
0 0.559375 0.323148 0.028125 0.042593
0 0.929948 0.522685 0.027604 0.019444
0 0.213021 0.587963 0.026042 0.024074
0 0.324219 0.727315 0.027604 0.023148
0 0.150260 0.420833 0.026562 0.021296
0 0.602344 0.359259 0.024479 0.027778
0 0.263802 0.731944 0.027604 0.019444
0 0.482292 0.102778 0.014583 0.053704
0 0.503385 0.106019 0.010937 0.058333
0 0.666146 0.387037 0.027083 0.022222
0 0.173437 0.587500 0.026042 0.023148
0 0.214062 0.731944 0.028125 0.021296
0 0.057813 0.445370 0.025000 0.022222
0 0.487500 0.305093 0.011458 0.056481
0 0.714844 0.387500 0.026562 0.019444
0 0.490625 0.487500 0.011458 0.058333
0 0.585156 0.768056 0.026562 0.039815
0 0.149740 0.735185 0.027604 0.022222
0 0.973958 0.519444 0.026042 0.018519
0 0.897917 0.559722 0.027083 0.021296
0 0.496615 0.714352 0.011979 0.050926
0 0.090365 0.735648 0.033854 0.023148
0 0.129167 0.513889 0.022917 0.042593
0 0.527604 0.518519 0.008333 0.037037
0 0.039583 0.283333 0.012500 0.042593
0 0.440885 0.211574 0.011979 0.052778
0 0.423698 0.216204 0.009896 0.041667
0 0.074219 0.592130 0.029687 0.023148
0 0.511458 0.871759 0.014583 0.058333
0 0.976302 0.556019 0.026562 0.023148
0 0.491406 0.924074 0.015104 0.059259
0 0.021615 0.735648 0.026562 0.021296
0 0.125521 0.210648 0.013542 0.043519
0 0.954688 0.377778 0.027083 0.022222
0 0.460677 0.079630 0.015104 0.053704
