0 0.122917 0.186574 0.014583 0.054630
0 0.009115 0.124074 0.014063 0.038889
0 0.043229 0.251852 0.014583 0.046296
0 0.737500 0.573148 0.025000 0.020370
0 0.465885 0.125463 0.010937 0.054630
0 0.468750 0.055093 0.011458 0.054630
0 0.742188 0.500926 0.027083 0.024074
0 0.894271 0.438889 0.029167 0.018519
0 0.849219 0.440741 0.026562 0.018519
0 0.741146 0.468981 0.025000 0.023148
0 0.809115 0.438889 0.023438 0.018519
0 0.780729 0.468519 0.023958 0.024074
0 0.916406 0.473611 0.028646 0.019444
0 0.821615 0.470370 0.026562 0.020370
0 0.781250 0.503241 0.022917 0.023148
0 0.264323 0.642593 0.026562 0.024074
0 0.832812 0.502778 0.027083 0.022222
0 0.941667 0.439815 0.026042 0.016667
0 0.869010 0.474074 0.026562 0.018519
0 0.219271 0.641667 0.028125 0.025926
0 0.731771 0.535648 0.027083 0.021296
0 0.012760 0.241667 0.017188 0.055556
0 0.253646 0.606944 0.026042 0.025000
0 0.984375 0.439352 0.026042 0.017593
0 0.179167 0.638889 0.020833 0.025926
0 0.215625 0.601852 0.029167 0.027778
0 0.917448 0.510185 0.026562 0.020370
0 0.956771 0.475000 0.026042 0.018519
0 0.140625 0.637037 0.026042 0.027778
0 0.768229 0.537037 0.025000 0.020370
0 0.255208 0.676389 0.027083 0.023148
0 0.217708 0.672685 0.030208 0.025000
0 0.095833 0.635185 0.028125 0.024074
0 0.956250 0.510648 0.027083 0.019444
0 0.053385 0.632870 0.031771 0.025000
0 0.125521 0.602315 0.030208 0.028704
0 0.155729 0.672685 0.031250 0.026852
0 0.077865 0.602778 0.036979 0.025926
0 0.806510 0.543056 0.025521 0.021296
0 0.884896 0.543981 0.025000 0.021296
0 0.011458 0.630093 0.020833 0.021296
0 0.114323 0.670833 0.031771 0.026852
0 0.776823 0.576389 0.023438 0.021296
0 0.842708 0.542130 0.023958 0.017593
0 0.817187 0.578241 0.031250 0.025000
0 0.256510 0.571759 0.025521 0.021296
0 0.264583 0.531481 0.027083 0.022222
0 0.221875 0.569444 0.029167 0.027778
0 0.854167 0.579167 0.027083 0.023148
0 0.143229 0.563889 0.030208 0.027778
0 0.891927 0.581481 0.026562 0.024074
0 0.168490 0.602778 0.031771 0.031481
0 0.182031 0.568519 0.034896 0.031481
0 0.035677 0.600000 0.029687 0.022222
0 0.929167 0.582407 0.028125 0.024074
0 0.187240 0.224074 0.015104 0.053704
0 0.967969 0.583333 0.026562 0.022222
0 0.875781 0.508796 0.028646 0.019444
0 0.225521 0.531019 0.030208 0.026852
0 0.995573 0.584722 0.008854 0.023148
0 0.405729 0.936574 0.012500 0.049074
0 0.927083 0.542593 0.026042 0.024074
0 0.990885 0.513426 0.017188 0.019444
0 0.441406 0.641204 0.017188 0.067593
0 0.428385 0.226389 0.014063 0.054630
0 0.971094 0.546759 0.028646 0.021296
0 0.997135 0.547685 0.004687 0.017593
0 0.421875 0.800926 0.015625 0.061111
0 0.433333 0.950000 0.011458 0.048148
0 0.441146 0.777315 0.014583 0.058333
0 0.417448 0.611574 0.014063 0.058333
0 0.680990 0.738889 0.025521 0.024074
0 0.181771 0.387037 0.029167 0.024074
0 0.498177 0.514815 0.017188 0.059259
0 0.409375 0.528241 0.016667 0.058333
0 0.649479 0.721296 0.023958 0.029630
0 0.480729 0.744444 0.013542 0.057407
0 0.490104 0.651852 0.016667 0.061111
0 0.426302 0.340278 0.017188 0.062037
0 0.515885 0.585648 0.016146 0.062037
0 0.352604 0.342130 0.030208 0.052778
0 0.442188 0.428241 0.015625 0.063889
0 0.483333 0.906481 0.013542 0.050000
0 0.084635 0.702778 0.029687 0.025926
0 0.507812 0.869444 0.015625 0.053704
