0 0.472396 0.399537 0.022917 0.047222
0 0.436719 0.457407 0.022396 0.037037
0 0.481771 0.661111 0.026042 0.057407
0 0.528125 0.600463 0.028125 0.037963
0 0.366927 0.526389 0.026562 0.030556
0 0.590365 0.567593 0.029687 0.025926
0 0.650781 0.563889 0.026562 0.020370
0 0.484635 0.279630 0.015104 0.050000
0 0.438802 0.386574 0.026562 0.045370
0 0.734896 0.571296 0.026042 0.022222
0 0.245573 0.561574 0.024479 0.019444
0 0.768750 0.568981 0.021875 0.019444
0 0.378125 0.467130 0.030208 0.041667
0 0.182031 0.556944 0.026562 0.021296
0 0.434635 0.140278 0.010937 0.054630
0 0.256771 0.519907 0.026042 0.019444
0 0.452344 0.056944 0.011979 0.050926
0 0.609635 0.964352 0.032813 0.060185
0 0.189323 0.526389 0.025521 0.023148
0 0.470313 0.047222 0.011458 0.046296
0 0.113802 0.555093 0.026562 0.021296
0 0.100781 0.521296 0.028646 0.022222
0 0.036719 0.514352 0.030729 0.023148
0 0.057031 0.550463 0.027604 0.023148
0 0.009635 0.550926 0.015104 0.024074
0 0.469531 0.122222 0.011979 0.046296
0 0.201823 0.325463 0.026562 0.023148
0 0.695573 0.565741 0.025521 0.022222
0 0.435417 0.061574 0.010417 0.049074
0 0.808594 0.573611 0.027604 0.023148
0 0.869531 0.504167 0.027604 0.023148
0 0.995052 0.592593 0.009896 0.018519
0 0.850260 0.572222 0.027604 0.022222
0 0.779167 0.465278 0.026042 0.019444
0 0.735677 0.427778 0.026562 0.020370
0 0.738542 0.461574 0.025000 0.021296
0 0.744010 0.498611 0.028646 0.021296
0 0.731250 0.531481 0.022917 0.018519
0 0.518750 0.035185 0.014583 0.061111
0 0.905208 0.722685 0.031250 0.023148
0 0.786719 0.500926 0.025521 0.022222
0 0.932292 0.662037 0.028125 0.022222
0 0.778385 0.430093 0.025521 0.023148
0 0.520312 0.150000 0.016667 0.053704
0 0.827865 0.467593 0.026562 0.022222
0 0.975781 0.631481 0.026562 0.020370
0 0.875260 0.467593 0.027604 0.024074
0 0.821094 0.430556 0.025521 0.020370
0 0.542969 0.257407 0.019271 0.048148
0 0.917448 0.471296 0.028646 0.022222
0 0.825260 0.502778 0.026562 0.020370
0 0.886979 0.576852 0.023958 0.018519
0 0.867708 0.621296 0.026042 0.020370
0 0.755729 0.652778 0.026042 0.022222
0 0.865625 0.436574 0.027083 0.021296
0 0.772396 0.534722 0.026042 0.017593
0 0.122917 0.401389 0.028125 0.023148
0 0.617188 0.356944 0.027083 0.030556
0 0.717448 0.615741 0.027604 0.022222
0 0.910417 0.435185 0.029167 0.020370
0 0.965885 0.474537 0.029687 0.023148
0 0.909635 0.506944 0.025521 0.021296
0 0.351823 0.735185 0.031771 0.035185
0 0.949219 0.437963 0.025521 0.018519
0 0.693490 0.390278 0.026562 0.021296
0 0.188542 0.368981 0.022917 0.021296
0 0.964844 0.508333 0.028646 0.022222
0 0.810677 0.535648 0.022396 0.019444
0 0.186979 0.628241 0.025000 0.023148
0 0.893229 0.539352 0.028125 0.021296
0 0.047135 0.100463 0.007812 0.039815
1 0.828385 0.697685 0.063021 0.034259
