0 0.111198 0.261574 0.014063 0.058333
0 0.010156 0.134722 0.015104 0.041667
0 0.466927 0.125000 0.010937 0.055556
0 0.464844 0.055093 0.013021 0.039815
0 0.057552 0.113426 0.016146 0.056481
0 0.046615 0.263426 0.014063 0.043519
0 0.721094 0.431944 0.028646 0.021296
0 0.763281 0.435648 0.025521 0.019444
0 0.260677 0.644444 0.026562 0.022222
0 0.871615 0.472222 0.027604 0.020370
0 0.735156 0.467130 0.026562 0.019444
0 0.730208 0.532870 0.026042 0.019444
0 0.778646 0.468519 0.026042 0.020370
0 0.801042 0.435185 0.025000 0.020370
0 0.809375 0.537500 0.028125 0.019444
0 0.836979 0.434722 0.027083 0.019444
0 0.769271 0.535648 0.027083 0.019444
0 0.740104 0.500926 0.027083 0.020370
0 0.827865 0.470370 0.027604 0.022222
0 0.778385 0.501852 0.026562 0.018519
0 0.253125 0.608333 0.025000 0.022222
0 0.849740 0.538889 0.027604 0.020370
0 0.818229 0.504167 0.026042 0.021296
0 0.212240 0.609259 0.029687 0.024074
0 0.258333 0.680556 0.027083 0.020370
0 0.891146 0.537963 0.028125 0.018519
0 0.216667 0.642593 0.028125 0.020370
0 0.911719 0.474074 0.025521 0.020370
0 0.166146 0.610185 0.027083 0.022222
0 0.176302 0.641204 0.026562 0.021296
0 0.122135 0.606481 0.028646 0.020370
0 0.862760 0.505093 0.030729 0.023148
0 0.206771 0.677315 0.031250 0.023148
0 0.950260 0.471296 0.027604 0.020370
0 0.959115 0.441204 0.027604 0.017593
0 0.129167 0.645370 0.031250 0.024074
0 0.929948 0.539352 0.028646 0.023148
0 0.900781 0.505556 0.023438 0.022222
0 0.070052 0.609259 0.029687 0.024074
0 0.081771 0.639352 0.030208 0.019444
0 0.968490 0.542130 0.029687 0.023148
0 0.034896 0.640278 0.030208 0.023148
0 0.257031 0.539815 0.026562 0.024074
0 0.937500 0.505556 0.026042 0.018519
0 0.510417 0.750926 0.015625 0.025926
0 0.025521 0.606481 0.030208 0.024074
0 0.440365 0.974074 0.009896 0.050000
0 0.979427 0.507407 0.028646 0.020370
0 0.005729 0.637500 0.011458 0.025000
0 0.015365 0.252315 0.019271 0.060185
0 0.774740 0.575463 0.025521 0.019444
0 0.740104 0.574537 0.026042 0.021296
0 0.256250 0.574537 0.025000 0.019444
0 0.513281 0.087963 0.014063 0.055556
0 0.536719 0.321759 0.022396 0.050926
0 0.123958 0.412500 0.029167 0.023148
0 0.438542 0.565741 0.010417 0.046296
0 0.811198 0.574537 0.027604 0.021296
0 0.600521 0.399537 0.025000 0.025000
0 0.358854 0.745370 0.028125 0.035185
0 0.150000 0.248148 0.030208 0.031481
0 0.323958 0.363889 0.030208 0.040741
0 0.206771 0.576389 0.028125 0.023148
0 0.042188 0.424537 0.027083 0.023148
0 0.042448 0.115741 0.011979 0.050000
0 0.468229 0.006944 0.013542 0.013889
0 0.489323 0.072222 0.011979 0.055556
0 0.292708 0.414352 0.022917 0.023148
0 0.971354 0.694907 0.029167 0.021296
0 0.160938 0.343056 0.021875 0.050926
0 0.849740 0.579167 0.027604 0.021296
0 0.004948 0.257870 0.009896 0.050926
0 0.493490 0.287500 0.014063 0.062037
0 0.285417 0.714352 0.028125 0.023148
0 0.885677 0.575926 0.027604 0.022222
0 0.488021 0.417593 0.010417 0.048148
0 0.441406 0.771296 0.010937 0.051852
0 0.419531 0.747222 0.010937 0.046296
0 0.444531 0.379630 0.011979 0.050000
0 0.411198 0.570370 0.010937 0.048148
0 0.695312 0.399537 0.025000 0.023148
0 0.997135 0.543981 0.005729 0.021296
0 0.886198 0.435185 0.042188 0.022222
0 0.673958 0.732870 0.023958 0.028704
0 0.741406 0.696759 0.021354 0.017593
0 0.925521 0.577778 0.028125 0.022222
0 0.425521 0.428704 0.011458 0.059259
0 0.203646 0.715741 0.025000 0.020370
0 0.409115 0.216204 0.013021 0.047222
0 0.486719 0.633796 0.013021 0.058333
0 0.571094 0.799537 0.018229 0.037963
0 0.428906 0.227315 0.010937 0.049074
0 0.977083 0.637037 0.026042 0.053704
0 0.189062 0.232407 0.012500 0.051852
0 0.117188 0.718056 0.028125 0.021296
0 0.086719 0.540278 0.033854 0.025000
0 0.447917 0.160185 0.011458 0.050000
0 0.505729 0.880556 0.012500 0.062963
0 0.485156 0.868056 0.011979 0.049074
0 0.429948 0.069907 0.014063 0.050926
0 0.411458 0.036574 0.014583 0.054630
