0 0.137500 0.201852 0.028125 0.042593
0 0.009896 0.128241 0.013542 0.037963
0 0.045833 0.256944 0.012500 0.041667
0 0.737500 0.572222 0.026042 0.020370
0 0.466667 0.127315 0.010417 0.050926
0 0.468750 0.056481 0.011458 0.053704
0 0.042708 0.109722 0.011458 0.049074
0 0.742708 0.500463 0.028125 0.023148
0 0.867188 0.474537 0.030208 0.021296
0 0.850260 0.440278 0.027604 0.019444
0 0.741667 0.467593 0.025000 0.022222
0 0.809896 0.438889 0.022917 0.018519
0 0.780990 0.468981 0.024479 0.023148
0 0.916146 0.472222 0.031250 0.020370
0 0.893750 0.438426 0.031250 0.021296
0 0.821354 0.470370 0.026042 0.020370
0 0.781771 0.502778 0.022917 0.022222
0 0.266406 0.642593 0.023438 0.020370
0 0.832812 0.503704 0.028125 0.022222
0 0.940885 0.439352 0.029687 0.023148
0 0.875260 0.509259 0.030729 0.020370
0 0.221615 0.642593 0.026562 0.022222
0 0.731771 0.534259 0.026042 0.020370
0 0.014063 0.245833 0.019792 0.056481
0 0.255729 0.606944 0.025000 0.023148
0 0.982552 0.438426 0.033854 0.025000
0 0.180729 0.639815 0.018750 0.022222
0 0.217969 0.603704 0.026562 0.024074
0 0.057552 0.106944 0.015104 0.052778
0 0.916667 0.509722 0.026042 0.019444
0 0.955990 0.474537 0.027604 0.019444
0 0.142969 0.638426 0.023438 0.021296
0 0.768750 0.536574 0.025000 0.019444
0 0.257031 0.676389 0.023438 0.019444
0 0.219271 0.673148 0.027083 0.020370
0 0.097656 0.634722 0.026562 0.021296
0 0.954948 0.510185 0.028646 0.018519
0 0.056510 0.635185 0.025521 0.022222
0 0.127604 0.602315 0.028125 0.023148
0 0.159115 0.673148 0.026562 0.020370
0 0.080729 0.602778 0.027083 0.020370
0 0.806771 0.541204 0.026042 0.021296
0 0.929948 0.544444 0.026562 0.020370
0 0.012240 0.632407 0.023438 0.022222
0 0.116667 0.671296 0.027083 0.022222
0 0.776823 0.575926 0.024479 0.022222
0 0.003385 0.598611 0.006771 0.021296
0 0.842708 0.540278 0.025000 0.019444
0 0.817187 0.577315 0.027083 0.023148
0 0.259375 0.573611 0.022917 0.019444
0 0.265885 0.533333 0.026562 0.020370
0 0.515365 0.077315 0.013021 0.060185
0 0.224740 0.570833 0.023438 0.019444
0 0.442969 0.368519 0.014063 0.048148
0 0.853385 0.578241 0.026562 0.021296
0 0.083854 0.562037 0.026042 0.020370
0 0.890885 0.579630 0.029687 0.022222
0 0.508073 0.172685 0.011979 0.050926
0 0.434375 0.915741 0.015625 0.057407
0 0.170052 0.603241 0.033854 0.025000
0 0.334375 0.710185 0.023958 0.020370
0 0.184375 0.569907 0.026042 0.021296
0 0.483854 0.188889 0.013542 0.053704
0 0.038802 0.600926 0.026562 0.018519
0 0.504427 0.255093 0.013021 0.060185
0 0.584375 0.769444 0.029167 0.046296
0 0.078125 0.430093 0.025000 0.034259
0 0.422917 0.811111 0.012500 0.053704
0 0.511198 0.397222 0.011979 0.048148
0 0.483073 0.347222 0.011979 0.051852
0 0.928906 0.580556 0.028646 0.022222
0 0.439844 0.635648 0.011979 0.054630
0 0.713281 0.390278 0.026562 0.021296
0 0.187760 0.225463 0.011979 0.054630
0 0.014063 0.418519 0.026042 0.022222
0 0.208594 0.709722 0.026562 0.021296
0 0.491146 0.587963 0.012500 0.053704
0 0.801562 0.395370 0.027083 0.020370
0 0.428125 0.216204 0.011458 0.052778
0 0.126562 0.710185 0.026042 0.022222
0 0.505469 0.770833 0.010937 0.054630
0 0.967187 0.581944 0.027083 0.021296
0 0.448177 0.147685 0.010937 0.041667
0 0.429688 0.092130 0.011458 0.049074
0 0.026823 0.527778 0.027604 0.022222
0 0.530729 0.181481 0.022917 0.066667
