0 0.184635 0.237037 0.013021 0.050000
0 0.106771 0.268056 0.012500 0.054630
0 0.007031 0.143056 0.011979 0.037963
0 0.522135 0.697685 0.028646 0.041667
0 0.560417 0.702315 0.030208 0.049074
0 0.488281 0.177778 0.010937 0.051852
0 0.695312 0.585185 0.027083 0.027778
0 0.467708 0.435648 0.027083 0.054630
0 0.753906 0.565278 0.027604 0.023148
0 0.427865 0.504630 0.028646 0.040741
0 0.822656 0.562963 0.027604 0.024074
0 0.492448 0.271296 0.013021 0.050000
0 0.384115 0.550926 0.030729 0.031481
0 0.891146 0.564815 0.029167 0.022222
0 0.467187 0.368519 0.021875 0.053704
0 0.942708 0.565278 0.027083 0.021296
0 0.304948 0.576389 0.030729 0.023148
0 0.427083 0.137500 0.012500 0.050926
0 0.429948 0.447222 0.030729 0.048148
0 0.054167 0.428241 0.023958 0.021296
0 0.444531 0.137037 0.010937 0.046296
0 0.427604 0.053704 0.011458 0.046296
0 0.443750 0.067593 0.009375 0.044444
0 0.119531 0.470370 0.020313 0.057407
0 0.463542 0.163426 0.011458 0.052778
0 0.010417 0.259722 0.014583 0.047222
0 0.036719 0.125926 0.010937 0.042593
0 0.053385 0.119444 0.019271 0.053704
0 0.017448 0.543981 0.027604 0.019444
0 0.165104 0.375926 0.026042 0.044444
0 0.737760 0.458333 0.022396 0.020370
0 0.735156 0.426852 0.026562 0.020370
0 0.784375 0.421759 0.027083 0.021296
0 0.773958 0.458796 0.025000 0.023148
0 0.822396 0.424074 0.028125 0.022222
0 0.811719 0.458333 0.025521 0.020370
0 0.851562 0.458333 0.029167 0.022222
0 0.736979 0.493056 0.025000 0.021296
0 0.867188 0.421759 0.027083 0.019444
0 0.041406 0.271759 0.013021 0.041667
0 0.779687 0.494444 0.025000 0.022222
0 0.916667 0.424537 0.028125 0.023148
0 0.896354 0.460648 0.027083 0.023148
0 0.732552 0.527315 0.027604 0.023148
0 0.977344 0.614352 0.030729 0.021296
0 0.262240 0.649537 0.026562 0.021296
0 0.936198 0.458333 0.024479 0.020370
0 0.953906 0.426852 0.024479 0.020370
0 0.259375 0.615741 0.027083 0.022222
0 0.221875 0.647685 0.027083 0.021296
0 0.274479 0.683333 0.026042 0.020370
0 0.209115 0.615278 0.027604 0.023148
0 0.241667 0.681944 0.023958 0.019444
0 0.980208 0.458796 0.030208 0.023148
0 0.821875 0.493519 0.027083 0.024074
0 0.780208 0.528704 0.026042 0.022222
0 0.121615 0.648148 0.025521 0.020370
0 0.167448 0.651852 0.027604 0.022222
0 0.119271 0.614815 0.026042 0.020370
0 0.159115 0.615741 0.026562 0.022222
0 0.196354 0.688426 0.028125 0.025000
0 0.082031 0.612500 0.026562 0.021296
0 0.989062 0.425463 0.021875 0.021296
0 0.864062 0.493981 0.031250 0.023148
0 0.376042 0.772685 0.023958 0.039815
0 0.408854 0.162037 0.009375 0.051852
0 0.229948 0.580093 0.027604 0.023148
0 0.083594 0.648148 0.029687 0.024074
0 0.151823 0.684259 0.027604 0.022222
0 0.086458 0.538889 0.028125 0.022222
0 0.906771 0.493519 0.028125 0.024074
0 0.047135 0.614352 0.024479 0.019444
0 0.407031 0.076389 0.009896 0.049074
0 0.164323 0.581019 0.026562 0.021296
0 0.109896 0.685185 0.028125 0.022222
0 0.013802 0.613889 0.023438 0.018519
0 0.036719 0.650926 0.029687 0.024074
0 0.913021 0.530093 0.028125 0.023148
0 0.128125 0.200463 0.013542 0.043519
0 0.958594 0.494444 0.032813 0.025926
0 0.847396 0.388426 0.025000 0.017593
0 0.060417 0.578704 0.028125 0.022222
0 0.992708 0.566204 0.011458 0.019444
0 0.044792 0.685185 0.029167 0.020370
0 0.959375 0.383796 0.027083 0.017593
0 0.726562 0.732407 0.020833 0.012963
