0 0.112240 0.263426 0.011979 0.052778
0 0.007552 0.136574 0.010937 0.039815
0 0.446094 0.425926 0.010937 0.053704
0 0.426563 0.615278 0.010417 0.049074
0 0.435677 0.875000 0.015104 0.059259
0 0.467708 0.125926 0.011458 0.050000
0 0.465885 0.055556 0.010937 0.044444
0 0.058073 0.113889 0.015104 0.053704
0 0.425000 0.493056 0.010417 0.056481
0 0.431771 0.161111 0.012500 0.044444
0 0.047135 0.263889 0.013021 0.042593
0 0.722656 0.431019 0.029687 0.023148
0 0.764323 0.435185 0.026562 0.022222
0 0.261979 0.645370 0.027083 0.022222
0 0.872656 0.471296 0.027604 0.018519
0 0.735677 0.466667 0.026562 0.020370
0 0.731510 0.532407 0.025521 0.018519
0 0.779687 0.468519 0.026042 0.022222
0 0.801823 0.434722 0.025521 0.021296
0 0.810417 0.537500 0.029167 0.019444
0 0.838281 0.434259 0.026562 0.018519
0 0.770052 0.534722 0.026562 0.019444
0 0.740625 0.500463 0.028125 0.019444
0 0.829427 0.469444 0.027604 0.020370
0 0.779167 0.501389 0.027083 0.019444
0 0.254167 0.608796 0.026042 0.021296
0 0.850000 0.539352 0.027083 0.019444
0 0.819271 0.503241 0.027083 0.019444
0 0.213542 0.609722 0.029167 0.023148
0 0.259635 0.681019 0.026562 0.019444
0 0.891146 0.537963 0.029167 0.018519
0 0.218229 0.643056 0.027083 0.019444
0 0.912500 0.473148 0.026042 0.016667
0 0.167448 0.610648 0.027604 0.021296
0 0.177083 0.642130 0.026042 0.019444
0 0.116406 0.606481 0.027604 0.020370
0 0.864062 0.503704 0.029167 0.020370
0 0.208073 0.677778 0.028646 0.022222
0 0.951302 0.471296 0.026562 0.018519
0 0.129948 0.646296 0.030729 0.024074
0 0.044792 0.379167 0.027083 0.021296
0 0.931510 0.537963 0.028646 0.020370
0 0.901823 0.504167 0.022396 0.019444
0 0.070833 0.609259 0.029167 0.022222
0 0.082292 0.639815 0.028125 0.020370
0 0.969531 0.541204 0.029687 0.021296
0 0.036979 0.641204 0.029167 0.021296
0 0.257552 0.539815 0.025521 0.022222
0 0.939063 0.505556 0.026042 0.018519
0 0.028125 0.604630 0.026042 0.022222
0 0.980469 0.506481 0.027604 0.020370
0 0.006771 0.638426 0.013542 0.023148
0 0.519271 0.208333 0.015625 0.055556
0 0.775000 0.574537 0.023958 0.017593
0 0.740885 0.573148 0.026562 0.022222
0 0.258333 0.575000 0.025000 0.020370
0 0.576562 0.376389 0.033333 0.032407
0 0.069792 0.681944 0.023958 0.025000
0 0.099479 0.438889 0.026042 0.048148
0 0.630990 0.396759 0.025521 0.021296
0 0.119271 0.494907 0.020833 0.039815
0 0.372917 0.312500 0.023958 0.039815
0 0.491406 0.605556 0.009896 0.053704
0 0.430729 0.317593 0.012500 0.046296
0 0.812500 0.573611 0.028125 0.021296
0 0.078906 0.537963 0.028646 0.022222
0 0.762500 0.396759 0.026042 0.023148
0 0.196875 0.716667 0.026042 0.022222
0 0.446615 0.265741 0.009896 0.042593
0 0.065104 0.178704 0.028125 0.022222
0 0.507812 0.745370 0.014583 0.050000
0 0.411979 0.159722 0.011458 0.052778
0 0.448698 0.088426 0.013021 0.052778
0 0.119531 0.573611 0.027604 0.021296
0 0.011719 0.535185 0.019271 0.022222
0 0.526302 0.905556 0.016146 0.040741
0 0.488542 0.943981 0.013542 0.050926
0 0.127604 0.684259 0.082292 0.033333
0 0.414323 0.024074 0.016146 0.046296
