0 0.123177 0.188889 0.014063 0.051852
0 0.008333 0.122685 0.012500 0.037963
0 0.042188 0.252778 0.013542 0.046296
0 0.737500 0.572685 0.026042 0.019444
0 0.466146 0.124074 0.010417 0.055556
0 0.468490 0.054630 0.010937 0.050000
0 0.742708 0.500926 0.027083 0.022222
0 0.894010 0.438426 0.029687 0.019444
0 0.848698 0.439815 0.026562 0.016667
0 0.741406 0.468056 0.025521 0.021296
0 0.808854 0.438426 0.023958 0.017593
0 0.780990 0.468056 0.024479 0.021296
0 0.916406 0.473148 0.029687 0.018519
0 0.821615 0.470370 0.025521 0.018519
0 0.781250 0.502778 0.022917 0.020370
0 0.264062 0.641204 0.025000 0.019444
0 0.832812 0.502778 0.027083 0.020370
0 0.942187 0.438889 0.027083 0.018519
0 0.869010 0.473611 0.026562 0.017593
0 0.219531 0.640278 0.027604 0.023148
0 0.731771 0.534722 0.026042 0.019444
0 0.009635 0.241667 0.014063 0.048148
0 0.253646 0.605556 0.025000 0.024074
0 0.984375 0.439352 0.027083 0.017593
0 0.178125 0.637037 0.020833 0.025926
0 0.215104 0.600926 0.028125 0.025926
0 0.054427 0.101852 0.017188 0.059259
0 0.917188 0.509722 0.026042 0.019444
0 0.957292 0.475463 0.026042 0.017593
0 0.140104 0.635185 0.025000 0.024074
0 0.768750 0.536574 0.022917 0.019444
0 0.254948 0.674537 0.025521 0.019444
0 0.217188 0.670833 0.029167 0.023148
0 0.095052 0.632870 0.025521 0.023148
0 0.956771 0.511111 0.027083 0.018519
0 0.053125 0.632407 0.027083 0.024074
0 0.125000 0.601852 0.030208 0.025926
0 0.155729 0.671759 0.029167 0.025000
0 0.077604 0.601852 0.030208 0.024074
0 0.806771 0.542130 0.025000 0.019444
0 0.885156 0.543519 0.024479 0.020370
0 0.011198 0.629167 0.020313 0.021296
0 0.114583 0.669444 0.029167 0.024074
0 0.776823 0.575926 0.023438 0.020370
0 0.002083 0.596296 0.004167 0.022222
0 0.843490 0.541204 0.024479 0.017593
0 0.816927 0.577315 0.025521 0.021296
0 0.256771 0.570833 0.025000 0.021296
0 0.264062 0.531481 0.026042 0.020370
0 0.221615 0.568519 0.027604 0.025926
0 0.853906 0.578704 0.026562 0.022222
0 0.142708 0.563889 0.027083 0.024074
0 0.891927 0.581481 0.027604 0.022222
0 0.169010 0.600926 0.028646 0.027778
0 0.181250 0.568056 0.029167 0.026852
0 0.035156 0.600000 0.027604 0.020370
0 0.929427 0.581944 0.027604 0.021296
0 0.185677 0.224074 0.011979 0.050000
0 0.506250 0.752778 0.017708 0.029630
0 0.968229 0.582870 0.026042 0.019444
0 0.875781 0.508333 0.029687 0.018519
0 0.225521 0.530093 0.028125 0.025000
0 0.995833 0.584259 0.008333 0.022222
0 0.405208 0.549074 0.014583 0.053704
0 0.927083 0.542130 0.025000 0.021296
0 0.990885 0.512963 0.017188 0.018519
0 0.444531 0.337963 0.014063 0.055556
0 0.970833 0.545833 0.027083 0.019444
0 0.408073 0.977315 0.014063 0.041667
0 0.997135 0.546759 0.004687 0.017593
0 0.495312 0.071759 0.012500 0.045370
0 0.509896 0.015278 0.009375 0.030556
0 0.436979 0.920833 0.011458 0.045370
0 0.007031 0.409722 0.014063 0.023148
0 0.435677 0.747685 0.014063 0.058333
0 0.423438 0.605556 0.012500 0.057407
0 0.511719 0.221296 0.011979 0.048148
0 0.443229 0.602315 0.013542 0.058333
0 0.234115 0.430093 0.026562 0.025000
0 0.441667 0.457407 0.012500 0.055556
0 0.425781 0.337963 0.013021 0.059259
0 0.466667 0.006944 0.014583 0.013889
0 0.581771 0.797685 0.027083 0.037963
0 0.367708 0.328704 0.022917 0.040741
0 0.490625 0.781944 0.012500 0.049074
0 0.425521 0.224074 0.011458 0.050000
0 0.544271 0.849074 0.019792 0.044444
0 0.481771 0.982407 0.033333 0.035185
0 0.485156 0.901852 0.013021 0.050000
0 0.503906 0.921296 0.013021 0.051852
0 0.411719 0.083796 0.014063 0.056481
0 0.446094 0.079167 0.011979 0.050926
