0 0.108594 0.251852 0.011979 0.051852
0 0.008594 0.125463 0.011979 0.034259
0 0.764844 0.626852 0.025521 0.020370
0 0.631510 0.589352 0.018229 0.032407
0 0.056250 0.102778 0.016667 0.055556
0 0.043229 0.252778 0.013542 0.042593
0 0.721094 0.428241 0.028646 0.023148
0 0.761719 0.432870 0.026562 0.021296
0 0.258073 0.639352 0.025521 0.019444
0 0.870833 0.470833 0.026042 0.019444
0 0.733333 0.463426 0.026042 0.021296
0 0.729167 0.530093 0.026042 0.021296
0 0.776563 0.466204 0.025000 0.021296
0 0.800000 0.432407 0.023958 0.020370
0 0.806510 0.535648 0.025521 0.019444
0 0.836719 0.431944 0.025521 0.019444
0 0.767188 0.532870 0.026042 0.019444
0 0.738542 0.498148 0.026042 0.018519
0 0.827083 0.467593 0.027083 0.022222
0 0.776302 0.500000 0.027604 0.018519
0 0.250000 0.602315 0.025000 0.023148
0 0.848437 0.537037 0.025000 0.020370
0 0.816667 0.501852 0.026042 0.020370
0 0.208854 0.604167 0.029167 0.023148
0 0.255729 0.674537 0.028125 0.019444
0 0.889583 0.537037 0.027083 0.018519
0 0.214323 0.636111 0.026562 0.022222
0 0.911458 0.472685 0.023958 0.017593
0 0.163802 0.604167 0.026562 0.021296
0 0.173437 0.634259 0.027083 0.022222
0 0.119531 0.600000 0.026562 0.020370
0 0.861719 0.503241 0.028646 0.021296
0 0.204427 0.670370 0.031771 0.022222
0 0.949219 0.470370 0.025521 0.018519
0 0.957812 0.440741 0.028125 0.018519
0 0.125781 0.637500 0.029687 0.023148
0 0.929427 0.537500 0.028646 0.021296
0 0.899740 0.503704 0.022396 0.020370
0 0.966927 0.541204 0.027604 0.023148
0 0.032292 0.632407 0.029167 0.022222
0 0.254427 0.533796 0.024479 0.019444
0 0.936198 0.505093 0.024479 0.019444
0 0.022917 0.597685 0.027083 0.019444
0 0.978125 0.506019 0.026042 0.019444
0 0.772917 0.573148 0.023958 0.018519
0 0.738021 0.572222 0.027083 0.020370
0 0.254427 0.567130 0.024479 0.021296
0 0.809375 0.571759 0.027083 0.023148
0 0.215625 0.570370 0.028125 0.022222
0 0.848958 0.576389 0.027083 0.021296
0 0.884635 0.575000 0.026562 0.022222
0 0.996875 0.541667 0.006250 0.022222
0 0.922917 0.576389 0.025000 0.021296
0 0.216927 0.533796 0.023438 0.017593
0 0.959375 0.577315 0.037500 0.025000
0 0.166667 0.567130 0.029167 0.021296
0 0.509375 0.747685 0.012500 0.021296
0 0.607031 0.970370 0.034896 0.051852
0 0.445312 0.142130 0.011458 0.049074
0 0.427604 0.141204 0.009375 0.056481
0 0.446875 0.069444 0.011458 0.051852
0 0.429427 0.062037 0.010937 0.051852
0 0.066667 0.600926 0.027083 0.022222
0 0.120313 0.673611 0.055208 0.034259
0 0.504948 0.106944 0.011979 0.052778
0 0.186719 0.223611 0.013021 0.049074
0 0.183594 0.408796 0.027604 0.023148
0 0.510938 0.224537 0.013542 0.049074
0 0.008333 0.449537 0.016667 0.019444
0 0.213542 0.474074 0.026042 0.020370
0 0.271094 0.397685 0.027604 0.023148
0 0.039844 0.108796 0.011979 0.049074
0 0.539844 0.480093 0.022396 0.045370
0 0.009375 0.244444 0.012500 0.044444
0 0.255469 0.365278 0.024479 0.021296
0 0.314323 0.487963 0.028646 0.031481
0 0.361198 0.332870 0.025521 0.039815
0 0.500260 0.391667 0.019271 0.050000
0 0.253385 0.706944 0.025521 0.019444
0 0.415885 0.666204 0.022396 0.045370
0 0.004167 0.629630 0.008333 0.022222
0 0.475260 0.287963 0.016146 0.057407
0 0.553125 0.858796 0.017708 0.050926
0 0.410417 0.106481 0.012500 0.051852
0 0.464844 0.083333 0.011979 0.053704
0 0.988281 0.364815 0.021354 0.020370
0 0.042448 0.672685 0.019271 0.021296
