0 0.191406 0.585648 0.026562 0.019444
0 0.152865 0.581944 0.026562 0.017593
0 0.065104 0.584722 0.028125 0.021296
0 0.109375 0.582870 0.027083 0.019444
0 0.232813 0.586574 0.028125 0.017593
0 0.914062 0.570833 0.027083 0.021296
0 0.872917 0.572685 0.028125 0.021296
0 0.277604 0.587963 0.027083 0.020370
0 0.748177 0.569907 0.025521 0.021296
0 0.989323 0.573611 0.020313 0.021296
0 0.785156 0.573148 0.026562 0.018519
0 0.231771 0.548611 0.026042 0.017593
0 0.273177 0.554167 0.027604 0.021296
0 0.196094 0.238889 0.011979 0.051852
0 0.458073 0.162963 0.010937 0.038889
0 0.956771 0.571759 0.028125 0.023148
0 0.439063 0.155556 0.014583 0.055556
0 0.021875 0.268056 0.016667 0.054630
0 0.117188 0.274074 0.013542 0.055556
0 0.183073 0.550463 0.024479 0.017593
0 0.456771 0.102315 0.010417 0.050926
2 0.590885 0.568056 0.097396 0.036111
0 0.475521 0.073148 0.011458 0.059259
0 0.475521 0.142593 0.010417 0.050000
0 0.150260 0.499074 0.025521 0.020370
0 0.939844 0.652315 0.027604 0.021296
0 0.211458 0.477315 0.028125 0.019444
0 0.238802 0.506481 0.025521 0.018519
0 0.061458 0.491667 0.025000 0.016667
0 0.079948 0.448611 0.025521 0.019444
0 0.009896 0.422685 0.019792 0.017593
0 0.988542 0.679630 0.022917 0.020370
0 0.376042 0.446759 0.023958 0.017593
0 0.328125 0.514815 0.026042 0.020370
0 0.326042 0.479630 0.025000 0.016667
0 0.882812 0.617593 0.031250 0.022222
0 0.929167 0.691204 0.029167 0.021296
0 0.414844 0.696759 0.025521 0.021296
1 0.200260 0.416204 0.083854 0.034259
0 0.378646 0.481944 0.023958 0.017593
0 0.295573 0.455556 0.023438 0.018519
0 0.851302 0.693056 0.027604 0.023148
0 0.596354 0.627778 0.028125 0.022222
0 0.291146 0.412037 0.025000 0.020370
0 0.724740 0.622222 0.025521 0.020370
0 0.788542 0.671759 0.028125 0.021296
0 0.410156 0.520833 0.026562 0.021296
0 0.672396 0.656019 0.025000 0.017593
0 0.111458 0.400463 0.027083 0.021296
0 0.708594 0.688426 0.026562 0.019444
0 0.047917 0.128241 0.009375 0.045370
0 0.485677 0.449537 0.027604 0.021296
0 0.482031 0.661574 0.026562 0.019444
0 0.468490 0.481019 0.024479 0.021296
0 0.476042 0.524537 0.027083 0.023148
0 0.442188 0.418981 0.027083 0.023148
0 0.575260 0.660648 0.026562 0.019444
0 0.639844 0.683796 0.026562 0.019444
0 0.359635 0.384722 0.024479 0.021296
0 0.516146 0.421759 0.029167 0.021296
0 0.619531 0.496759 0.026562 0.019444
0 0.559115 0.493981 0.025521 0.021296
0 0.673958 0.731019 0.083333 0.032407
0 0.827604 0.574537 0.027083 0.021296
0 0.006510 0.276389 0.011979 0.049074
0 0.053125 0.275926 0.012500 0.038889
0 0.746094 0.793981 0.015104 0.030556
0 0.561458 0.457870 0.027083 0.023148
0 0.205469 0.379630 0.024479 0.022222
0 0.469271 0.620833 0.026042 0.021296
0 0.367448 0.656481 0.026562 0.022222
0 0.585677 0.422222 0.023438 0.022222
0 0.653906 0.462963 0.026562 0.020370
0 0.305469 0.364815 0.021354 0.024074
0 0.378906 0.789815 0.032813 0.044444
0 0.246094 0.621759 0.025521 0.019444
0 0.662760 0.429167 0.026562 0.019444
0 0.679427 0.385185 0.027604 0.024074
0 0.332552 0.623611 0.025521 0.017593
0 0.677604 0.501389 0.023958 0.019444
0 0.314583 0.696759 0.027083 0.021296
0 0.716667 0.462500 0.029167 0.023148
0 0.261979 0.654630 0.025000 0.020370
0 0.149219 0.621296 0.029687 0.024074
0 0.380990 0.305093 0.024479 0.043519
0 0.745313 0.499537 0.029167 0.021296
0 0.746875 0.426389 0.028125 0.023148
0 0.696094 0.533333 0.028646 0.020370
0 0.779427 0.460648 0.027604 0.023148
0 0.211458 0.692593 0.025000 0.024074
0 0.196094 0.656944 0.029687 0.023148
0 0.784635 0.393056 0.028646 0.025000
0 0.792188 0.535185 0.027083 0.020370
0 0.833333 0.431019 0.027083 0.019444
0 0.126042 0.692130 0.039583 0.025000
0 0.106771 0.656481 0.032292 0.022222
0 0.877865 0.464352 0.027604 0.021296
0 0.085156 0.550463 0.029687 0.017593
0 0.552865 0.882870 0.019271 0.054630
0 0.958594 0.534722 0.026562 0.017593
0 0.083073 0.617593 0.028646 0.020370
0 0.936458 0.465278 0.031250 0.021296
0 0.099219 0.726852 0.028646 0.022222
0 0.790625 0.363426 0.018750 0.015741
0 0.027865 0.654630 0.023438 0.020370
0 0.932292 0.503704 0.027083 0.022222
0 0.897396 0.391667 0.029167 0.020370
0 0.965625 0.430556 0.027083 0.022222
0 0.021094 0.618981 0.025521 0.025000
0 0.421094 0.094444 0.013021 0.059259
0 0.990365 0.462963 0.009896 0.022222
0 0.002083 0.495833 0.004167 0.019444
