0 0.112500 0.263426 0.011458 0.052778
0 0.009115 0.138426 0.010937 0.039815
0 0.447917 0.091667 0.010417 0.050000
0 0.429688 0.277778 0.011458 0.046296
0 0.444792 0.337500 0.012500 0.052778
0 0.467448 0.125926 0.009896 0.050000
0 0.465625 0.055556 0.011458 0.040741
0 0.059115 0.115741 0.014063 0.048148
0 0.428125 0.156481 0.012500 0.051852
0 0.493229 0.118981 0.011458 0.047222
0 0.046875 0.265741 0.012500 0.040741
0 0.425781 0.969907 0.011979 0.045370
0 0.722656 0.430093 0.027604 0.021296
0 0.764583 0.434722 0.025000 0.019444
0 0.262500 0.646759 0.026042 0.019444
0 0.872917 0.469907 0.027083 0.021296
0 0.735677 0.465741 0.024479 0.020370
0 0.731771 0.531019 0.023958 0.019444
0 0.779948 0.467593 0.025521 0.020370
0 0.802604 0.434259 0.023958 0.020370
0 0.810937 0.536574 0.027083 0.019444
0 0.838281 0.432407 0.025521 0.020370
0 0.770312 0.534722 0.026042 0.019444
0 0.741406 0.500463 0.026562 0.019444
0 0.830208 0.468519 0.026042 0.020370
0 0.778906 0.500926 0.025521 0.018519
0 0.254427 0.610648 0.025521 0.019444
0 0.851302 0.537500 0.026562 0.021296
0 0.819010 0.501852 0.026562 0.020370
0 0.214062 0.611111 0.027083 0.020370
0 0.260417 0.681019 0.027083 0.019444
0 0.891927 0.537037 0.027604 0.020370
0 0.218490 0.645370 0.028646 0.020370
0 0.913281 0.471296 0.025521 0.020370
0 0.167969 0.612500 0.026562 0.021296
0 0.177865 0.643056 0.027604 0.019444
0 0.116927 0.607407 0.028646 0.020370
0 0.864323 0.502315 0.027604 0.021296
0 0.208854 0.679630 0.029167 0.022222
0 0.951562 0.468981 0.026042 0.021296
0 0.959115 0.437963 0.026562 0.016667
0 0.130729 0.647222 0.028125 0.022222
0 0.242708 0.402315 0.027083 0.025000
0 0.996354 0.469444 0.006250 0.020370
0 0.449479 0.925000 0.011458 0.048148
0 0.931510 0.536111 0.026562 0.020370
0 0.902083 0.502778 0.022917 0.020370
0 0.071615 0.611111 0.027604 0.020370
0 0.083594 0.641204 0.027604 0.017593
0 0.970573 0.539352 0.028646 0.021296
0 0.126823 0.685648 0.074479 0.028704
0 0.037240 0.642130 0.028646 0.019444
0 0.258073 0.541204 0.025521 0.021296
0 0.939323 0.503704 0.026562 0.020370
0 0.189583 0.233333 0.011458 0.053704
0 0.028125 0.607407 0.026042 0.020370
0 0.535937 0.301389 0.025000 0.050926
0 0.980729 0.504167 0.026042 0.019444
0 0.006771 0.639815 0.013542 0.022222
0 0.016927 0.252778 0.014063 0.050000
0 0.577344 0.375926 0.027604 0.029630
0 0.038021 0.420370 0.025000 0.020370
0 0.775521 0.573611 0.023958 0.017593
0 0.740885 0.572685 0.026562 0.021296
0 0.100260 0.441667 0.025521 0.033333
0 0.258073 0.576389 0.024479 0.019444
0 0.682292 0.393056 0.027083 0.021296
0 0.070573 0.681481 0.023438 0.025926
0 0.108854 0.517593 0.037500 0.046296
0 0.739583 0.395370 0.026042 0.020370
0 0.888542 0.432870 0.048958 0.025000
0 0.065625 0.537500 0.023958 0.017593
0 0.132552 0.195370 0.011979 0.040741
0 0.411719 0.161111 0.009896 0.051852
0 0.488542 0.968056 0.014583 0.052778
0 0.432031 0.021759 0.013021 0.043519
0 0.939583 0.575000 0.028125 0.022222
0 0.012500 0.537963 0.018750 0.020370
0 0.936979 0.393056 0.028125 0.017593
