0 0.182031 0.243519 0.010937 0.050000
0 0.009115 0.272222 0.014063 0.050000
0 0.103646 0.276852 0.013542 0.055556
0 0.440365 0.142593 0.010937 0.051852
0 0.460938 0.212500 0.010417 0.049074
0 0.880208 0.486111 0.025000 0.020370
0 0.094792 0.698611 0.027083 0.021296
0 0.425000 0.574074 0.011458 0.055556
0 0.733333 0.525926 0.025000 0.020370
0 0.075521 0.628241 0.030208 0.019444
0 0.740625 0.454167 0.027083 0.023148
0 0.724479 0.421759 0.027083 0.021296
0 0.786719 0.452315 0.026562 0.023148
0 0.766667 0.419907 0.023958 0.023148
0 0.732552 0.491667 0.027604 0.024074
0 0.787240 0.489815 0.026562 0.020370
0 0.829167 0.451852 0.026042 0.022222
0 0.835156 0.489352 0.030729 0.025000
0 0.811719 0.418981 0.025521 0.021296
0 0.003906 0.154630 0.007812 0.037037
0 0.871615 0.450926 0.024479 0.022222
0 0.261979 0.692593 0.025000 0.020370
0 0.916146 0.450926 0.027083 0.024074
0 0.869010 0.417130 0.026562 0.023148
0 0.211719 0.625926 0.026562 0.024074
0 0.221615 0.694907 0.027604 0.023148
0 0.253646 0.621296 0.026042 0.020370
0 0.256771 0.658796 0.028125 0.021296
0 0.010677 0.395370 0.021354 0.020370
0 0.170313 0.627315 0.027083 0.021296
0 0.214323 0.658333 0.026562 0.020370
0 0.972656 0.447222 0.034896 0.025926
0 0.771615 0.523611 0.028646 0.021296
0 0.913021 0.417130 0.022917 0.025000
0 0.924219 0.489352 0.027604 0.021296
0 0.172917 0.659722 0.030208 0.023148
0 0.183333 0.692593 0.023958 0.020370
0 0.946615 0.416667 0.026562 0.022222
0 0.127344 0.624537 0.025521 0.019444
0 0.128385 0.661574 0.027604 0.023148
0 0.140625 0.696759 0.027083 0.021296
0 0.450000 0.809259 0.012500 0.053704
0 0.030208 0.665741 0.025000 0.020370
0 0.446354 0.925926 0.010417 0.050000
0 0.073177 0.662963 0.028646 0.022222
0 0.812500 0.523611 0.027083 0.021296
0 0.986198 0.416204 0.023438 0.017593
0 0.445312 0.549537 0.010417 0.049074
0 0.972396 0.487037 0.026042 0.020370
0 0.846354 0.520833 0.023958 0.019444
0 0.733333 0.561111 0.026042 0.018519
0 0.263021 0.548148 0.023958 0.018519
0 0.032813 0.624537 0.027083 0.021296
0 0.253125 0.588426 0.026042 0.023148
0 0.779948 0.561574 0.026562 0.023148
0 0.001302 0.664352 0.002604 0.017593
0 0.040365 0.698611 0.030729 0.021296
0 0.390625 0.814352 0.022917 0.052778
0 0.891146 0.518981 0.026042 0.017593
0 0.001823 0.628241 0.003646 0.019444
0 0.221615 0.552778 0.026562 0.020370
0 0.549479 0.305556 0.027083 0.048148
0 0.929688 0.522685 0.028125 0.021296
0 0.212760 0.587500 0.024479 0.021296
0 0.338281 0.730093 0.028646 0.023148
0 0.004948 0.695370 0.009896 0.020370
0 0.102344 0.426389 0.026562 0.023148
0 0.588542 0.352315 0.025000 0.030556
0 0.270313 0.731019 0.025000 0.019444
0 0.481771 0.020370 0.012500 0.040741
0 0.501823 0.024074 0.009896 0.048148
0 0.645833 0.385648 0.026042 0.023148
0 0.172917 0.587500 0.025000 0.019444
0 0.221615 0.731944 0.026562 0.017593
0 0.024740 0.443056 0.023438 0.017593
0 0.484896 0.216204 0.011458 0.049074
0 0.697917 0.387500 0.023958 0.015741
0 0.490104 0.394907 0.012500 0.058333
0 0.612760 0.749074 0.025521 0.031481
0 0.157031 0.735185 0.027604 0.022222
0 0.973698 0.520370 0.025521 0.018519
0 0.879948 0.561111 0.026562 0.022222
0 0.495312 0.632407 0.012500 0.053704
0 0.101302 0.734259 0.031771 0.022222
0 0.136198 0.481944 0.022396 0.047222
0 0.527083 0.466204 0.009375 0.036111
0 0.039583 0.283796 0.011458 0.039815
0 0.440625 0.284722 0.011458 0.050926
0 0.424479 0.286111 0.010417 0.042593
0 0.097135 0.592130 0.028646 0.021296
0 0.509896 0.808333 0.013542 0.057407
0 0.954427 0.556944 0.028646 0.023148
0 0.489844 0.855556 0.014063 0.059259
0 0.038802 0.735648 0.027604 0.023148
0 0.911719 0.379167 0.028646 0.023148
0 0.460677 0.101852 0.011979 0.050000
0 0.422396 0.084259 0.012500 0.059259
0 0.010677 0.593056 0.013021 0.019444
0 0.492448 0.977778 0.013021 0.044444
