0 0.453906 0.877315 0.020313 0.058333
0 0.552083 0.625463 0.032292 0.039815
0 0.183073 0.242130 0.011979 0.052778
0 0.444010 0.168519 0.010937 0.038889
0 0.511979 0.682407 0.027083 0.046296
0 0.425521 0.163889 0.012500 0.048148
0 0.040365 0.282407 0.011979 0.040741
0 0.104948 0.278241 0.011979 0.052778
0 0.442708 0.101852 0.011458 0.050000
0 0.425260 0.087037 0.009896 0.044444
0 0.461198 0.068056 0.014063 0.060185
0 0.460938 0.138889 0.010417 0.050000
0 0.882812 0.487500 0.025000 0.021296
0 0.095312 0.698611 0.027083 0.023148
0 0.500000 0.251389 0.010417 0.043519
0 0.480990 0.036111 0.010937 0.046296
0 0.735156 0.526852 0.025521 0.022222
0 0.500260 0.172685 0.010937 0.054630
0 0.076563 0.626852 0.028125 0.020370
0 0.742448 0.454630 0.027604 0.024074
0 0.726302 0.422685 0.027604 0.023148
0 0.788542 0.451852 0.027083 0.024074
0 0.768229 0.418981 0.025000 0.023148
0 0.733854 0.491667 0.028125 0.025926
0 0.788542 0.491667 0.027083 0.020370
0 0.831510 0.451852 0.026562 0.024074
0 0.836719 0.489815 0.030729 0.024074
0 0.814063 0.419444 0.026042 0.020370
0 0.004948 0.154167 0.009896 0.037963
0 0.873698 0.451852 0.025521 0.022222
0 0.262500 0.691667 0.025000 0.020370
0 0.918750 0.452778 0.028125 0.025926
0 0.871094 0.417593 0.027604 0.024074
0 0.212500 0.626389 0.027083 0.021296
0 0.222656 0.694907 0.026562 0.021296
0 0.254688 0.621759 0.028125 0.021296
0 0.257292 0.658796 0.028125 0.021296
0 0.406771 0.132870 0.012500 0.049074
0 0.171094 0.626852 0.026562 0.022222
0 0.215104 0.658333 0.027083 0.022222
0 0.976042 0.448611 0.031250 0.023148
0 0.773438 0.525000 0.027083 0.020370
0 0.914844 0.418056 0.022396 0.025000
0 0.926562 0.490741 0.028125 0.022222
0 0.406771 0.906019 0.012500 0.047222
0 0.173698 0.658796 0.032813 0.025000
0 0.502865 0.037500 0.013021 0.056481
0 0.183594 0.692593 0.024479 0.020370
0 0.949479 0.419444 0.028125 0.022222
0 0.128125 0.623148 0.027083 0.022222
0 0.128125 0.661111 0.027083 0.024074
0 0.141146 0.695370 0.027083 0.022222
0 0.442448 0.028704 0.010937 0.048148
0 0.478906 0.131481 0.010937 0.050000
0 0.030729 0.664352 0.026042 0.021296
0 0.425000 0.020370 0.011458 0.040741
0 0.357292 0.729167 0.030208 0.030556
0 0.073698 0.661574 0.028646 0.023148
0 0.814323 0.524537 0.024479 0.019444
0 0.987760 0.418519 0.023438 0.020370
0 0.484115 0.324074 0.014063 0.046296
0 0.456510 0.343519 0.021354 0.055556
0 0.399219 0.805556 0.025521 0.050000
0 0.975521 0.488889 0.026042 0.022222
0 0.848698 0.522685 0.024479 0.019444
0 0.745573 0.562037 0.026562 0.020370
0 0.535156 0.271759 0.022396 0.052778
0 0.465625 0.406944 0.023958 0.043519
0 0.263802 0.549074 0.024479 0.018519
0 0.734375 0.785185 0.014583 0.031481
0 0.033073 0.624537 0.027604 0.021296
0 0.300000 0.723148 0.027083 0.022222
0 0.253646 0.587500 0.025000 0.021296
0 0.804948 0.561574 0.027604 0.023148
0 0.001302 0.662963 0.002604 0.020370
0 0.041146 0.698611 0.031250 0.023148
0 0.215365 0.732407 0.026562 0.022222
0 0.893490 0.519907 0.026562 0.017593
0 0.001823 0.627315 0.003646 0.021296
0 0.188542 0.553704 0.026042 0.020370
0 0.058594 0.429167 0.026562 0.023148
0 0.827083 0.383333 0.028125 0.024074
0 0.938542 0.523611 0.028125 0.021296
0 0.009375 0.272685 0.013542 0.050926
0 0.079687 0.551389 0.029167 0.021296
0 0.020833 0.557870 0.025000 0.021296
0 0.088021 0.589815 0.028125 0.024074
0 0.989583 0.619444 0.020833 0.051852
0 0.042188 0.739815 0.029167 0.022222
0 0.001302 0.695370 0.002604 0.020370
