0 0.123958 0.192130 0.017708 0.050926
0 0.008073 0.123148 0.013021 0.038889
0 0.042188 0.252315 0.013542 0.045370
0 0.737500 0.572685 0.025000 0.019444
0 0.465885 0.125463 0.011979 0.054630
0 0.468750 0.053704 0.012500 0.051852
0 0.742188 0.500926 0.028125 0.024074
0 0.894010 0.438426 0.028646 0.017593
0 0.849219 0.440278 0.027604 0.017593
0 0.741406 0.468519 0.024479 0.022222
0 0.808594 0.438889 0.022396 0.018519
0 0.780990 0.468981 0.024479 0.023148
0 0.916146 0.473611 0.029167 0.017593
0 0.821354 0.470833 0.026042 0.019444
0 0.781510 0.503241 0.022396 0.021296
0 0.263802 0.641667 0.025521 0.022222
0 0.832812 0.503241 0.028125 0.019444
0 0.942187 0.438889 0.027083 0.018519
0 0.869271 0.474537 0.028125 0.017593
0 0.219271 0.640741 0.027083 0.024074
0 0.731771 0.534259 0.027083 0.020370
0 0.010417 0.240278 0.015625 0.047222
0 0.253385 0.606481 0.024479 0.024074
0 0.984635 0.439352 0.027604 0.017593
0 0.178125 0.637500 0.019792 0.025000
0 0.215104 0.601389 0.026042 0.025000
0 0.054427 0.100926 0.018229 0.061111
0 0.917188 0.509722 0.026042 0.017593
0 0.957812 0.475463 0.026042 0.015741
0 0.139844 0.636574 0.024479 0.025000
0 0.768490 0.536111 0.024479 0.020370
0 0.254688 0.675000 0.025000 0.020370
0 0.216927 0.671296 0.027604 0.024074
0 0.094792 0.634259 0.026042 0.024074
0 0.956250 0.510648 0.027083 0.017593
0 0.125000 0.601852 0.028125 0.025926
0 0.155469 0.672222 0.028646 0.025926
0 0.077604 0.602315 0.033333 0.025000
0 0.807031 0.542593 0.026562 0.020370
0 0.884896 0.543056 0.025000 0.019444
0 0.011198 0.629167 0.019271 0.021296
0 0.113802 0.669907 0.029687 0.025000
0 0.776823 0.575926 0.023438 0.020370
0 0.002083 0.596759 0.004167 0.023148
0 0.843229 0.541667 0.025000 0.016667
0 0.817187 0.577778 0.026042 0.022222
0 0.256510 0.571296 0.024479 0.022222
0 0.264062 0.531944 0.026042 0.021296
0 0.221354 0.568056 0.025000 0.025000
0 0.853906 0.579167 0.026562 0.021296
0 0.142187 0.563889 0.025000 0.024074
0 0.891667 0.580556 0.028125 0.022222
0 0.167969 0.602315 0.030729 0.028704
0 0.181510 0.568056 0.030729 0.028704
0 0.035156 0.600000 0.027604 0.022222
0 0.929167 0.581481 0.028125 0.020370
0 0.185677 0.223611 0.013021 0.050926
0 0.967969 0.582870 0.026562 0.019444
0 0.875781 0.508796 0.029687 0.017593
0 0.225260 0.530556 0.028646 0.025926
0 0.995573 0.584259 0.007812 0.020370
0 0.410677 0.465278 0.018229 0.058333
0 0.926823 0.542130 0.026562 0.021296
0 0.990885 0.513889 0.018229 0.018519
0 0.446094 0.263889 0.014063 0.057407
0 0.489063 0.025000 0.014583 0.050000
0 0.971094 0.546296 0.027604 0.018519
0 0.412240 0.948611 0.014063 0.054630
0 0.997396 0.548148 0.005208 0.016667
0 0.494010 0.130093 0.015104 0.052778
0 0.509896 0.087037 0.013542 0.051852
0 0.438542 0.836111 0.012500 0.048148
0 0.027865 0.408333 0.027604 0.024074
0 0.436719 0.664815 0.017188 0.061111
0 0.423958 0.545833 0.014583 0.060185
0 0.509375 0.284259 0.013542 0.050000
0 0.444010 0.522222 0.015104 0.059259
0 0.288802 0.418056 0.028646 0.030556
0 0.443490 0.379630 0.013021 0.053704
0 0.427083 0.275463 0.014583 0.058333
0 0.560156 0.828241 0.024479 0.043519
0 0.390885 0.276389 0.018229 0.049074
0 0.488281 0.844444 0.016146 0.059259
0 0.426823 0.154630 0.011979 0.050000
0 0.528385 0.891667 0.015104 0.038889
0 0.483594 0.963426 0.020313 0.054630
0 0.430469 0.021296 0.014063 0.040741
0 0.502083 0.983796 0.014583 0.028704
