0 0.460677 0.059722 0.010937 0.056481
0 0.725260 0.485185 0.025521 0.020370
0 0.727865 0.450000 0.025521 0.022222
0 0.766667 0.484722 0.026042 0.021296
0 0.980469 0.485185 0.036979 0.022222
0 0.804948 0.482407 0.025521 0.020370
0 0.767188 0.450926 0.026042 0.020370
0 0.726823 0.515278 0.024479 0.021296
0 0.814063 0.451852 0.028125 0.022222
0 0.919271 0.416667 0.029167 0.020370
0 0.867188 0.448611 0.035417 0.025000
0 0.856771 0.482870 0.026042 0.021296
0 0.966927 0.414815 0.029687 0.020370
0 0.938802 0.482870 0.025521 0.021296
0 0.910417 0.451852 0.027083 0.020370
0 0.899740 0.482870 0.027604 0.021296
0 0.766146 0.521759 0.027083 0.021296
0 0.942187 0.451389 0.025000 0.019444
0 0.981771 0.450000 0.025000 0.018519
0 0.238542 0.637963 0.023958 0.022222
0 0.249219 0.529167 0.026562 0.021296
0 0.807552 0.517593 0.027604 0.020370
0 0.405208 0.873148 0.012500 0.051852
0 0.859635 0.518981 0.026562 0.019444
0 0.727604 0.557407 0.025000 0.018519
0 0.771094 0.556944 0.027604 0.021296
0 0.206250 0.568519 0.031250 0.022222
0 0.903646 0.518981 0.028125 0.021296
0 0.419271 0.290278 0.011458 0.052778
0 0.811979 0.556944 0.026042 0.021296
0 0.544010 0.306944 0.027604 0.043519
0 0.053385 0.384259 0.025521 0.018519
0 0.128646 0.190741 0.013542 0.050000
0 0.849219 0.557870 0.026562 0.019444
0 0.193229 0.637963 0.025000 0.022222
0 0.997135 0.411574 0.004687 0.019444
0 0.951042 0.518981 0.028125 0.019444
0 0.419010 0.958333 0.013021 0.055556
0 0.489323 0.706019 0.024479 0.049074
0 0.207813 0.527778 0.028125 0.024074
0 0.214844 0.373611 0.027604 0.025000
0 0.259896 0.603704 0.026042 0.022222
0 0.149479 0.639815 0.025000 0.024074
0 0.118750 0.455556 0.014583 0.050000
0 0.280208 0.709259 0.026042 0.022222
0 0.255990 0.671296 0.027604 0.020370
0 0.223698 0.606481 0.024479 0.024074
0 0.485417 0.151852 0.011458 0.048148
0 0.617448 0.367130 0.025521 0.025000
0 0.441667 0.703704 0.012500 0.053704
0 0.232813 0.708796 0.023958 0.019444
0 0.220052 0.672685 0.026562 0.021296
0 0.100000 0.638889 0.030208 0.024074
0 0.481771 0.306944 0.011458 0.050926
0 0.502604 0.318519 0.014583 0.059259
0 0.409635 0.649537 0.014063 0.058333
0 0.180990 0.603704 0.027604 0.022222
0 0.113281 0.534259 0.028646 0.024074
0 0.301563 0.348611 0.025000 0.034259
0 0.439323 0.521759 0.011979 0.056481
0 0.672656 0.376389 0.028646 0.023148
0 0.500781 0.456481 0.010937 0.057407
0 0.481771 0.449074 0.012500 0.055556
0 0.124479 0.602315 0.029167 0.025000
0 0.416406 0.456019 0.011979 0.052778
0 0.179948 0.707870 0.026562 0.023148
0 0.979427 0.679630 0.025521 0.020370
0 0.439063 0.376852 0.012500 0.051852
0 0.923958 0.554630 0.028125 0.022222
0 0.863542 0.378241 0.026042 0.019444
0 0.439583 0.232407 0.012500 0.059259
0 0.104167 0.708333 0.028125 0.020370
0 0.072135 0.676852 0.031771 0.020370
0 0.503385 0.656019 0.015104 0.062037
0 0.935156 0.719444 0.018229 0.012963
0 0.018750 0.637963 0.026042 0.020370
0 0.022135 0.604630 0.028646 0.024074
0 0.951562 0.379630 0.026042 0.018519
0 0.014323 0.535648 0.019271 0.019444
0 0.990625 0.583333 0.017708 0.027778
0 0.487760 0.707407 0.011979 0.051852
