0 0.183073 0.238889 0.011979 0.050000
0 0.105729 0.271296 0.012500 0.055556
0 0.006250 0.146759 0.011458 0.039815
0 0.730990 0.571296 0.025521 0.022222
0 0.009635 0.264815 0.015104 0.050000
0 0.734635 0.461574 0.024479 0.021296
0 0.732031 0.431481 0.026562 0.020370
0 0.774479 0.426389 0.027083 0.023148
0 0.770833 0.463889 0.025000 0.022222
0 0.819792 0.428241 0.029167 0.023148
0 0.808594 0.462963 0.027604 0.024074
0 0.848698 0.463426 0.030729 0.025000
0 0.733594 0.497222 0.026562 0.020370
0 0.863542 0.426389 0.028125 0.023148
0 0.040885 0.274537 0.013021 0.041667
0 0.776302 0.499074 0.026562 0.022222
0 0.912240 0.429630 0.028646 0.024074
0 0.892969 0.465741 0.029687 0.024074
0 0.729167 0.532407 0.028125 0.022222
0 0.261458 0.653241 0.025000 0.019444
0 0.932031 0.462963 0.027604 0.024074
0 0.951302 0.431944 0.026562 0.021296
0 0.258594 0.617130 0.026562 0.019444
0 0.220312 0.651852 0.028125 0.020370
0 0.274479 0.686574 0.027083 0.021296
0 0.207292 0.618519 0.029167 0.022222
0 0.239323 0.684722 0.024479 0.019444
0 0.975521 0.462963 0.030208 0.024074
0 0.818750 0.498148 0.027083 0.024074
0 0.777344 0.532870 0.025521 0.021296
0 0.119010 0.651389 0.026562 0.021296
0 0.166146 0.654630 0.028125 0.022222
0 0.116927 0.616667 0.031771 0.024074
0 0.156250 0.617593 0.031250 0.022222
0 0.195833 0.691204 0.028125 0.023148
0 0.080729 0.615741 0.026042 0.022222
0 0.985938 0.431944 0.026042 0.021296
0 0.860417 0.498611 0.032292 0.023148
0 0.082031 0.651852 0.029687 0.022222
0 0.150000 0.687500 0.027083 0.021296
0 0.903125 0.499074 0.031250 0.025926
0 0.045052 0.616667 0.024479 0.024074
0 0.108073 0.688426 0.028646 0.023148
0 0.036198 0.653704 0.028646 0.024074
0 0.819792 0.532870 0.028125 0.021296
0 0.948958 0.499537 0.030208 0.023148
0 0.767969 0.569907 0.025521 0.021296
0 0.068490 0.686111 0.026562 0.020370
0 0.002344 0.650000 0.004687 0.022222
0 0.984115 0.500000 0.028646 0.022222
0 0.027604 0.687037 0.026042 0.022222
0 0.257812 0.583333 0.029167 0.022222
0 0.807552 0.569444 0.029687 0.025926
0 0.210156 0.581019 0.026562 0.021296
0 0.846875 0.567130 0.026042 0.021296
0 0.238281 0.546296 0.026562 0.020370
0 0.869271 0.534722 0.031250 0.023148
0 0.889583 0.573148 0.029167 0.022222
0 0.927344 0.570370 0.028646 0.024074
0 0.013542 0.616204 0.022917 0.021296
0 0.163802 0.581481 0.027604 0.022222
0 0.915885 0.536574 0.028646 0.021296
0 0.199740 0.547685 0.024479 0.019444
0 0.968750 0.531944 0.029167 0.023148
0 0.996094 0.532870 0.007812 0.021296
0 0.442708 0.068056 0.012500 0.050926
0 0.965625 0.572685 0.025000 0.021296
0 0.426302 0.153241 0.009896 0.049074
0 0.442188 0.144907 0.014583 0.054630
0 0.423958 0.079167 0.012500 0.050926
0 0.127344 0.204630 0.014063 0.044444
0 0.035677 0.128704 0.010937 0.046296
0 0.162240 0.549537 0.027604 0.023148
0 0.510417 0.751852 0.014583 0.025926
0 0.122135 0.581481 0.027604 0.022222
0 0.190104 0.486574 0.029167 0.023148
0 0.117448 0.545370 0.026562 0.022222
0 0.952344 0.686111 0.027604 0.022222
0 0.419271 0.978704 0.012500 0.042593
0 0.241667 0.421296 0.023958 0.024074
0 0.314063 0.456944 0.020833 0.025000
0 0.646094 0.605093 0.027604 0.036111
0 0.078385 0.550000 0.026562 0.022222
0 0.296615 0.386574 0.023438 0.023148
0 0.372917 0.566204 0.026042 0.049074
0 0.558854 0.488889 0.023958 0.046296
0 0.429948 0.720833 0.021354 0.056481
0 0.009115 0.545370 0.013021 0.020370
0 0.055469 0.584259 0.026562 0.020370
0 0.050000 0.125000 0.018750 0.055556
