0 0.196094 0.334259 0.028646 0.025926
0 0.068229 0.481944 0.027083 0.023148
0 0.261198 0.529630 0.026562 0.020370
0 0.218229 0.531019 0.027083 0.023148
0 0.481250 0.563426 0.026042 0.021296
0 0.259635 0.569444 0.026562 0.022222
0 0.511979 0.557870 0.022917 0.025000
0 0.564583 0.554630 0.027083 0.024074
0 0.181510 0.532870 0.025521 0.019444
0 0.604688 0.559722 0.020833 0.019444
0 0.145052 0.535648 0.024479 0.019444
0 0.681510 0.563426 0.023438 0.015741
0 0.734115 0.561574 0.024479 0.021296
0 0.801823 0.562963 0.024479 0.020370
0 0.101823 0.532870 0.028646 0.019444
0 0.892708 0.560185 0.026042 0.022222
0 0.059635 0.532870 0.026562 0.017593
0 0.445052 0.050000 0.010937 0.044444
0 0.444271 0.136111 0.013542 0.044444
0 0.169531 0.568056 0.028646 0.021296
0 0.212240 0.570833 0.025521 0.023148
0 0.428125 0.049537 0.010417 0.052778
0 0.010417 0.531481 0.018750 0.018519
0 0.426302 0.132407 0.011979 0.051852
0 0.123438 0.568519 0.029167 0.022222
0 0.463021 0.133333 0.012500 0.046296
0 0.463802 0.066204 0.011979 0.050926
0 0.079948 0.567130 0.028646 0.023148
0 0.377604 0.309722 0.025000 0.050926
0 0.082812 0.407870 0.027083 0.021296
0 0.147396 0.482870 0.028125 0.021296
0 0.007552 0.380093 0.015104 0.021296
0 0.961198 0.623148 0.027604 0.020370
0 0.610417 0.963426 0.033333 0.056481
0 0.043490 0.451389 0.027604 0.021296
0 0.424479 0.945370 0.013542 0.053704
0 0.266667 0.452778 0.022917 0.020370
0 0.889844 0.648148 0.027604 0.020370
0 0.217448 0.492130 0.027604 0.021296
0 0.129427 0.443056 0.026562 0.023148
0 0.181250 0.456019 0.027083 0.019444
0 0.834115 0.610648 0.027604 0.019444
0 0.307552 0.426389 0.026562 0.021296
0 0.389323 0.405093 0.026562 0.025000
0 0.296615 0.495833 0.023438 0.017593
0 0.719010 0.644444 0.025521 0.022222
0 0.843229 0.685185 0.023958 0.014815
0 0.314844 0.468981 0.025521 0.021296
0 0.035677 0.566204 0.029687 0.023148
0 0.372135 0.444444 0.026562 0.022222
0 0.652604 0.642593 0.026042 0.022222
0 0.619531 0.606944 0.026562 0.019444
0 0.322917 0.355093 0.027083 0.026852
0 0.413021 0.499074 0.026042 0.022222
0 0.444792 0.474537 0.025000 0.019444
0 0.463802 0.414815 0.024479 0.020370
0 0.525521 0.236111 0.026042 0.055556
0 0.579167 0.683796 0.027083 0.021296
0 0.577344 0.640741 0.024479 0.020370
0 0.513542 0.477315 0.026042 0.021296
0 0.467708 0.446296 0.025000 0.022222
0 0.565625 0.450000 0.027083 0.024074
0 0.523958 0.606944 0.025000 0.019444
0 0.522396 0.512500 0.023958 0.023148
0 0.560937 0.413426 0.023958 0.021296
0 0.578385 0.481019 0.024479 0.019444
0 0.450521 0.604630 0.026042 0.020370
1 0.220052 0.411111 0.057813 0.033333
0 0.328646 0.643519 0.025000 0.020370
0 0.651563 0.422685 0.026042 0.023148
0 0.656510 0.487037 0.026562 0.025926
0 0.011458 0.412963 0.022917 0.024074
0 0.375260 0.610648 0.026562 0.021296
0 0.696094 0.451852 0.025521 0.024074
0 0.736198 0.419907 0.023438 0.023148
0 0.406771 0.219907 0.011458 0.049074
0 0.994271 0.385648 0.008333 0.025000
0 0.777604 0.456481 0.026042 0.024074
0 0.742188 0.381944 0.026042 0.021296
0 0.804948 0.491204 0.026562 0.023148
0 0.155469 0.605093 0.024479 0.021296
0 0.826042 0.418519 0.025000 0.020370
0 0.209635 0.640278 0.027604 0.021296
0 0.884115 0.493981 0.029687 0.023148
0 0.898958 0.457407 0.029167 0.024074
0 0.891667 0.385185 0.032292 0.024074
0 0.939583 0.424074 0.030208 0.024074
0 0.950260 0.565741 0.028646 0.020370
0 0.044010 0.637963 0.025521 0.018519
0 0.984635 0.495370 0.020313 0.020370
