0 0.183333 0.243519 0.012500 0.057407
0 0.009635 0.273148 0.016146 0.057407
0 0.105729 0.277778 0.012500 0.055556
0 0.468229 0.438889 0.011458 0.051852
0 0.880469 0.487500 0.025521 0.021296
0 0.095573 0.698148 0.027604 0.024074
0 0.733854 0.527315 0.025000 0.023148
0 0.076823 0.626852 0.029687 0.022222
0 0.741406 0.456019 0.026562 0.025000
0 0.725000 0.423611 0.028125 0.023148
0 0.787240 0.453241 0.025521 0.023148
0 0.766927 0.421296 0.025521 0.024074
0 0.732812 0.493056 0.027083 0.023148
0 0.787760 0.493056 0.026562 0.021296
0 0.829427 0.452778 0.026562 0.024074
0 0.835417 0.489815 0.031250 0.024074
0 0.812500 0.419444 0.026042 0.020370
0 0.005208 0.154167 0.009375 0.037963
0 0.872396 0.452778 0.025000 0.020370
0 0.262760 0.691667 0.026562 0.022222
0 0.916667 0.453704 0.027083 0.022222
0 0.869010 0.419444 0.026562 0.020370
0 0.213021 0.625463 0.028125 0.025000
0 0.222656 0.694444 0.031771 0.024074
0 0.254948 0.620833 0.027604 0.023148
0 0.257292 0.658333 0.028125 0.022222
0 0.171615 0.626389 0.026562 0.025000
0 0.215104 0.657870 0.028125 0.025000
0 0.973958 0.449074 0.032292 0.022222
0 0.772135 0.525000 0.028646 0.022222
0 0.913281 0.418981 0.021354 0.021296
0 0.924479 0.490278 0.027083 0.019444
0 0.173698 0.659259 0.035937 0.027778
0 0.184375 0.691204 0.025000 0.023148
0 0.948177 0.418981 0.026562 0.019444
0 0.128125 0.623611 0.026042 0.025000
0 0.129948 0.661111 0.027604 0.025926
0 0.141146 0.695833 0.028125 0.025000
0 0.031510 0.664815 0.027604 0.022222
0 0.074219 0.661111 0.029687 0.025926
0 0.812760 0.524537 0.026562 0.021296
0 0.986198 0.418519 0.024479 0.016667
0 0.972396 0.488426 0.026042 0.019444
0 0.846875 0.523148 0.022917 0.018519
0 0.733594 0.562500 0.026562 0.021296
0 0.264583 0.548611 0.025000 0.021296
0 0.033073 0.624537 0.028646 0.023148
0 0.253906 0.587500 0.025521 0.025000
0 0.780469 0.563889 0.027604 0.024074
0 0.001823 0.662963 0.003646 0.022222
0 0.041406 0.698148 0.038021 0.025926
0 0.891927 0.520833 0.024479 0.017593
0 0.002344 0.627778 0.004687 0.024074
0 0.222396 0.552778 0.027083 0.024074
0 0.930208 0.524537 0.028125 0.021296
0 0.213802 0.587037 0.027604 0.024074
0 0.005469 0.695370 0.010937 0.022222
0 0.515365 0.088889 0.013021 0.053704
0 0.412500 0.887037 0.017708 0.057407
0 0.519531 0.215278 0.016146 0.054630
0 0.174219 0.586574 0.026562 0.025000
0 0.390885 0.787037 0.026562 0.046296
0 0.428385 0.543056 0.009896 0.050926
0 0.549479 0.300926 0.022917 0.040741
0 0.271354 0.726852 0.027083 0.024074
0 0.974219 0.521296 0.024479 0.018519
0 0.827604 0.563889 0.026042 0.022222
0 0.461198 0.027778 0.020313 0.055556
0 0.220052 0.728241 0.030729 0.025000
0 0.040365 0.282870 0.011979 0.045370
0 0.464583 0.272222 0.011458 0.051852
0 0.130208 0.590741 0.032292 0.025926
0 0.866927 0.562037 0.027604 0.022222
0 0.483854 0.121759 0.013542 0.058333
0 0.167448 0.730093 0.027604 0.025000
0 0.674479 0.388889 0.025000 0.024074
0 0.468229 0.354167 0.014583 0.062037
0 0.427604 0.797685 0.012500 0.060185
0 0.091146 0.590741 0.027083 0.024074
0 0.484115 0.260648 0.009896 0.045370
0 0.446354 0.782407 0.012500 0.053704
0 0.498437 0.204167 0.009375 0.039815
0 0.722396 0.386574 0.027083 0.021296
0 0.904167 0.562500 0.026042 0.021296
0 0.177604 0.554630 0.025000 0.024074
0 0.430729 0.663889 0.013542 0.062963
0 0.045833 0.595370 0.032292 0.029630
0 0.503646 0.386574 0.013542 0.054630
0 0.491406 0.484722 0.010937 0.054630
0 0.787240 0.384722 0.027604 0.023148
0 0.941667 0.561111 0.028125 0.020370
0 0.565104 0.785185 0.022917 0.046296
0 0.445312 0.497222 0.014583 0.062963
0 0.616406 0.964815 0.031771 0.070370
0 0.493229 0.597222 0.010417 0.050000
0 0.134375 0.553704 0.028125 0.024074
0 0.419531 0.413426 0.010937 0.047222
0 0.440885 0.229167 0.011979 0.054630
0 0.461198 0.170833 0.014063 0.050926
0 0.975000 0.560185 0.025000 0.018519
0 0.404687 0.151389 0.012500 0.056481
0 0.520052 0.951852 0.017188 0.055556
0 0.494271 0.963889 0.019792 0.053704
0 0.425000 0.043056 0.013542 0.050926
