0 0.464323 0.123148 0.009896 0.048148
0 0.195573 0.327315 0.033854 0.025000
0 0.862760 0.496759 0.027604 0.021296
0 0.772396 0.459722 0.026042 0.019444
0 0.729427 0.422222 0.025521 0.020370
0 0.732552 0.456019 0.024479 0.021296
0 0.737760 0.491667 0.027604 0.020370
0 0.725521 0.525926 0.022917 0.020370
0 0.780208 0.494907 0.023958 0.019444
0 0.771094 0.424074 0.026562 0.022222
0 0.821615 0.461111 0.027604 0.022222
0 0.867188 0.460185 0.031250 0.022222
0 0.814063 0.423611 0.025000 0.021296
0 0.911198 0.464815 0.027604 0.022222
0 0.819010 0.495833 0.025521 0.019444
0 0.858854 0.431019 0.026042 0.017593
0 0.767188 0.527778 0.027083 0.020370
0 0.901302 0.429630 0.028646 0.020370
0 0.957031 0.466667 0.029687 0.022222
0 0.902344 0.498611 0.024479 0.019444
0 0.940885 0.431481 0.025521 0.016667
0 0.956510 0.498148 0.029687 0.024074
0 0.804167 0.528241 0.021875 0.019444
0 0.253646 0.631481 0.026042 0.022222
0 0.847656 0.529630 0.025521 0.020370
0 0.890104 0.533333 0.027083 0.022222
0 0.260677 0.524537 0.024479 0.017593
0 0.217708 0.525000 0.028125 0.022222
0 0.726042 0.566204 0.026042 0.021296
0 0.258594 0.596296 0.025521 0.024074
0 0.256510 0.563426 0.026562 0.021296
0 0.934635 0.534259 0.028646 0.020370
0 0.760677 0.563889 0.024479 0.022222
0 0.994792 0.502315 0.009375 0.019444
0 0.977865 0.533333 0.025521 0.020370
0 0.800000 0.566667 0.026042 0.022222
0 0.181510 0.526852 0.026562 0.022222
0 0.829427 0.565278 0.022396 0.021296
0 0.215104 0.631481 0.026042 0.022222
0 0.144010 0.528241 0.026562 0.023148
0 0.422135 0.540741 0.011979 0.046296
0 0.863281 0.571759 0.027604 0.021296
0 0.995573 0.465278 0.008854 0.019444
0 0.899219 0.568981 0.026562 0.021296
0 0.445573 0.131481 0.010937 0.050000
0 0.170573 0.633333 0.028646 0.022222
0 0.365625 0.727778 0.031250 0.037037
0 0.935156 0.568056 0.027604 0.019444
0 0.130469 0.633796 0.026562 0.023148
0 0.219010 0.597222 0.027604 0.022222
0 0.009375 0.122222 0.013542 0.037037
0 0.443490 0.796759 0.014063 0.052778
0 0.171875 0.597222 0.028125 0.022222
0 0.402604 0.228704 0.013542 0.055556
0 0.321094 0.705556 0.024479 0.022222
0 0.101302 0.524537 0.028646 0.023148
0 0.086719 0.628704 0.027604 0.022222
0 0.971615 0.568056 0.026562 0.021296
0 0.506771 0.850463 0.012500 0.056481
0 0.044531 0.627315 0.027604 0.023148
0 0.506771 0.185185 0.010417 0.051852
0 0.059375 0.523148 0.026042 0.022222
0 0.520052 0.131944 0.010937 0.050926
0 0.488021 0.116667 0.011458 0.057407
0 0.125000 0.596296 0.028125 0.024074
0 0.540625 0.256481 0.026042 0.055556
0 0.419531 0.793981 0.011979 0.054630
0 0.440104 0.707407 0.011458 0.044444
0 0.420052 0.676389 0.011979 0.052778
0 0.983854 0.427778 0.027083 0.018519
0 0.492969 0.360185 0.011979 0.059259
0 0.464844 0.045370 0.010937 0.051852
0 0.626042 0.725463 0.029167 0.039815
0 0.672396 0.392130 0.025000 0.019444
0 0.433333 0.450463 0.011458 0.050926
0 0.414844 0.437963 0.010937 0.051852
0 0.077083 0.593519 0.032292 0.022222
0 0.567708 0.782870 0.023958 0.041667
0 0.779948 0.387037 0.027604 0.020370
0 0.485677 0.575000 0.013021 0.053704
0 0.996094 0.570833 0.006771 0.019444
0 0.216667 0.669444 0.023958 0.029630
0 0.425260 0.216204 0.011979 0.062037
0 0.482552 0.796296 0.011979 0.048148
0 0.095312 0.664352 0.026042 0.021296
0 0.410938 0.096296 0.011458 0.053704
0 0.426302 0.089815 0.010937 0.051852
0 0.955990 0.397222 0.029687 0.018519
