0 0.463542 0.121759 0.010417 0.050926
0 0.195573 0.327315 0.031771 0.023148
0 0.863021 0.496759 0.027083 0.023148
0 0.772396 0.459259 0.025000 0.018519
0 0.729427 0.421296 0.025521 0.022222
0 0.732552 0.456019 0.023438 0.019444
0 0.737500 0.492130 0.028125 0.021296
0 0.725521 0.525926 0.022917 0.020370
0 0.780208 0.494907 0.023958 0.019444
0 0.771094 0.424074 0.026562 0.022222
0 0.821615 0.461111 0.027604 0.024074
0 0.867188 0.460648 0.032292 0.023148
0 0.814063 0.424537 0.023958 0.021296
0 0.911458 0.464815 0.027083 0.022222
0 0.818750 0.495370 0.026042 0.020370
0 0.859115 0.430556 0.024479 0.018519
0 0.766927 0.527778 0.027604 0.022222
0 0.901302 0.430093 0.029687 0.021296
0 0.957292 0.466667 0.029167 0.022222
0 0.902604 0.498611 0.026042 0.021296
0 0.940365 0.431481 0.027604 0.020370
0 0.956771 0.497685 0.030208 0.025000
0 0.804167 0.528704 0.021875 0.018519
0 0.253646 0.631944 0.026042 0.021296
0 0.847656 0.529167 0.026562 0.023148
0 0.889844 0.532870 0.026562 0.021296
0 0.260677 0.524537 0.024479 0.017593
0 0.217708 0.525000 0.028125 0.022222
0 0.726042 0.566204 0.026042 0.023148
0 0.258073 0.596759 0.026562 0.025000
0 0.256771 0.563889 0.026042 0.024074
0 0.934635 0.533796 0.029687 0.019444
0 0.760677 0.564352 0.023438 0.021296
0 0.994271 0.500926 0.010417 0.020370
0 0.977604 0.534259 0.025000 0.020370
0 0.799479 0.567130 0.026042 0.023148
0 0.181510 0.527315 0.026562 0.021296
0 0.829427 0.564352 0.020313 0.019444
0 0.215625 0.631481 0.025000 0.022222
0 0.144010 0.528241 0.027604 0.023148
0 0.424740 0.724074 0.011979 0.048148
0 0.862500 0.571296 0.027083 0.022222
0 0.995573 0.465741 0.008854 0.020370
0 0.899740 0.569907 0.026562 0.021296
0 0.444531 0.325463 0.011979 0.047222
0 0.170052 0.632870 0.028646 0.023148
0 0.391146 0.776389 0.026042 0.052778
0 0.935156 0.568519 0.026562 0.018519
0 0.130208 0.634259 0.026042 0.024074
0 0.219271 0.597222 0.027083 0.024074
0 0.009635 0.122685 0.014063 0.037963
0 0.171615 0.597222 0.029687 0.022222
0 0.356771 0.334259 0.027083 0.040741
0 0.349219 0.716667 0.024479 0.029630
0 0.102344 0.524537 0.028646 0.023148
0 0.086458 0.629167 0.029167 0.023148
0 0.971875 0.568056 0.027083 0.019444
0 0.511719 0.640741 0.013021 0.053704
0 0.044271 0.627778 0.027083 0.022222
0 0.059115 0.523148 0.026562 0.022222
0 0.124740 0.595833 0.028646 0.025000
0 0.520312 0.125463 0.014583 0.060185
0 0.436198 0.974537 0.011979 0.045370
0 0.417708 0.928704 0.013542 0.051852
0 0.490885 0.145833 0.014063 0.056481
0 0.464062 0.044907 0.010417 0.050926
0 0.733594 0.697685 0.024479 0.021296
0 0.579427 0.345370 0.026562 0.037037
0 0.438021 0.638426 0.013542 0.054630
0 0.414323 0.610648 0.011979 0.054630
0 0.076823 0.594907 0.031771 0.023148
0 0.655469 0.712963 0.023438 0.020370
0 0.667448 0.387500 0.026562 0.021296
0 0.485677 0.318981 0.010937 0.047222
0 0.215885 0.668056 0.022396 0.028704
0 0.423177 0.406944 0.010937 0.062037
0 0.488802 0.502778 0.011979 0.050000
0 0.166146 0.666667 0.025000 0.022222
0 0.400260 0.241204 0.015104 0.049074
0 0.422396 0.300463 0.010417 0.047222
0 0.826042 0.392130 0.026042 0.021296
0 0.489323 0.655093 0.015104 0.058333
0 0.506771 0.793981 0.011458 0.049074
0 0.444271 0.200926 0.009375 0.044444
0 0.011198 0.520833 0.018229 0.021296
0 0.061198 0.559259 0.028646 0.022222
0 0.426042 0.190741 0.010417 0.051852
0 0.099740 0.701852 0.026562 0.022222
0 0.444271 0.088889 0.011458 0.046296
0 0.428385 0.062963 0.010937 0.050000
