0 0.749219 0.530093 0.034896 0.026852
0 0.915885 0.455556 0.028646 0.024074
0 0.874219 0.458333 0.032813 0.024074
0 0.188542 0.592130 0.035417 0.030556
0 0.050000 0.664815 0.031250 0.027778
0 0.832031 0.460185 0.034896 0.027778
0 0.093490 0.629167 0.034896 0.026852
0 0.138542 0.664352 0.038542 0.032407
0 0.230208 0.697222 0.034375 0.027778
0 0.147135 0.588889 0.027604 0.027778
0 0.746094 0.493056 0.028646 0.025000
0 0.792448 0.495370 0.026562 0.027778
0 0.060417 0.593981 0.039583 0.030556
0 0.105990 0.590741 0.032813 0.025926
0 0.261719 0.627315 0.032813 0.030556
0 0.744531 0.458796 0.028646 0.025000
0 0.230208 0.592130 0.037500 0.032407
0 0.788542 0.460648 0.032292 0.026852
0 0.912240 0.562500 0.026562 0.023148
0 0.222135 0.662037 0.035937 0.033333
0 0.094531 0.665278 0.031771 0.028704
0 0.189062 0.698148 0.035417 0.031481
0 0.871354 0.564352 0.027083 0.023148
0 0.274740 0.592593 0.033854 0.027778
0 0.841146 0.526852 0.033333 0.027778
0 0.926562 0.421296 0.034375 0.027778
0 0.800781 0.529167 0.031771 0.028704
0 0.133594 0.629630 0.031771 0.027778
0 0.746615 0.565278 0.027604 0.023148
0 0.269010 0.694907 0.030729 0.025000
0 0.782813 0.566667 0.028125 0.024074
0 0.975000 0.489352 0.029167 0.025000
0 0.226302 0.553704 0.035937 0.031481
0 0.262240 0.662500 0.040104 0.028704
0 0.176823 0.628704 0.038021 0.031481
0 0.054688 0.701389 0.035417 0.030556
0 0.882552 0.526389 0.031771 0.025000
0 0.270313 0.557870 0.036458 0.030556
0 0.958594 0.454630 0.038021 0.027778
0 0.182031 0.662500 0.036979 0.030556
0 0.877865 0.492593 0.039062 0.029630
0 0.039844 0.631481 0.032813 0.029630
0 0.919271 0.491204 0.029167 0.026852
0 0.215885 0.626852 0.038021 0.031481
0 0.192448 0.244907 0.014063 0.062037
0 0.453906 0.162963 0.010937 0.040741
0 0.824740 0.566667 0.027604 0.024074
0 0.954688 0.562037 0.028125 0.022222
0 0.042448 0.134722 0.017188 0.071296
0 0.434375 0.155093 0.014583 0.058333
0 0.047917 0.282407 0.015625 0.046296
0 0.113281 0.279167 0.017188 0.062037
0 0.182031 0.556944 0.034896 0.032407
0 0.826562 0.492130 0.027083 0.028704
0 0.015104 0.701389 0.030208 0.028704
2 0.974479 0.417593 0.047917 0.031481
0 0.452865 0.102778 0.015104 0.059259
0 0.004687 0.281944 0.009375 0.060185
2 0.772656 0.422685 0.089063 0.034259
0 0.803385 0.630556 0.028646 0.024074
0 0.435156 0.088889 0.010937 0.050000
0 0.018490 0.272222 0.022396 0.064815
0 0.006510 0.666667 0.011979 0.031481
2 0.949740 0.528704 0.090104 0.037037
0 0.439583 0.767593 0.018750 0.050000
0 0.745313 0.787500 0.015625 0.032407
0 0.137500 0.472222 0.032292 0.027778
0 0.452344 0.030556 0.011979 0.055556
0 0.421875 0.966667 0.016667 0.057407
0 0.354427 0.510185 0.024479 0.040741
0 0.375521 0.480556 0.032292 0.044444
0 0.729427 0.621759 0.026562 0.026852
0 0.346354 0.734722 0.026042 0.025000
0 0.426302 0.657407 0.021354 0.057407
0 0.633333 0.580093 0.028125 0.036111
0 0.116927 0.701389 0.066146 0.045370
0 0.601302 0.589352 0.025521 0.039815
0 0.514062 0.394444 0.021875 0.059259
0 0.459896 0.884722 0.016667 0.050926
0 0.415104 0.219907 0.010417 0.049074
0 0.470052 0.123148 0.010937 0.046296
2 0.862500 0.417593 0.094792 0.038889
