0 0.109115 0.254167 0.011979 0.052778
0 0.008333 0.126852 0.012500 0.037037
0 0.465885 0.121759 0.010937 0.052778
0 0.464062 0.050000 0.009375 0.037037
0 0.056510 0.105556 0.018229 0.055556
0 0.043490 0.255093 0.014063 0.039815
0 0.721094 0.430093 0.029687 0.021296
0 0.761979 0.434259 0.028125 0.020370
0 0.258333 0.640278 0.026042 0.021296
0 0.871094 0.471759 0.026562 0.019444
0 0.733073 0.464352 0.026562 0.021296
0 0.729167 0.531481 0.027083 0.020370
0 0.777344 0.467593 0.024479 0.020370
0 0.800521 0.433796 0.026042 0.019444
0 0.806250 0.537500 0.027083 0.019444
0 0.836719 0.432407 0.025521 0.020370
0 0.767708 0.533796 0.027083 0.021296
0 0.738802 0.500463 0.028646 0.019444
0 0.827604 0.468981 0.027083 0.021296
0 0.776823 0.501389 0.026562 0.019444
0 0.250521 0.604167 0.023958 0.023148
0 0.848958 0.537500 0.027083 0.019444
0 0.817187 0.501852 0.026042 0.020370
0 0.208854 0.605093 0.032292 0.025000
0 0.255990 0.675000 0.028646 0.022222
0 0.889844 0.537037 0.028646 0.018519
0 0.214323 0.638426 0.027604 0.021296
0 0.910937 0.474074 0.026042 0.020370
0 0.163802 0.606481 0.027604 0.022222
0 0.173958 0.635648 0.026042 0.021296
0 0.119271 0.601852 0.029167 0.020370
0 0.861719 0.504167 0.029687 0.023148
0 0.204427 0.672685 0.030729 0.023148
0 0.948958 0.470833 0.026042 0.021296
0 0.957812 0.440741 0.025000 0.016667
0 0.126302 0.640278 0.029687 0.023148
0 0.929427 0.538426 0.027604 0.021296
0 0.899740 0.504167 0.022396 0.021296
0 0.066406 0.603241 0.027604 0.023148
0 0.966927 0.541667 0.027604 0.022222
0 0.031771 0.633796 0.030208 0.023148
0 0.254688 0.536111 0.023958 0.022222
0 0.935937 0.505556 0.026042 0.020370
0 0.022656 0.600000 0.028646 0.020370
0 0.978385 0.506481 0.026562 0.018519
0 0.773177 0.573148 0.025521 0.020370
0 0.738281 0.572222 0.026562 0.020370
0 0.254427 0.569444 0.024479 0.022222
0 0.809896 0.574074 0.028125 0.022222
0 0.215885 0.572685 0.027604 0.023148
0 0.848698 0.577315 0.027604 0.023148
0 0.884896 0.575926 0.026042 0.022222
0 0.996615 0.542593 0.005729 0.020370
0 0.923698 0.577315 0.024479 0.023148
0 0.129948 0.187963 0.013021 0.040741
0 0.216667 0.535185 0.023958 0.018519
0 0.959375 0.577778 0.036458 0.025926
0 0.886719 0.434722 0.047396 0.025000
0 0.491146 0.025000 0.012500 0.050000
0 0.451042 0.829630 0.013542 0.048148
0 0.166667 0.569444 0.029167 0.022222
0 0.727604 0.693056 0.025000 0.023148
0 0.508854 0.750463 0.014583 0.025000
0 0.532031 0.269444 0.015104 0.048148
0 0.607812 0.970370 0.035417 0.051852
0 0.445312 0.142593 0.013542 0.053704
0 0.468229 0.003704 0.015625 0.007407
0 0.427865 0.141667 0.009896 0.057407
0 0.490885 0.259722 0.011979 0.058333
0 0.517448 0.388426 0.010937 0.058333
0 0.489323 0.470370 0.010937 0.051852
0 0.432031 0.707870 0.018229 0.050926
0 0.446875 0.072222 0.010417 0.053704
0 0.485677 0.847222 0.013021 0.055556
0 0.487240 0.614352 0.014063 0.060185
0 0.429688 0.063426 0.010417 0.050926
0 0.077604 0.634259 0.029167 0.020370
0 0.119792 0.674537 0.052083 0.036111
0 0.827344 0.394907 0.027604 0.021296
0 0.447917 0.009722 0.012500 0.019444
0 0.547917 0.806481 0.023958 0.055556
0 0.991667 0.576852 0.014583 0.024074
0 0.186198 0.225463 0.011979 0.049074
0 0.410417 0.970370 0.009375 0.044444
0 0.410677 0.100000 0.010937 0.048148
0 0.430208 0.010185 0.014583 0.020370
0 0.460677 0.976389 0.033854 0.045370
0 0.944271 0.399074 0.026042 0.016667
