0 0.184375 0.237500 0.016667 0.058333
0 0.105990 0.269907 0.015104 0.058333
0 0.006510 0.144907 0.011979 0.039815
0 0.732812 0.564815 0.027083 0.022222
0 0.343750 0.539815 0.026042 0.022222
0 0.410156 0.536111 0.030729 0.033333
0 0.775260 0.566204 0.030729 0.025000
0 0.288021 0.548611 0.026042 0.019444
0 0.333594 0.574074 0.025521 0.022222
0 0.207813 0.578241 0.027083 0.023148
0 0.819271 0.568056 0.025000 0.023148
0 0.132812 0.583333 0.027083 0.022222
0 0.860677 0.565741 0.029687 0.025926
0 0.090104 0.583796 0.026042 0.023148
0 0.902083 0.566204 0.029167 0.025000
0 0.204427 0.548611 0.023438 0.019444
0 0.051302 0.587963 0.028646 0.024074
0 0.939323 0.566667 0.028646 0.024074
0 0.135677 0.546759 0.026562 0.021296
0 0.972135 0.566204 0.030729 0.025000
0 0.008854 0.584722 0.017708 0.023148
0 0.427344 0.138426 0.013021 0.052778
0 0.082031 0.547685 0.028646 0.023148
0 0.041927 0.550000 0.026562 0.022222
0 0.443490 0.138889 0.010937 0.048148
0 0.427344 0.055093 0.010937 0.050926
0 0.443229 0.068056 0.009375 0.045370
0 0.007292 0.549074 0.014583 0.025926
0 0.463021 0.164815 0.012500 0.055556
0 0.009375 0.259259 0.015625 0.048148
0 0.034896 0.125926 0.011458 0.048148
0 0.050260 0.122685 0.020313 0.056481
0 0.061458 0.496759 0.027083 0.023148
0 0.046615 0.460185 0.023438 0.022222
0 0.030469 0.417130 0.028646 0.025000
0 0.150260 0.473148 0.024479 0.022222
0 0.126823 0.442130 0.027604 0.023148
0 0.284115 0.407407 0.026562 0.022222
0 0.232292 0.420833 0.027083 0.021296
0 0.973177 0.642593 0.030729 0.024074
0 0.121354 0.501389 0.025000 0.019444
0 0.329167 0.441204 0.026042 0.019444
0 0.279687 0.443056 0.026042 0.021296
0 0.186458 0.407407 0.029167 0.024074
0 0.219010 0.470370 0.026562 0.022222
0 0.914583 0.680556 0.028125 0.022222
0 0.341146 0.408796 0.026042 0.019444
0 0.880729 0.652778 0.028125 0.022222
0 0.836198 0.688889 0.028646 0.022222
0 0.272396 0.500926 0.028125 0.024074
0 0.153125 0.274074 0.031250 0.035185
0 0.312240 0.472222 0.025521 0.018519
0 0.821615 0.644907 0.029687 0.021296
0 0.400781 0.448611 0.027604 0.021296
0 0.739583 0.684259 0.028125 0.025926
0 0.399479 0.407407 0.028125 0.024074
0 0.920573 0.611111 0.028646 0.022222
0 0.738542 0.641667 0.027083 0.024074
0 0.541927 0.647222 0.025521 0.025926
0 0.562500 0.688889 0.026042 0.024074
0 0.738542 0.458796 0.023958 0.023148
0 0.649219 0.682407 0.025521 0.024074
0 0.817708 0.610185 0.027083 0.022222
0 0.735417 0.426852 0.026042 0.022222
0 0.784896 0.420833 0.028125 0.023148
0 0.433333 0.486111 0.027083 0.025926
0 0.655208 0.648611 0.027083 0.021296
0 0.361979 0.502778 0.025000 0.022222
0 0.774479 0.459722 0.026042 0.023148
0 0.684115 0.615278 0.026562 0.023148
0 0.823177 0.424537 0.028646 0.023148
0 0.811458 0.458333 0.026042 0.022222
0 0.557813 0.335185 0.030208 0.040741
0 0.595313 0.611111 0.029167 0.022222
0 0.852344 0.459259 0.028646 0.022222
0 0.737500 0.493519 0.026042 0.022222
0 0.415365 0.613426 0.028646 0.025000
0 0.447656 0.651389 0.027604 0.021296
0 0.357812 0.760648 0.022917 0.034259
0 0.467187 0.682407 0.026042 0.020370
0 0.867448 0.421759 0.027604 0.021296
0 0.040625 0.273148 0.016667 0.048148
0 0.779948 0.494907 0.026562 0.023148
0 0.329167 0.654167 0.021875 0.019444
0 0.917448 0.424537 0.029687 0.023148
0 0.897135 0.460185 0.027604 0.022222
0 0.384896 0.312963 0.020833 0.044444
0 0.233073 0.651852 0.025521 0.020370
0 0.737500 0.528704 0.027083 0.022222
0 0.296875 0.618056 0.031250 0.023148
0 0.238802 0.722222 0.028646 0.022222
0 0.159635 0.650926 0.026562 0.018519
0 0.660937 0.393056 0.028125 0.023148
0 0.937760 0.458333 0.025521 0.022222
0 0.959635 0.426852 0.026562 0.022222
0 0.183073 0.616667 0.030729 0.024074
0 0.094531 0.652315 0.028646 0.021296
0 0.196615 0.684722 0.025521 0.019444
0 0.126302 0.618056 0.031771 0.025000
0 0.148698 0.684722 0.025521 0.021296
0 0.980729 0.458796 0.031250 0.025000
0 0.858333 0.493981 0.028125 0.023148
0 0.878906 0.529167 0.028646 0.025000
0 0.039583 0.655556 0.029167 0.024074
