0 0.109635 0.254630 0.011979 0.051852
0 0.009115 0.127778 0.013021 0.035185
0 0.044531 0.257407 0.014063 0.040741
0 0.128646 0.229167 0.028125 0.043519
0 0.805729 0.472685 0.026042 0.021296
0 0.255208 0.537037 0.026042 0.022222
0 0.773438 0.576389 0.023958 0.019444
0 0.738802 0.574537 0.025521 0.021296
0 0.255208 0.571296 0.023958 0.022222
0 0.809896 0.576852 0.028125 0.022222
0 0.219531 0.573611 0.027604 0.021296
0 0.848698 0.581944 0.029687 0.023148
0 0.884635 0.579167 0.027604 0.023148
0 0.036458 0.481019 0.026042 0.023148
0 0.922917 0.581019 0.025000 0.021296
0 0.217188 0.535648 0.023958 0.017593
0 0.959375 0.581944 0.036458 0.025000
0 0.167187 0.570833 0.028125 0.023148
0 0.446094 0.145833 0.014063 0.052778
0 0.428646 0.142593 0.011458 0.057407
0 0.447656 0.074074 0.009896 0.053704
0 0.430208 0.065278 0.011458 0.054630
0 0.992448 0.581944 0.014063 0.023148
0 0.132812 0.401852 0.030208 0.024074
0 0.179167 0.531019 0.026042 0.019444
0 0.465885 0.127778 0.010937 0.051852
0 0.468490 0.057870 0.010937 0.052778
0 0.042448 0.408796 0.028646 0.019444
0 0.203906 0.365278 0.026562 0.023148
0 0.174219 0.456944 0.039062 0.025000
0 0.089323 0.442130 0.028646 0.023148
0 0.948177 0.665741 0.026562 0.024074
0 0.101042 0.484259 0.030208 0.025926
0 0.970833 0.627315 0.028125 0.021296
0 0.209635 0.422222 0.028646 0.024074
0 0.515104 0.024074 0.010417 0.048148
0 0.725781 0.660648 0.025521 0.021296
0 0.252865 0.455556 0.027604 0.022222
0 0.225521 0.495370 0.026042 0.020370
0 0.880729 0.695370 0.029167 0.024074
0 0.521875 0.220833 0.023958 0.056481
0 0.355208 0.471296 0.026042 0.022222
0 0.805208 0.657870 0.027083 0.021296
0 0.316406 0.502778 0.026562 0.024074
0 0.626823 0.622222 0.025521 0.020370
0 0.363021 0.444907 0.026042 0.021296
0 0.311198 0.418981 0.033854 0.028704
0 0.764583 0.686574 0.025000 0.019444
0 0.382552 0.516204 0.028646 0.025000
0 0.434115 0.487500 0.027604 0.023148
0 0.650000 0.437963 0.027083 0.024074
0 0.456250 0.456019 0.026042 0.023148
0 0.517969 0.458796 0.028646 0.025000
0 0.569010 0.424074 0.027604 0.024074
0 0.659375 0.686111 0.027083 0.022222
0 0.506250 0.683796 0.027083 0.021296
0 0.587500 0.653241 0.028125 0.021296
0 0.530469 0.623148 0.026562 0.022222
0 0.511458 0.490278 0.032292 0.021296
0 0.445312 0.527315 0.028125 0.023148
0 0.370052 0.611574 0.027604 0.023148
0 0.621615 0.399074 0.023438 0.020370
0 0.516667 0.527315 0.028125 0.025000
0 0.458594 0.612500 0.025521 0.019444
0 0.649219 0.500926 0.025521 0.022222
0 0.330469 0.646296 0.025521 0.022222
0 0.420573 0.414815 0.074479 0.031481
0 0.435156 0.647222 0.025521 0.018519
0 0.710677 0.433796 0.027604 0.023148
0 0.426042 0.682407 0.027083 0.020370
0 0.611979 0.465278 0.025000 0.021296
0 0.717187 0.399537 0.025000 0.021296
0 0.311719 0.610648 0.026562 0.021296
0 0.331250 0.681019 0.023958 0.019444
0 0.750260 0.506019 0.025521 0.023148
0 0.778906 0.434259 0.028646 0.022222
0 0.155208 0.674537 0.027083 0.023148
0 0.169271 0.610185 0.028125 0.024074
0 0.722917 0.469907 0.025000 0.021296
0 0.392188 0.925463 0.012500 0.047222
0 0.240104 0.607870 0.027083 0.021296
0 0.849740 0.436111 0.030729 0.025926
0 0.224740 0.678241 0.026562 0.019444
1 0.421615 0.414352 0.068229 0.034259
0 0.246875 0.642130 0.026042 0.019444
0 0.938281 0.511111 0.027604 0.024074
0 0.892188 0.474074 0.027083 0.024074
0 0.871094 0.512963 0.029687 0.024074
0 0.895833 0.435648 0.026042 0.023148
0 0.467187 0.007407 0.014583 0.014815
0 0.431250 0.012037 0.012500 0.024074
0 0.007031 0.448148 0.014063 0.022222
0 0.901563 0.396759 0.030208 0.021296
0 0.955208 0.432870 0.030208 0.025000
0 0.033333 0.530093 0.030208 0.025000
0 0.020833 0.562037 0.020833 0.020370
0 0.082812 0.674537 0.031250 0.023148
0 0.060417 0.600926 0.029167 0.024074
0 0.069792 0.635185 0.029167 0.024074
0 0.986198 0.475000 0.015104 0.024074
0 0.996615 0.443981 0.005729 0.021296
