0 0.005729 0.433796 0.011458 0.019444
0 0.070573 0.433796 0.027604 0.021296
0 0.176823 0.422685 0.027604 0.021296
0 0.214323 0.471759 0.025521 0.023148
0 0.274479 0.471296 0.025000 0.018519
0 0.133854 0.468981 0.026042 0.023148
0 0.340104 0.447222 0.025000 0.020370
0 0.379427 0.469907 0.028646 0.021296
0 0.239063 0.441667 0.027083 0.022222
0 0.045833 0.466667 0.026042 0.022222
0 0.118750 0.405093 0.027083 0.021296
0 0.499219 0.450926 0.026562 0.020370
0 0.917708 0.632407 0.028125 0.022222
0 0.341927 0.494907 0.025521 0.019444
0 0.267188 0.563889 0.022917 0.018519
0 0.598698 0.611111 0.024479 0.020370
0 0.431510 0.502778 0.023438 0.020370
0 0.233333 0.560185 0.025000 0.018519
0 0.441927 0.471759 0.025521 0.023148
0 0.609375 0.569444 0.026042 0.022222
0 0.671094 0.637500 0.021354 0.017593
0 0.642969 0.568519 0.022396 0.022222
0 0.517188 0.513426 0.027083 0.023148
0 0.194792 0.560185 0.026042 0.018519
0 0.048698 0.244444 0.011979 0.038889
0 0.496354 0.606944 0.026042 0.021296
0 0.584635 0.647222 0.027604 0.022222
0 0.684635 0.567593 0.025521 0.020370
0 0.526563 0.637500 0.025000 0.021296
0 0.722396 0.566667 0.026042 0.022222
0 0.267188 0.527778 0.026042 0.018519
0 0.593490 0.454630 0.023438 0.022222
0 0.225260 0.524074 0.025521 0.018519
0 0.812760 0.575463 0.026562 0.023148
0 0.958073 0.697222 0.028646 0.022222
0 0.154167 0.554630 0.026042 0.020370
0 0.850000 0.574074 0.021875 0.020370
0 0.854167 0.661574 0.028125 0.021296
0 0.183333 0.522222 0.027083 0.022222
0 0.117448 0.554630 0.025521 0.020370
0 0.434635 0.140741 0.011979 0.055556
0 0.139844 0.522222 0.024479 0.018519
0 0.728385 0.671296 0.027604 0.022222
0 0.452083 0.058796 0.011458 0.050926
0 0.608073 0.969444 0.032813 0.050000
0 0.457031 0.421296 0.022396 0.020370
0 0.098437 0.522685 0.022917 0.017593
0 0.073958 0.553241 0.028125 0.021296
0 0.059115 0.519907 0.026562 0.019444
0 0.018490 0.511574 0.026562 0.021296
0 0.040104 0.550463 0.023958 0.019444
0 0.003906 0.550000 0.007812 0.024074
0 0.078385 0.357870 0.028646 0.021296
0 0.469010 0.120370 0.011979 0.048148
0 0.030469 0.389815 0.028646 0.022222
0 0.348698 0.322685 0.027604 0.030556
0 0.882552 0.701389 0.028646 0.023148
0 0.774740 0.572685 0.026562 0.021296
0 0.634896 0.681481 0.027083 0.020370
0 0.449740 0.639815 0.024479 0.020370
0 0.524479 0.425000 0.025000 0.020370
0 0.408594 0.237500 0.010937 0.047222
0 0.578125 0.416667 0.026042 0.022222
0 0.534635 0.483333 0.023438 0.022222
0 0.512240 0.678704 0.021354 0.020370
0 0.427083 0.604630 0.025000 0.020370
0 0.434375 0.062500 0.011458 0.047222
0 0.640365 0.521296 0.022396 0.020370
0 0.695573 0.460648 0.026562 0.023148
0 0.365625 0.637500 0.027083 0.021296
0 0.404167 0.674537 0.026042 0.023148
0 0.779427 0.463889 0.024479 0.022222
0 0.324219 0.600926 0.023438 0.022222
0 0.686458 0.495833 0.028125 0.021296
0 0.706510 0.534259 0.025521 0.022222
0 0.640365 0.422685 0.026562 0.023148
0 0.776042 0.501389 0.027083 0.023148
0 0.914844 0.579167 0.031771 0.025000
0 0.305469 0.667130 0.025521 0.021296
0 0.213281 0.593981 0.027604 0.023148
0 0.247396 0.631481 0.027083 0.022222
0 0.754687 0.429167 0.025000 0.023148
0 0.801302 0.535648 0.025521 0.019444
0 0.226042 0.665741 0.027083 0.020370
0 0.994271 0.593519 0.010417 0.020370
0 0.415104 0.164352 0.010417 0.049074
0 0.875521 0.437037 0.029167 0.024074
0 0.108594 0.627778 0.026562 0.022222
0 0.077344 0.588426 0.028646 0.023148
0 0.863542 0.397222 0.027083 0.020370
0 0.969792 0.472685 0.027083 0.023148
0 0.928906 0.540278 0.028646 0.023148
1 0.363281 0.414352 0.072396 0.030556
0 0.927083 0.507870 0.019792 0.021296
0 0.955990 0.434722 0.024479 0.021296
0 0.046094 0.659722 0.026562 0.023148
0 0.984375 0.511111 0.026042 0.022222
