0 0.261979 0.595370 0.029167 0.022222
0 0.823177 0.470833 0.028646 0.023148
0 0.822135 0.536111 0.027604 0.022222
0 0.785677 0.499537 0.026562 0.023148
0 0.734115 0.533796 0.026562 0.019444
0 0.227083 0.631481 0.031250 0.025926
0 0.173698 0.594907 0.025521 0.023148
0 0.866927 0.470833 0.029687 0.023148
0 0.854688 0.438426 0.027083 0.019444
0 0.268229 0.631019 0.028125 0.021296
0 0.865885 0.506481 0.027604 0.020370
0 0.133594 0.587963 0.024479 0.022222
0 0.739583 0.425463 0.028125 0.023148
0 0.907031 0.509259 0.024479 0.018519
0 0.740104 0.462037 0.029167 0.022222
0 0.212240 0.592593 0.027604 0.024074
0 0.778646 0.429630 0.023958 0.022222
0 0.774740 0.535185 0.026562 0.018519
0 0.824219 0.503704 0.029687 0.024074
0 0.777344 0.466667 0.026562 0.024074
0 0.738281 0.500000 0.027604 0.020370
0 0.468750 0.141667 0.011458 0.055556
0 0.945573 0.473148 0.028646 0.020370
0 0.950781 0.507870 0.027604 0.021296
0 0.909896 0.472222 0.028125 0.022222
0 0.863802 0.540741 0.030729 0.024074
0 0.471875 0.062963 0.016667 0.061111
0 0.819792 0.432870 0.028125 0.021296
0 0.265885 0.664815 0.024479 0.020370
0 0.985938 0.474074 0.026042 0.022222
0 0.082812 0.587037 0.027083 0.022222
0 0.909115 0.542593 0.025521 0.020370
0 0.266667 0.561574 0.023958 0.021296
0 0.175260 0.627778 0.027604 0.024074
0 0.037760 0.584259 0.028646 0.020370
0 0.951823 0.541204 0.024479 0.023148
0 0.233073 0.557407 0.025521 0.018519
0 0.989844 0.513426 0.019271 0.021296
0 0.742188 0.568981 0.028125 0.023148
0 0.119271 0.625463 0.023958 0.021296
0 0.776823 0.574537 0.024479 0.021296
0 0.988021 0.543981 0.020833 0.021296
0 0.195052 0.557407 0.025521 0.020370
0 0.048698 0.242130 0.013021 0.039815
0 0.002865 0.579630 0.005729 0.022222
0 0.058333 0.621296 0.028125 0.022222
0 0.819792 0.574074 0.026042 0.024074
0 0.222917 0.662500 0.028125 0.023148
0 0.014583 0.621296 0.023958 0.020370
0 0.858594 0.574074 0.029687 0.025926
0 0.526563 0.078704 0.013542 0.046296
0 0.182812 0.659259 0.027083 0.024074
0 0.267188 0.525463 0.026042 0.019444
0 0.909375 0.579630 0.032292 0.022222
0 0.528125 0.175463 0.014583 0.054630
0 0.143490 0.659259 0.028646 0.024074
0 0.225000 0.521759 0.026042 0.019444
0 0.946354 0.580093 0.027083 0.025000
0 0.444531 0.366667 0.011979 0.055556
0 0.540365 0.261574 0.021354 0.049074
0 0.101562 0.659259 0.027083 0.024074
0 0.577865 0.337963 0.032813 0.040741
0 0.154167 0.552778 0.025000 0.020370
0 0.046094 0.096759 0.009896 0.050926
0 0.622917 0.375463 0.027083 0.026852
0 0.980208 0.581019 0.023958 0.019444
0 0.508854 0.011111 0.007292 0.022222
0 0.484115 0.977315 0.019271 0.041667
0 0.496615 0.151852 0.013021 0.057407
0 0.056250 0.654167 0.027083 0.021296
0 0.439063 0.993519 0.006250 0.012963
0 0.497917 0.303704 0.011458 0.053704
0 0.415625 0.924074 0.012500 0.053704
0 0.441667 0.875926 0.012500 0.057407
0 0.136458 0.175926 0.012500 0.050000
0 0.678646 0.388889 0.029167 0.024074
0 0.494271 0.448148 0.013542 0.062963
0 0.442969 0.748148 0.013021 0.050000
0 0.519010 0.347222 0.011979 0.053704
0 0.420833 0.763889 0.014583 0.055556
0 0.323437 0.710185 0.023958 0.025926
0 0.030208 0.403704 0.028125 0.024074
0 0.517188 0.467593 0.012500 0.055556
0 0.427344 0.628241 0.011979 0.058333
0 0.445052 0.504630 0.011979 0.053704
0 0.492708 0.561574 0.009375 0.049074
0 0.425260 0.506944 0.013021 0.056481
0 0.519792 0.608796 0.012500 0.054630
0 0.176302 0.698611 0.024479 0.021296
0 0.161719 0.516667 0.026562 0.020370
0 0.489844 0.720833 0.011979 0.052778
0 0.549219 0.843056 0.023438 0.054630
0 0.428385 0.286111 0.017188 0.059259
0 0.869531 0.394444 0.028646 0.022222
0 0.496615 0.833333 0.013021 0.051852
0 0.036719 0.546759 0.020313 0.017593
0 0.452344 0.069444 0.015104 0.055556
0 0.433333 0.046296 0.018750 0.050000
