0 0.465625 0.131019 0.010417 0.049074
0 0.196354 0.330093 0.035417 0.025000
0 0.865365 0.498148 0.026562 0.022222
0 0.774479 0.461111 0.026042 0.020370
0 0.731771 0.424074 0.025000 0.020370
0 0.735417 0.458796 0.023958 0.019444
0 0.739844 0.494907 0.028646 0.019444
0 0.728125 0.528704 0.022917 0.020370
0 0.783333 0.496759 0.025000 0.019444
0 0.773958 0.425926 0.026042 0.020370
0 0.824219 0.462500 0.027604 0.023148
0 0.871094 0.462037 0.026562 0.020370
0 0.817969 0.425926 0.025521 0.020370
0 0.914062 0.465278 0.028125 0.021296
0 0.821094 0.498148 0.025521 0.020370
0 0.860938 0.431944 0.025000 0.019444
0 0.769531 0.529167 0.026562 0.021296
0 0.904167 0.430556 0.028125 0.022222
0 0.961198 0.467593 0.027604 0.020370
0 0.905990 0.500000 0.026562 0.020370
0 0.944531 0.431944 0.024479 0.017593
0 0.959635 0.500000 0.034896 0.024074
0 0.806771 0.531019 0.022917 0.019444
0 0.254948 0.635648 0.025521 0.021296
0 0.851302 0.531481 0.025521 0.020370
0 0.893750 0.535185 0.026042 0.020370
0 0.261458 0.526389 0.028125 0.021296
0 0.219010 0.528241 0.027604 0.023148
0 0.729167 0.567593 0.026042 0.020370
0 0.259635 0.600926 0.026562 0.022222
0 0.258073 0.566667 0.027604 0.024074
0 0.938542 0.535185 0.029167 0.020370
0 0.762500 0.566667 0.022917 0.020370
0 0.996354 0.502315 0.006250 0.017593
0 0.981510 0.536111 0.025521 0.020370
0 0.804167 0.568981 0.025000 0.021296
0 0.182031 0.529167 0.026562 0.021296
0 0.833073 0.566667 0.022396 0.020370
0 0.217188 0.635185 0.026042 0.022222
0 0.145833 0.531481 0.026042 0.020370
0 0.867188 0.573611 0.025000 0.019444
0 0.996615 0.466204 0.005729 0.017593
0 0.903385 0.570833 0.026562 0.021296
0 0.490365 0.125463 0.011979 0.056481
0 0.173698 0.636111 0.026562 0.020370
0 0.938542 0.569907 0.026042 0.019444
0 0.133073 0.635648 0.025521 0.021296
0 0.221875 0.601852 0.026042 0.022222
0 0.180990 0.601389 0.028646 0.025000
0 0.102604 0.528241 0.028125 0.023148
0 0.086979 0.631944 0.030208 0.021296
0 0.977865 0.569444 0.028646 0.020370
0 0.044531 0.631019 0.028646 0.021296
0 0.060417 0.526852 0.027083 0.022222
0 0.125781 0.599074 0.026562 0.024074
0 0.447917 0.049537 0.010417 0.049074
0 0.447396 0.134259 0.011458 0.046296
0 0.079167 0.597222 0.035417 0.022222
0 0.216146 0.672685 0.019792 0.025000
0 0.177865 0.669444 0.024479 0.020370
0 0.501302 0.231481 0.011979 0.048148
0 0.169792 0.563426 0.030208 0.025000
0 0.212500 0.566667 0.026042 0.022222
0 0.007812 0.629630 0.014583 0.024074
0 0.408594 0.984722 0.007812 0.030556
0 0.465104 0.047685 0.011458 0.050926
0 0.029687 0.597222 0.025000 0.022222
0 0.429688 0.049537 0.010417 0.049074
0 0.138021 0.670370 0.027083 0.022222
0 0.401302 0.816667 0.023438 0.051852
0 0.485417 0.331944 0.012500 0.052778
0 0.464062 0.897222 0.010417 0.046296
0 0.442708 0.923611 0.012500 0.047222
0 0.984896 0.427315 0.030208 0.030556
0 0.422656 0.885185 0.008854 0.048148
0 0.132552 0.186111 0.014063 0.050000
0 0.412240 0.112037 0.009896 0.048148
0 0.370312 0.746759 0.023958 0.037963
0 0.971094 0.757407 0.023438 0.018519
0 0.011198 0.524537 0.018229 0.017593
0 0.873177 0.699537 0.022396 0.019444
0 0.428385 0.132407 0.010937 0.051852
0 0.192708 0.384259 0.027083 0.022222
0 0.321094 0.351389 0.024479 0.032407
0 0.045312 0.254167 0.013542 0.043519
0 0.085156 0.668519 0.029687 0.022222
0 0.489063 0.616667 0.012500 0.053704
0 0.005208 0.596759 0.010417 0.023148
0 0.493490 0.483796 0.011979 0.054630
