0 0.281771 0.581944 0.025000 0.019444
0 0.225781 0.587037 0.023438 0.018519
0 0.096354 0.590278 0.030208 0.025000
0 0.164844 0.588889 0.027604 0.022222
0 0.345313 0.567593 0.029167 0.025926
0 0.901042 0.564352 0.027083 0.021296
0 0.847656 0.566667 0.027604 0.022222
0 0.410156 0.524537 0.027604 0.032407
0 0.725260 0.566204 0.023438 0.019444
0 0.979688 0.566667 0.027083 0.020370
0 0.765104 0.567130 0.026042 0.021296
0 0.384896 0.497685 0.027083 0.034259
0 0.450000 0.464815 0.028125 0.050000
0 0.183073 0.243519 0.011979 0.055556
0 0.444531 0.162500 0.011979 0.039815
0 0.943750 0.564815 0.029167 0.022222
0 0.425781 0.157407 0.016146 0.051852
0 0.104688 0.277315 0.013542 0.054630
0 0.287760 0.544907 0.024479 0.017593
0 0.442708 0.101389 0.013542 0.056481
0 0.425521 0.089352 0.010417 0.047222
2 0.577865 0.565741 0.097396 0.038889
0 0.461979 0.073611 0.014583 0.062037
0 0.461458 0.142130 0.011458 0.052778
0 0.805469 0.568056 0.025521 0.021296
0 0.006771 0.469907 0.013542 0.021296
0 0.887240 0.492130 0.025521 0.021296
0 0.187760 0.552778 0.029687 0.020370
0 0.068490 0.420833 0.026562 0.021296
0 0.016927 0.506481 0.029687 0.022222
0 0.133333 0.463426 0.023958 0.017593
0 0.085156 0.554630 0.029687 0.024074
0 0.011719 0.405556 0.023438 0.022222
0 0.082812 0.506944 0.026042 0.021296
0 0.164323 0.421296 0.027604 0.020370
0 0.214844 0.443981 0.028646 0.019444
0 0.989323 0.617130 0.021354 0.019444
0 0.065104 0.470370 0.025000 0.018519
0 0.034635 0.556019 0.026562 0.019444
0 0.962240 0.647222 0.026562 0.020370
0 0.215365 0.410185 0.026562 0.022222
0 0.898698 0.649074 0.025521 0.018519
0 0.147135 0.503241 0.025521 0.021296
0 0.737240 0.530093 0.022396 0.019444
0 0.282813 0.443519 0.025000 0.020370
0 0.011719 0.590278 0.021354 0.021296
0 0.899479 0.617130 0.028125 0.021296
0 0.249219 0.384722 0.024479 0.019444
0 0.332292 0.440278 0.025000 0.017593
0 0.323958 0.470833 0.027083 0.021296
0 0.188542 0.481019 0.027083 0.023148
0 0.005469 0.552315 0.010937 0.023148
0 0.919010 0.685185 0.026562 0.022222
0 0.742448 0.458333 0.026562 0.022222
0 0.735677 0.649074 0.029687 0.020370
0 0.725781 0.425926 0.026562 0.020370
0 0.380469 0.426389 0.027604 0.025000
0 0.810937 0.620833 0.028125 0.023148
0 0.788281 0.456944 0.024479 0.021296
0 0.728385 0.614352 0.039062 0.025000
0 0.767708 0.423611 0.026042 0.021296
0 0.733594 0.496759 0.027604 0.021296
0 0.625781 0.656944 0.023438 0.017593
0 0.570833 0.653241 0.022917 0.019444
0 0.805729 0.675926 0.028125 0.020370
0 0.628906 0.621759 0.024479 0.017593
0 0.662240 0.685185 0.027604 0.024074
0 0.733073 0.790278 0.016146 0.032407
0 0.788802 0.496296 0.025521 0.018519
0 0.508594 0.652315 0.026562 0.019444
0 0.830729 0.456019 0.025000 0.021296
0 0.455729 0.615741 0.025000 0.024074
0 0.335417 0.353241 0.026042 0.032407
0 0.836719 0.494444 0.030729 0.022222
0 0.813281 0.422685 0.025521 0.021296
0 0.506250 0.701852 0.029167 0.024074
0 0.368750 0.659259 0.023958 0.018519
0 0.687500 0.389815 0.025000 0.020370
0 0.359115 0.620370 0.026562 0.022222
0 0.442448 0.031481 0.010937 0.046296
0 0.004948 0.152778 0.009896 0.038889
0 0.385677 0.293056 0.018229 0.047222
0 0.877083 0.457407 0.026042 0.020370
0 0.256510 0.691667 0.025521 0.022222
0 0.922917 0.457407 0.026042 0.022222
0 0.877865 0.421759 0.026562 0.021296
0 0.103906 0.627315 0.032813 0.025000
0 0.180208 0.694907 0.029167 0.023148
0 0.195573 0.621296 0.028646 0.022222
0 0.215365 0.657870 0.027604 0.019444
0 0.801823 0.387500 0.027604 0.021296
2 0.250000 0.731944 0.089583 0.036111
2 0.251302 0.731481 0.081771 0.035185
0 0.021094 0.628241 0.022396 0.023148
0 0.104688 0.659722 0.029167 0.023148
0 0.995833 0.715278 0.008333 0.019444
0 0.094531 0.734722 0.031771 0.025000
0 0.990885 0.524537 0.011979 0.021296
0 0.957292 0.421759 0.021875 0.021296
0 0.976042 0.493981 0.025000 0.021296
0 0.955729 0.384259 0.028125 0.020370
