0 0.263281 0.600463 0.028646 0.023148
0 0.824219 0.468981 0.028646 0.021296
0 0.823698 0.534259 0.027604 0.024074
0 0.786719 0.497685 0.026562 0.023148
0 0.735156 0.532870 0.025521 0.019444
0 0.228125 0.636574 0.030208 0.026852
0 0.174479 0.601389 0.026042 0.025000
0 0.869010 0.468056 0.026562 0.021296
0 0.508333 0.031481 0.013542 0.051852
0 0.855990 0.435648 0.025521 0.021296
0 0.269271 0.635648 0.027083 0.021296
0 0.867188 0.502315 0.028125 0.021296
0 0.409896 0.461111 0.030208 0.042593
0 0.134375 0.593056 0.027083 0.025000
0 0.740885 0.424537 0.026562 0.023148
0 0.909635 0.505556 0.024479 0.020370
0 0.741406 0.460648 0.028646 0.021296
0 0.212240 0.597685 0.028646 0.025000
0 0.780208 0.427315 0.023958 0.021296
0 0.776563 0.533796 0.026042 0.019444
0 0.435417 0.978241 0.013542 0.043519
0 0.825260 0.500926 0.028646 0.024074
0 0.778906 0.463889 0.026562 0.022222
0 0.493750 0.095833 0.015625 0.049074
0 0.465885 0.414815 0.028646 0.051852
0 0.740104 0.497685 0.027083 0.019444
0 0.468490 0.141667 0.013021 0.053704
0 0.948438 0.468981 0.023958 0.019444
0 0.956510 0.503704 0.028646 0.022222
0 0.911719 0.468519 0.027604 0.022222
0 0.450781 0.137500 0.011979 0.050926
0 0.865885 0.537500 0.029687 0.025000
0 0.434896 0.048148 0.015625 0.061111
0 0.453385 0.065741 0.016146 0.059259
0 0.470313 0.063426 0.015625 0.062037
0 0.433073 0.137500 0.016146 0.052778
0 0.820573 0.430556 0.026562 0.022222
0 0.610938 0.966667 0.035417 0.057407
0 0.451042 0.857870 0.022917 0.056481
0 0.266406 0.669907 0.024479 0.021296
0 0.987760 0.470370 0.021354 0.020370
0 0.480469 0.733333 0.026562 0.050000
0 0.083333 0.593056 0.029167 0.025000
0 0.984896 0.436574 0.028125 0.019444
0 0.529948 0.052778 0.010937 0.046296
0 0.136198 0.182407 0.016146 0.055556
0 0.911198 0.539815 0.026562 0.020370
0 0.267188 0.566667 0.026042 0.022222
0 0.176042 0.631481 0.030208 0.025926
0 0.565104 0.312963 0.026042 0.038889
0 0.037760 0.591667 0.028646 0.022222
0 0.954167 0.537037 0.025000 0.020370
0 0.103646 0.419444 0.021875 0.053704
0 0.416146 0.143056 0.011458 0.052778
0 0.233333 0.562500 0.026042 0.021296
0 0.536458 0.672222 0.035417 0.051852
0 0.991406 0.507870 0.016146 0.023148
0 0.768490 0.568056 0.027604 0.021296
0 0.618750 0.369907 0.027083 0.028704
0 0.103385 0.631944 0.027604 0.023148
0 0.103385 0.515741 0.030729 0.027778
0 0.834375 0.573611 0.026042 0.021296
0 0.717969 0.392130 0.025521 0.021296
0 0.988802 0.540741 0.020313 0.020370
0 0.051042 0.524537 0.028125 0.023148
0 0.145052 0.559259 0.027604 0.024074
0 0.048438 0.247222 0.014583 0.038889
0 0.003646 0.245370 0.007292 0.048148
0 0.055990 0.628704 0.029687 0.024074
0 0.155469 0.699537 0.029687 0.023148
0 0.968229 0.578241 0.028125 0.021296
0 0.940365 0.393981 0.028646 0.021296
0 0.007292 0.517130 0.010417 0.021296
