0 0.262240 0.601852 0.028646 0.022222
0 0.823698 0.468981 0.028646 0.021296
0 0.495312 0.069907 0.013542 0.054630
0 0.823438 0.535185 0.027083 0.022222
0 0.785937 0.498148 0.026042 0.022222
0 0.734375 0.533333 0.025000 0.018519
0 0.491406 0.721759 0.025521 0.041667
0 0.227083 0.637500 0.028125 0.023148
0 0.529167 0.045833 0.016667 0.056481
0 0.174219 0.601852 0.025521 0.022222
0 0.867448 0.467593 0.028646 0.024074
0 0.544531 0.309722 0.029687 0.047222
0 0.465885 0.392130 0.024479 0.047222
0 0.547135 0.648611 0.033854 0.045370
0 0.442188 0.967593 0.013542 0.055556
0 0.855729 0.435648 0.025000 0.021296
0 0.268490 0.636574 0.027604 0.019444
0 0.866406 0.503704 0.027604 0.022222
0 0.154427 0.526389 0.027604 0.023148
0 0.133594 0.594907 0.025521 0.021296
0 0.740104 0.424537 0.027083 0.023148
0 0.907552 0.506019 0.024479 0.019444
0 0.740625 0.461111 0.029167 0.022222
0 0.211719 0.598611 0.026562 0.023148
0 0.779167 0.428241 0.025000 0.021296
0 0.775521 0.535185 0.026042 0.020370
0 0.609896 0.589815 0.027083 0.031481
0 0.824740 0.502315 0.028646 0.025000
0 0.777865 0.464815 0.026562 0.022222
0 0.413802 0.444444 0.026562 0.037037
0 0.248177 0.530556 0.028646 0.024074
0 0.529427 0.214815 0.017188 0.051852
0 0.968490 0.702315 0.026562 0.021296
0 0.489063 0.206944 0.016667 0.056481
0 0.738802 0.500000 0.027604 0.020370
0 0.109896 0.368981 0.029167 0.023148
0 0.467708 0.144907 0.014583 0.060185
0 0.946875 0.469444 0.026042 0.020370
0 0.956250 0.504630 0.029167 0.024074
0 0.910937 0.468519 0.027083 0.022222
0 0.402344 0.943519 0.011979 0.051852
0 0.238281 0.428241 0.026562 0.025000
0 0.129688 0.410185 0.028125 0.022222
0 0.449479 0.137963 0.010417 0.050000
0 0.865104 0.537037 0.029167 0.024074
0 0.433073 0.050926 0.015104 0.064815
0 0.467969 0.799537 0.023438 0.052778
0 0.452604 0.066667 0.016667 0.061111
0 0.469792 0.063889 0.016667 0.062963
0 0.432812 0.139815 0.012500 0.051852
0 0.820573 0.432407 0.027604 0.022222
0 0.030208 0.409259 0.023958 0.022222
0 0.610417 0.968981 0.033333 0.054630
0 0.686198 0.568981 0.025521 0.019444
0 0.266146 0.671296 0.022917 0.020370
0 0.987240 0.470370 0.022396 0.020370
0 0.765365 0.569444 0.024479 0.020370
0 0.082812 0.595370 0.029167 0.024074
0 0.608333 0.355093 0.023958 0.026852
0 0.134635 0.184722 0.017188 0.056481
0 0.909896 0.540741 0.027083 0.022222
0 0.267448 0.358796 0.024479 0.023148
0 0.192448 0.565278 0.025521 0.023148
0 0.175521 0.633333 0.029167 0.024074
0 0.725781 0.392130 0.026562 0.021296
0 0.037500 0.593981 0.028125 0.021296
0 0.952604 0.537037 0.023958 0.022222
0 0.046094 0.525926 0.038021 0.024074
0 0.415625 0.118981 0.011458 0.047222
0 0.133333 0.559259 0.023958 0.018519
0 0.859115 0.575463 0.030729 0.021296
0 0.990625 0.508333 0.016667 0.024074
0 0.959896 0.577315 0.030208 0.023148
0 0.910156 0.395370 0.027604 0.020370
0 0.015365 0.629630 0.021354 0.020370
0 0.002865 0.518519 0.004687 0.020370
