0 0.263542 0.598611 0.028125 0.023148
0 0.823958 0.470833 0.029167 0.023148
0 0.823438 0.536111 0.028125 0.022222
0 0.786719 0.500463 0.027604 0.023148
0 0.735156 0.535648 0.025521 0.019444
0 0.228646 0.633796 0.029167 0.025000
0 0.175260 0.597685 0.025521 0.021296
0 0.868229 0.469907 0.029167 0.023148
0 0.855990 0.437963 0.025521 0.020370
0 0.270052 0.634722 0.026562 0.021296
0 0.867448 0.506019 0.027604 0.021296
0 0.432552 0.596759 0.014063 0.056481
0 0.134375 0.589815 0.023958 0.022222
0 0.740625 0.425926 0.028125 0.022222
0 0.909115 0.507870 0.024479 0.019444
0 0.741146 0.462037 0.028125 0.022222
0 0.214323 0.595370 0.027604 0.024074
0 0.779948 0.429167 0.023438 0.023148
0 0.775781 0.535648 0.026562 0.019444
0 0.825000 0.503704 0.029167 0.024074
0 0.778125 0.467130 0.026042 0.021296
0 0.739583 0.500926 0.028125 0.020370
0 0.469792 0.143056 0.013542 0.058333
0 0.947656 0.472685 0.026562 0.021296
0 0.953906 0.506944 0.027604 0.023148
0 0.911979 0.470833 0.027083 0.023148
0 0.495573 0.727315 0.011979 0.050926
0 0.865365 0.540741 0.028646 0.024074
0 0.472396 0.062963 0.014583 0.062963
0 0.820312 0.431944 0.028125 0.021296
0 0.610417 0.966667 0.034375 0.059259
0 0.267448 0.668519 0.023438 0.020370
0 0.988021 0.474074 0.022917 0.020370
0 0.084635 0.589815 0.027604 0.024074
0 0.138021 0.181944 0.013542 0.050926
0 0.911198 0.542130 0.027604 0.021296
0 0.267448 0.564815 0.024479 0.022222
0 0.176823 0.629167 0.028646 0.023148
0 0.038802 0.588889 0.028646 0.020370
0 0.953125 0.540741 0.025000 0.022222
0 0.235156 0.560648 0.023438 0.019444
0 0.990625 0.512037 0.017708 0.022222
0 0.744010 0.568981 0.027604 0.021296
0 0.104167 0.629630 0.025000 0.020370
0 0.779687 0.573611 0.023958 0.021296
0 0.448698 0.379167 0.010937 0.058333
0 0.988542 0.543519 0.021875 0.022222
0 0.196615 0.561111 0.024479 0.022222
0 0.050000 0.245370 0.013542 0.037037
0 0.003385 0.584722 0.006771 0.023148
0 0.059635 0.625463 0.029687 0.023148
0 0.046615 0.100000 0.009896 0.046296
0 0.403125 0.915741 0.013542 0.051852
0 0.821354 0.575000 0.028125 0.024074
0 0.545833 0.251852 0.022917 0.053704
0 0.225000 0.665278 0.026042 0.023148
0 0.625000 0.367593 0.026042 0.027778
0 0.014844 0.624074 0.025521 0.020370
0 0.079427 0.359259 0.025521 0.022222
0 0.701562 0.392130 0.026042 0.021296
0 0.661198 0.389815 0.023438 0.022222
0 0.511979 0.065741 0.013542 0.057407
0 0.860677 0.573611 0.029687 0.023148
0 0.013281 0.418056 0.025521 0.021296
0 0.425260 0.906019 0.011979 0.058333
0 0.495573 0.324537 0.011979 0.043519
0 0.496354 0.181481 0.010417 0.038889
0 0.412760 0.722222 0.014063 0.057407
0 0.127865 0.449074 0.017188 0.048148
0 0.446094 0.843519 0.017188 0.062963
0 0.513281 0.359722 0.011979 0.060185
0 0.424740 0.415278 0.013021 0.052778
0 0.545052 0.865741 0.018229 0.044444
0 0.451562 0.590741 0.012500 0.061111
0 0.497396 0.527778 0.010417 0.042593
0 0.838802 0.395833 0.025521 0.019444
0 0.066406 0.520370 0.028646 0.020370
0 0.432552 0.216667 0.010937 0.046296
0 0.452604 0.202778 0.010417 0.048148
0 0.436198 0.086111 0.013021 0.051852
0 0.489063 0.924074 0.013542 0.046296
0 0.016406 0.656019 0.015104 0.021296
0 0.505729 0.857870 0.010417 0.050926
0 0.453646 0.024074 0.014583 0.048148
