0 0.437760 0.548611 0.010937 0.052778
0 0.608594 0.964815 0.032813 0.061111
0 0.465625 0.045833 0.010417 0.052778
0 0.412500 0.511111 0.010417 0.050000
0 0.465625 0.121759 0.011458 0.050926
0 0.196354 0.327315 0.036458 0.025000
0 0.417969 0.602315 0.011979 0.047222
0 0.865104 0.499537 0.027083 0.023148
0 0.774479 0.461574 0.026042 0.021296
0 0.732031 0.423148 0.024479 0.020370
0 0.735417 0.458333 0.023958 0.020370
0 0.740104 0.494444 0.028125 0.020370
0 0.727865 0.529630 0.023438 0.020370
0 0.783333 0.497685 0.026042 0.019444
0 0.773958 0.426389 0.026042 0.021296
0 0.824219 0.463889 0.027604 0.024074
0 0.871094 0.463889 0.026562 0.022222
0 0.817708 0.426852 0.025000 0.018519
0 0.914323 0.466667 0.027604 0.022222
0 0.821354 0.498611 0.026042 0.021296
0 0.860938 0.432870 0.025000 0.019444
0 0.769271 0.529630 0.027083 0.020370
0 0.904687 0.431481 0.029167 0.022222
0 0.961198 0.469444 0.027604 0.020370
0 0.906250 0.501852 0.026042 0.020370
0 0.944531 0.433796 0.026562 0.019444
0 0.959375 0.500926 0.035417 0.024074
0 0.806771 0.531944 0.021875 0.017593
0 0.253385 0.633796 0.025521 0.021296
0 0.851042 0.531944 0.027083 0.021296
0 0.032031 0.344907 0.025521 0.021296
0 0.985417 0.428704 0.027083 0.025926
0 0.893490 0.536574 0.026562 0.021296
0 0.260937 0.524074 0.025000 0.018519
0 0.217969 0.525463 0.028646 0.023148
0 0.729688 0.568056 0.027083 0.021296
0 0.258594 0.598148 0.025521 0.022222
0 0.257292 0.564815 0.028125 0.022222
0 0.938802 0.536111 0.028646 0.022222
0 0.762760 0.567130 0.023438 0.023148
0 0.442969 0.378704 0.011979 0.055556
0 0.106510 0.359722 0.025521 0.019444
0 0.518490 0.128704 0.016146 0.059259
0 0.996615 0.505556 0.005729 0.018519
0 0.981771 0.537500 0.027083 0.019444
0 0.803646 0.569907 0.025000 0.021296
0 0.181771 0.527315 0.026042 0.021296
0 0.832552 0.567130 0.022396 0.019444
0 0.012500 0.397685 0.025000 0.023148
0 0.564583 0.317593 0.030208 0.046296
0 0.500260 0.339352 0.011979 0.056481
0 0.341406 0.720833 0.028646 0.030556
0 0.215365 0.632407 0.025521 0.020370
0 0.138802 0.528704 0.028646 0.024074
0 0.488802 0.461574 0.009896 0.063889
0 0.866406 0.574537 0.025521 0.019444
0 0.996875 0.468056 0.005208 0.017593
0 0.288281 0.708796 0.027604 0.021296
0 0.903385 0.573611 0.026562 0.019444
0 0.427604 0.292130 0.011458 0.054630
0 0.746354 0.387963 0.021875 0.020370
0 0.170313 0.633333 0.027083 0.020370
0 0.205990 0.706944 0.026562 0.021296
0 0.953385 0.573148 0.025521 0.020370
0 0.485417 0.887963 0.013542 0.053704
0 0.520573 0.881944 0.018229 0.058333
0 0.087500 0.523611 0.027083 0.023148
0 0.447917 0.249537 0.010417 0.045370
0 0.509375 0.742593 0.013542 0.027778
0 0.396094 0.349537 0.014063 0.032407
0 0.089063 0.634722 0.028125 0.026852
0 0.099740 0.594907 0.030729 0.025000
0 0.488281 0.686574 0.011979 0.054630
0 0.504948 0.956019 0.011979 0.047222
0 0.052865 0.701389 0.027604 0.023148
0 0.447917 0.083333 0.011458 0.051852
0 0.018229 0.520370 0.020833 0.020370
