0 0.194792 0.332407 0.033333 0.029630
0 0.260677 0.529167 0.026562 0.017593
0 0.218229 0.531019 0.028125 0.023148
0 0.479427 0.562963 0.027604 0.025926
0 0.260156 0.569444 0.026562 0.022222
0 0.511979 0.556019 0.023958 0.028704
0 0.557292 0.553704 0.025000 0.024074
0 0.181510 0.532870 0.026562 0.019444
0 0.589583 0.557870 0.020833 0.021296
0 0.145313 0.534722 0.026042 0.019444
0 0.625521 0.561111 0.027083 0.020370
0 0.662500 0.560648 0.025000 0.021296
0 0.701042 0.560648 0.025000 0.021296
0 0.102344 0.533333 0.027604 0.018519
0 0.738021 0.559259 0.025000 0.022222
0 0.059635 0.531944 0.026562 0.019444
0 0.444271 0.050000 0.011458 0.044444
0 0.444271 0.135185 0.013542 0.044444
0 0.169010 0.567593 0.029687 0.022222
0 0.212240 0.570370 0.025521 0.020370
0 0.427604 0.049537 0.010417 0.052778
0 0.011198 0.529630 0.019271 0.020370
0 0.426042 0.131944 0.012500 0.052778
0 0.123438 0.568519 0.028125 0.022222
0 0.462760 0.131944 0.011979 0.047222
0 0.463542 0.063889 0.013542 0.053704
0 0.079687 0.566667 0.027083 0.020370
0 0.610417 0.962500 0.032292 0.058333
0 0.035156 0.565741 0.030729 0.024074
0 0.011719 0.474537 0.023438 0.021296
0 0.097656 0.449537 0.027604 0.021296
0 0.045833 0.435648 0.027083 0.023148
0 0.187760 0.442130 0.026562 0.023148
0 0.082812 0.485185 0.025000 0.022222
0 0.110417 0.410185 0.028125 0.022222
0 0.156771 0.480556 0.028125 0.022222
0 0.954427 0.610185 0.028646 0.020370
0 0.802604 0.643519 0.027083 0.020370
0 0.254948 0.418056 0.026562 0.023148
0 0.238021 0.477778 0.023958 0.020370
0 0.966406 0.648148 0.028646 0.022222
0 0.326562 0.436574 0.026042 0.021296
0 0.328385 0.408333 0.024479 0.020370
0 0.049479 0.383796 0.028125 0.019444
0 0.621615 0.370833 0.025521 0.025000
0 0.388021 0.444444 0.026042 0.020370
0 0.363281 0.483333 0.027604 0.018519
0 0.760156 0.611111 0.023438 0.020370
0 0.286198 0.379630 0.025521 0.022222
0 0.636979 0.649074 0.027083 0.020370
0 0.442969 0.481019 0.026562 0.021296
0 0.475260 0.449074 0.023438 0.018519
0 0.575000 0.316667 0.032292 0.040741
0 0.527604 0.414815 0.025000 0.020370
0 0.778646 0.561574 0.025000 0.019444
0 0.581771 0.621296 0.027083 0.022222
0 0.508854 0.480556 0.026042 0.018519
0 0.544010 0.451389 0.023438 0.021296
0 0.003906 0.566667 0.007812 0.024074
0 0.624740 0.416667 0.027604 0.022222
0 0.364583 0.330556 0.027083 0.048148
0 0.606771 0.451389 0.026042 0.021296
0 0.438542 0.512963 0.023958 0.018519
0 0.844271 0.562500 0.023958 0.021296
0 0.712760 0.417593 0.025521 0.022222
0 0.969531 0.385185 0.030729 0.024074
0 0.701823 0.453241 0.027604 0.023148
0 0.767448 0.423611 0.026562 0.023148
0 0.574740 0.498148 0.025521 0.022222
0 0.430990 0.611574 0.026562 0.021296
0 0.342187 0.639815 0.025000 0.016667
0 0.863281 0.420370 0.099479 0.042593
0 0.770833 0.493519 0.029167 0.025926
0 0.807813 0.459722 0.030208 0.026852
0 0.931771 0.372222 0.028125 0.022222
1 0.861458 0.419444 0.085417 0.035185
0 0.991927 0.570833 0.014063 0.023148
0 0.837240 0.523148 0.030729 0.024074
0 0.935156 0.454630 0.024479 0.022222
