0 0.110156 0.265278 0.011979 0.052778
0 0.009375 0.139815 0.012500 0.037037
0 0.475521 0.780093 0.021875 0.049074
0 0.057031 0.115741 0.015104 0.055556
0 0.518750 0.670833 0.025000 0.039815
0 0.568750 0.614815 0.029167 0.033333
0 0.501042 0.206481 0.013542 0.051852
0 0.666667 0.575926 0.023958 0.020370
0 0.734896 0.574074 0.026042 0.020370
0 0.806771 0.570833 0.028125 0.023148
0 0.484115 0.358333 0.018229 0.051852
0 0.448437 0.913889 0.016667 0.055556
0 0.491406 0.022222 0.008854 0.044444
0 0.445833 0.066667 0.011458 0.051852
0 0.429427 0.149074 0.010937 0.048148
0 0.445833 0.142130 0.013542 0.052778
0 0.487760 0.136574 0.013021 0.058333
0 0.454167 0.393056 0.021875 0.045370
0 0.475260 0.274074 0.018229 0.048148
0 0.450000 0.344444 0.021875 0.046296
0 0.105469 0.434259 0.024479 0.035185
0 0.425781 0.500926 0.028646 0.040741
0 0.122135 0.489815 0.024479 0.051852
0 0.465885 0.124074 0.010937 0.050000
0 0.463542 0.053704 0.011458 0.038889
0 0.040625 0.120370 0.010417 0.050000
0 0.346875 0.542593 0.029167 0.029630
0 0.118750 0.539352 0.023958 0.019444
0 0.045573 0.267593 0.011979 0.042593
0 0.878385 0.571759 0.023438 0.023148
0 0.267969 0.571296 0.024479 0.020370
0 0.721615 0.428704 0.028646 0.022222
0 0.763281 0.432870 0.025521 0.019444
0 0.261458 0.646296 0.026042 0.022222
0 0.871875 0.466667 0.027083 0.020370
0 0.734896 0.463426 0.026042 0.021296
0 0.730990 0.528704 0.025521 0.020370
0 0.779167 0.464815 0.026042 0.020370
0 0.801302 0.431944 0.023438 0.019444
0 0.809635 0.534722 0.027604 0.021296
0 0.836979 0.429630 0.025000 0.020370
0 0.769010 0.531481 0.026562 0.020370
0 0.008854 0.395370 0.017708 0.020370
0 0.740104 0.498148 0.026042 0.020370
0 0.827865 0.465741 0.027604 0.022222
0 0.777865 0.498148 0.025521 0.018519
0 0.253385 0.610648 0.025521 0.021296
0 0.850260 0.535185 0.025521 0.022222
0 0.817969 0.500463 0.025521 0.021296
0 0.212760 0.612037 0.026562 0.022222
0 0.259375 0.681481 0.027083 0.020370
0 0.891406 0.533796 0.027604 0.019444
0 0.217188 0.644907 0.028125 0.021296
0 0.189323 0.379167 0.023438 0.023148
0 0.912240 0.468519 0.024479 0.020370
0 0.406510 0.931944 0.011979 0.049074
0 0.166667 0.613889 0.027083 0.022222
0 0.176823 0.643056 0.026562 0.021296
0 0.115365 0.609722 0.026562 0.019444
0 0.862760 0.500000 0.030729 0.024074
0 0.207813 0.680093 0.030208 0.023148
0 0.309635 0.715741 0.027604 0.022222
0 0.950000 0.465741 0.026042 0.020370
0 0.965104 0.435648 0.027083 0.019444
0 0.255990 0.419444 0.022396 0.022222
0 0.129688 0.648148 0.029167 0.024074
0 0.995573 0.467593 0.008854 0.020370
0 0.939323 0.569444 0.027604 0.022222
0 0.930208 0.532870 0.028125 0.023148
0 0.901042 0.500463 0.022917 0.021296
0 0.334375 0.387963 0.027083 0.037037
0 0.070052 0.613426 0.026562 0.021296
0 0.082812 0.642593 0.027083 0.020370
0 0.969271 0.536111 0.029167 0.020370
0 0.036979 0.643519 0.029167 0.022222
0 0.041927 0.537963 0.025521 0.020370
0 0.936979 0.500926 0.027083 0.022222
0 0.519010 0.758333 0.017188 0.027778
0 0.182031 0.718056 0.026562 0.021296
0 0.187500 0.233796 0.012500 0.052778
0 0.026823 0.608796 0.027604 0.021296
0 0.898958 0.393519 0.029167 0.020370
0 0.992969 0.431019 0.013021 0.019444
0 0.979167 0.500926 0.027083 0.020370
0 0.005469 0.641667 0.009896 0.022222
0 0.013802 0.256944 0.021354 0.052778
