0 0.195052 0.330556 0.029687 0.024074
0 0.864583 0.493981 0.026042 0.021296
0 0.773698 0.457870 0.024479 0.019444
0 0.730990 0.420370 0.025521 0.020370
0 0.734115 0.455093 0.023438 0.021296
0 0.739323 0.491204 0.027604 0.019444
0 0.727604 0.524537 0.021875 0.019444
0 0.781510 0.493056 0.025521 0.021296
0 0.772917 0.422222 0.026042 0.022222
0 0.823698 0.458796 0.026562 0.021296
0 0.870052 0.457870 0.025521 0.021296
0 0.815365 0.422222 0.024479 0.020370
0 0.913021 0.460648 0.026042 0.019444
0 0.820312 0.493056 0.023958 0.019444
0 0.860156 0.428241 0.024479 0.017593
0 0.768490 0.525463 0.027604 0.021296
0 0.902604 0.425463 0.028125 0.021296
0 0.959115 0.462500 0.030729 0.023148
0 0.904687 0.496296 0.023958 0.018519
0 0.942969 0.427778 0.025521 0.018519
0 0.959115 0.495370 0.027604 0.022222
0 0.805469 0.526389 0.022396 0.017593
0 0.254427 0.634259 0.024479 0.020370
0 0.850000 0.526389 0.027083 0.021296
0 0.891667 0.530093 0.026042 0.021296
0 0.260417 0.526389 0.028125 0.021296
0 0.217708 0.528241 0.029167 0.025000
0 0.728646 0.563889 0.025000 0.020370
0 0.258854 0.600463 0.026042 0.021296
0 0.256771 0.566667 0.029167 0.025926
0 0.936979 0.530556 0.028125 0.022222
0 0.763281 0.562963 0.023438 0.022222
0 0.979688 0.530556 0.025000 0.020370
0 0.801562 0.565741 0.028125 0.024074
0 0.181771 0.530093 0.028125 0.023148
0 0.832812 0.563426 0.020833 0.021296
0 0.216667 0.633796 0.026042 0.021296
0 0.144010 0.531944 0.027604 0.023148
0 0.865365 0.568056 0.026562 0.021296
0 0.996354 0.461574 0.006250 0.017593
0 0.902083 0.566667 0.026042 0.022222
0 0.172135 0.636111 0.026562 0.022222
0 0.937240 0.566204 0.026562 0.019444
0 0.131771 0.637037 0.025000 0.022222
0 0.221875 0.600926 0.026042 0.022222
0 0.179427 0.601389 0.028646 0.025000
0 0.101302 0.529167 0.027604 0.023148
0 0.086979 0.632870 0.029167 0.023148
0 0.975260 0.563889 0.024479 0.018519
0 0.044531 0.631944 0.027604 0.021296
0 0.058854 0.527315 0.026042 0.021296
0 0.124740 0.600000 0.027604 0.025926
0 0.446094 0.049074 0.010937 0.046296
0 0.445052 0.133333 0.011979 0.044444
0 0.077865 0.598611 0.034896 0.025000
0 0.215885 0.673611 0.022396 0.026852
0 0.177083 0.668981 0.026042 0.021296
0 0.168750 0.563426 0.030208 0.025000
0 0.211198 0.566667 0.026562 0.024074
0 0.711979 0.606944 0.027083 0.023148
0 0.028646 0.598148 0.025000 0.022222
0 0.428385 0.047222 0.010937 0.053704
0 0.137240 0.670833 0.027604 0.023148
0 0.075260 0.449074 0.026562 0.024074
0 0.551823 0.515741 0.025521 0.044444
0 0.508854 0.738889 0.013542 0.024074
0 0.983854 0.423148 0.030208 0.029630
0 0.426302 0.129630 0.011979 0.053704
0 0.090365 0.669444 0.036979 0.024074
0 0.514583 0.447222 0.020833 0.048148
0 0.783333 0.704167 0.026042 0.021296
0 0.412240 0.901389 0.017188 0.054630
0 0.123177 0.564815 0.029687 0.024074
0 0.392448 0.785185 0.026562 0.046296
0 0.824219 0.649074 0.026562 0.022222
0 0.292969 0.464815 0.025521 0.027778
0 0.578385 0.328704 0.027604 0.038889
0 0.036198 0.668519 0.026562 0.020370
0 0.490104 0.344444 0.020833 0.055556
0 0.340365 0.380093 0.027604 0.037963
0 0.384115 0.563889 0.025521 0.046296
0 0.624740 0.727315 0.030729 0.034259
0 0.560937 0.791667 0.029167 0.053704
0 0.438281 0.764815 0.016146 0.050000
0 0.470313 0.252778 0.012500 0.057407
0 0.995833 0.497685 0.006250 0.019444
0 0.512240 0.919444 0.016146 0.057407
0 0.464844 0.082407 0.011979 0.038889
0 0.458594 0.968519 0.021354 0.055556
