0 0.606771 0.967130 0.029167 0.052778
0 0.445833 0.149074 0.011458 0.050000
0 0.405990 0.918981 0.010937 0.047222
0 0.464583 0.120833 0.011458 0.049074
0 0.195312 0.327315 0.035417 0.026852
0 0.863281 0.497685 0.025521 0.021296
0 0.771875 0.460648 0.026042 0.021296
0 0.729948 0.423148 0.025521 0.022222
0 0.733073 0.457407 0.023438 0.022222
0 0.737500 0.493056 0.027083 0.021296
0 0.726302 0.526852 0.024479 0.020370
0 0.780469 0.495833 0.023438 0.021296
0 0.771615 0.425000 0.025521 0.022222
0 0.821875 0.462037 0.027083 0.024074
0 0.867708 0.462500 0.028125 0.023148
0 0.814323 0.425926 0.024479 0.020370
0 0.911198 0.466667 0.026562 0.020370
0 0.818750 0.496759 0.025000 0.021296
0 0.858854 0.432407 0.025000 0.018519
0 0.766927 0.528241 0.026562 0.021296
0 0.902344 0.431481 0.028646 0.020370
0 0.958073 0.468519 0.027604 0.020370
0 0.903385 0.500926 0.026562 0.020370
0 0.941146 0.432407 0.025000 0.016667
0 0.956771 0.500463 0.029167 0.023148
0 0.804688 0.529630 0.021875 0.018519
0 0.253385 0.633333 0.025521 0.020370
0 0.848177 0.531019 0.026562 0.021296
0 0.890885 0.535185 0.026562 0.020370
0 0.260156 0.524537 0.024479 0.017593
0 0.217969 0.525000 0.028646 0.022222
0 0.726302 0.567130 0.026562 0.023148
0 0.258073 0.597685 0.025521 0.023148
0 0.256510 0.564815 0.026562 0.022222
0 0.934896 0.535648 0.027083 0.019444
0 0.760677 0.566204 0.025521 0.023148
0 0.438281 0.991667 0.007812 0.016667
0 0.995052 0.503241 0.008854 0.019444
0 0.978125 0.535648 0.023958 0.019444
0 0.799740 0.568056 0.026562 0.023148
0 0.181250 0.526852 0.027083 0.020370
0 0.829688 0.566667 0.021875 0.020370
0 0.511719 0.628704 0.010937 0.048148
0 0.444792 0.284259 0.010417 0.050000
0 0.214844 0.631944 0.026562 0.021296
0 0.144010 0.528704 0.027604 0.022222
0 0.863802 0.572685 0.026562 0.019444
0 0.995833 0.467130 0.007292 0.019444
0 0.394531 0.823611 0.020313 0.054630
0 0.900000 0.571296 0.025000 0.022222
0 0.422396 0.782407 0.010417 0.055556
0 0.556510 0.312963 0.023438 0.040741
0 0.170313 0.632407 0.027083 0.022222
0 0.322917 0.712963 0.027083 0.022222
0 0.934115 0.570370 0.024479 0.020370
0 0.490885 0.220370 0.013021 0.055556
0 0.637240 0.685185 0.029687 0.031481
0 0.441927 0.866204 0.010937 0.045370
0 0.215625 0.669444 0.025000 0.025926
0 0.129688 0.632407 0.027083 0.024074
0 0.217708 0.597685 0.028125 0.023148
0 0.009115 0.122222 0.013021 0.037037
0 0.171875 0.596759 0.029167 0.025000
0 0.513542 0.492593 0.011458 0.051852
0 0.282813 0.704167 0.025000 0.019444
0 0.446354 0.685185 0.013542 0.055556
0 0.101562 0.525000 0.029167 0.022222
0 0.103646 0.400463 0.027083 0.021296
0 0.429948 0.493981 0.010937 0.054630
0 0.086458 0.628241 0.028125 0.021296
0 0.645052 0.381944 0.027604 0.025000
0 0.005208 0.378704 0.010417 0.020370
0 0.444531 0.428241 0.011979 0.049074
0 0.416406 0.559259 0.011979 0.035185
0 0.485938 0.458333 0.011458 0.053704
0 0.970573 0.569907 0.023438 0.021296
0 0.421875 0.364352 0.010417 0.052778
0 0.043490 0.626852 0.027604 0.022222
0 0.508854 0.756944 0.011458 0.052778
0 0.059375 0.523148 0.025000 0.018519
0 0.528906 0.886574 0.017188 0.047222
0 0.483333 0.753704 0.010417 0.046296
0 0.425781 0.233333 0.010937 0.053704
0 0.832031 0.392593 0.023438 0.016667
0 0.406771 0.173148 0.010417 0.048148
0 0.501563 0.979630 0.015625 0.040741
0 0.392708 0.991204 0.008333 0.015741
0 0.026302 0.593519 0.029687 0.018519
