0 0.181250 0.239352 0.012500 0.050926
0 0.102865 0.272685 0.013021 0.050926
0 0.003906 0.148148 0.007812 0.037037
0 0.215104 0.445370 0.028125 0.024074
0 0.733073 0.564352 0.026562 0.019444
0 0.261719 0.546296 0.025521 0.018519
0 0.251563 0.585185 0.026042 0.022222
0 0.779427 0.566204 0.027604 0.021296
0 0.220312 0.550463 0.026042 0.019444
0 0.211198 0.583796 0.026562 0.023148
0 0.170833 0.582870 0.026042 0.021296
0 0.819531 0.568056 0.025521 0.021296
0 0.127344 0.587963 0.027604 0.022222
0 0.860677 0.565278 0.027604 0.021296
0 0.087760 0.587963 0.024479 0.022222
0 0.903385 0.563889 0.028646 0.022222
0 0.175521 0.550926 0.023958 0.018519
0 0.047396 0.590741 0.029167 0.022222
0 0.941146 0.565741 0.029167 0.022222
0 0.130729 0.549537 0.026042 0.019444
0 0.974740 0.564815 0.025521 0.022222
0 0.007552 0.588889 0.014063 0.022222
0 0.426563 0.138426 0.016667 0.056481
0 0.079687 0.550926 0.032292 0.022222
0 0.038281 0.554630 0.028646 0.024074
0 0.442188 0.137963 0.011458 0.053704
0 0.426302 0.054167 0.011979 0.052778
0 0.441927 0.066667 0.010937 0.048148
0 0.006510 0.553704 0.013021 0.024074
0 0.983073 0.744907 0.024479 0.021296
0 0.020573 0.471759 0.027604 0.019444
0 0.461979 0.164815 0.012500 0.055556
0 0.113802 0.468981 0.027604 0.023148
0 0.124740 0.205093 0.014063 0.043519
0 0.264323 0.438426 0.026562 0.021296
0 0.033854 0.431019 0.023958 0.021296
0 0.003906 0.429167 0.007812 0.019444
0 0.032813 0.128704 0.011458 0.048148
0 0.428646 0.958796 0.011458 0.049074
0 0.163281 0.479630 0.027604 0.024074
0 0.399479 0.453704 0.028125 0.022222
0 0.965104 0.684722 0.026042 0.021296
0 0.326042 0.441204 0.027083 0.021296
0 0.229427 0.481481 0.026562 0.022222
0 0.988021 0.647685 0.023958 0.023148
0 0.316927 0.477778 0.025521 0.020370
0 0.917188 0.644907 0.030208 0.023148
0 0.448177 0.453704 0.023438 0.020370
0 0.174219 0.411574 0.025521 0.021296
0 0.952604 0.610648 0.029167 0.023148
0 0.603646 0.493056 0.025000 0.021296
0 0.455208 0.487963 0.026042 0.024074
0 0.296875 0.508796 0.025000 0.021296
0 0.402083 0.969444 0.012500 0.050000
0 0.501302 0.210648 0.024479 0.056481
0 0.764323 0.647222 0.026562 0.016667
0 0.340625 0.407407 0.027083 0.024074
0 0.093229 0.404167 0.027083 0.023148
0 0.522656 0.266667 0.028646 0.051852
0 0.751823 0.611111 0.025521 0.022222
0 0.388802 0.512037 0.027604 0.022222
0 0.529948 0.461111 0.025521 0.020370
0 0.680208 0.659259 0.026042 0.018519
0 0.359375 0.754167 0.022917 0.030556
0 0.407292 0.409259 0.023958 0.020370
0 0.623437 0.685185 0.025000 0.022222
0 0.511198 0.493056 0.027604 0.023148
0 0.616146 0.368056 0.031250 0.032407
0 0.648698 0.613426 0.027604 0.023148
0 0.420052 0.694444 0.025521 0.020370
0 0.310677 0.731019 0.026562 0.021296
0 0.590625 0.461111 0.028125 0.022222
0 0.564323 0.654630 0.028646 0.022222
0 0.516927 0.419444 0.024479 0.022222
0 0.664583 0.376852 0.025000 0.022222
0 0.654167 0.461574 0.026042 0.023148
0 0.532292 0.530093 0.027083 0.021296
0 0.527865 0.610185 0.025521 0.022222
0 0.684635 0.492593 0.020313 0.018519
0 0.426823 0.655556 0.026562 0.022222
0 0.589583 0.426852 0.023958 0.020370
0 0.337760 0.686574 0.027604 0.023148
0 0.260417 0.722222 0.025000 0.018519
0 0.285938 0.367130 0.021875 0.021296
0 0.442969 0.615741 0.026562 0.020370
0 0.642188 0.530556 0.028125 0.022222
0 0.713542 0.528704 0.027083 0.022222
0 0.048698 0.123148 0.014063 0.050000
0 0.678385 0.424537 0.026562 0.021296
0 0.722396 0.458796 0.026042 0.021296
0 0.250781 0.688426 0.027604 0.021296
0 0.321875 0.652315 0.026042 0.019444
0 0.767708 0.424537 0.023958 0.023148
0 0.712500 0.388426 0.023958 0.019444
0 0.759375 0.495370 0.025000 0.022222
0 0.272135 0.622222 0.025521 0.022222
0 0.815104 0.458333 0.026042 0.022222
0 0.139323 0.692593 0.028646 0.024074
0 0.166146 0.658333 0.027083 0.022222
0 0.857552 0.493981 0.025521 0.021296
0 0.175781 0.620370 0.028646 0.024074
0 0.060677 0.693519 0.031771 0.020370
0 0.982292 0.454630 0.020833 0.020370
0 0.910417 0.421296 0.028125 0.022222
0 0.871094 0.528241 0.026562 0.021296
0 0.066146 0.657407 0.028125 0.024074
0 0.965625 0.419907 0.027083 0.021296
0 0.930990 0.385648 0.027604 0.021296
0 0.953385 0.492130 0.025521 0.019444
1 0.790104 0.693519 0.094792 0.038889
0 0.956771 0.526389 0.025000 0.023148
0 0.009375 0.626852 0.007292 0.024074
