0 0.261458 0.598148 0.029167 0.024074
0 0.820312 0.472222 0.027083 0.022222
0 0.821094 0.537500 0.027604 0.023148
0 0.784375 0.501852 0.026042 0.022222
0 0.732812 0.536111 0.025000 0.018519
0 0.226823 0.634259 0.028646 0.025926
0 0.173177 0.598148 0.025521 0.024074
0 0.865625 0.471759 0.028125 0.023148
0 0.853646 0.439815 0.027083 0.018519
0 0.267188 0.633796 0.027083 0.021296
0 0.865365 0.506481 0.026562 0.020370
0 0.132812 0.589815 0.023958 0.020370
0 0.738542 0.427315 0.026042 0.023148
0 0.905990 0.509722 0.024479 0.019444
0 0.739323 0.462963 0.028646 0.020370
0 0.211198 0.594907 0.027604 0.023148
0 0.777604 0.431481 0.023958 0.022222
0 0.773438 0.536111 0.026042 0.018519
0 0.823438 0.505556 0.028125 0.024074
0 0.775521 0.468519 0.026042 0.022222
0 0.737500 0.500926 0.027083 0.020370
0 0.466667 0.246296 0.010417 0.055556
0 0.945052 0.473611 0.027604 0.021296
0 0.950000 0.507870 0.027083 0.021296
0 0.908594 0.472685 0.031771 0.023148
0 0.863021 0.541204 0.030208 0.023148
0 0.469792 0.115741 0.015625 0.061111
0 0.817708 0.434259 0.028125 0.022222
0 0.265365 0.667593 0.023438 0.020370
0 0.985417 0.474537 0.027083 0.021296
0 0.082812 0.589815 0.027083 0.024074
0 0.906250 0.543519 0.025000 0.020370
0 0.265625 0.564352 0.025000 0.021296
0 0.174740 0.629630 0.028646 0.022222
0 0.040625 0.588889 0.027083 0.022222
0 0.950260 0.540741 0.024479 0.022222
0 0.232552 0.562037 0.025521 0.018519
0 0.989583 0.512963 0.020833 0.022222
0 0.741146 0.570370 0.026042 0.022222
0 0.119792 0.629167 0.025000 0.021296
0 0.775521 0.575463 0.023958 0.019444
0 0.987500 0.544907 0.022917 0.021296
0 0.194792 0.560648 0.027083 0.021296
0 0.047656 0.245833 0.013021 0.037963
0 0.002604 0.585648 0.005208 0.023148
0 0.058073 0.625000 0.029687 0.020370
0 0.818490 0.574537 0.025521 0.023148
0 0.223177 0.666204 0.027604 0.023148
0 0.013802 0.624074 0.023438 0.020370
0 0.857812 0.574074 0.028125 0.024074
0 0.182812 0.663426 0.027083 0.025000
0 0.266667 0.528241 0.027083 0.021296
0 0.909896 0.580093 0.033333 0.021296
0 0.143229 0.663426 0.027083 0.025000
0 0.224219 0.525000 0.026562 0.020370
0 0.946094 0.580093 0.025521 0.023148
0 0.480469 0.550000 0.010937 0.048148
0 0.101042 0.662500 0.029167 0.023148
0 0.153646 0.555093 0.026042 0.021296
0 0.045573 0.098611 0.010937 0.049074
0 0.980208 0.581019 0.023958 0.019444
0 0.057552 0.658333 0.028646 0.022222
0 0.488802 0.407870 0.011979 0.047222
0 0.328646 0.363889 0.029167 0.035185
0 0.182292 0.523611 0.029167 0.023148
0 0.529167 0.218519 0.017708 0.057407
0 0.116927 0.555093 0.027604 0.021296
0 0.450260 0.129630 0.013021 0.059259
0 0.433333 0.142130 0.011458 0.058333
0 0.139583 0.522685 0.026042 0.021296
0 0.488542 0.131944 0.012500 0.062037
0 0.012240 0.659259 0.024479 0.022222
0 0.594792 0.367130 0.027083 0.030556
0 0.488021 0.280093 0.010417 0.049074
0 0.140885 0.365278 0.026562 0.019444
0 0.451823 0.059722 0.011979 0.052778
0 0.607812 0.970833 0.033333 0.047222
0 0.981771 0.441667 0.030208 0.016667
0 0.178906 0.412500 0.029687 0.025000
0 0.339062 0.713889 0.025000 0.025926
0 0.086198 0.523611 0.023438 0.017593
0 0.682552 0.393981 0.027604 0.023148
0 0.433333 0.063889 0.013542 0.059259
0 0.594531 0.778704 0.027604 0.040741
0 0.508594 0.481481 0.013021 0.053704
0 0.432292 0.686111 0.018750 0.048148
0 0.250781 0.701389 0.023438 0.019444
0 0.492969 0.030556 0.010937 0.053704
0 0.071875 0.553241 0.027083 0.021296
0 0.785156 0.391667 0.028646 0.022222
0 0.403906 0.232407 0.013021 0.051852
0 0.414583 0.102778 0.013542 0.062963
0 0.458073 0.943056 0.016146 0.056481
1 0.041146 0.372222 0.072917 0.037037
