0 0.465365 0.119907 0.011979 0.050926
0 0.195833 0.327315 0.033333 0.025000
0 0.865104 0.496296 0.026042 0.024074
0 0.774219 0.459722 0.025521 0.019444
0 0.731250 0.420833 0.026042 0.021296
0 0.734896 0.455556 0.022917 0.020370
0 0.739062 0.492130 0.029167 0.021296
0 0.727604 0.525926 0.023958 0.020370
0 0.782292 0.494444 0.025000 0.020370
0 0.773438 0.423148 0.026042 0.022222
0 0.823698 0.460648 0.027604 0.023148
0 0.870573 0.460648 0.026562 0.023148
0 0.817708 0.424074 0.025000 0.020370
0 0.913542 0.464815 0.027083 0.022222
0 0.821354 0.495833 0.025000 0.021296
0 0.859896 0.430556 0.025000 0.018519
0 0.768750 0.526852 0.027083 0.022222
0 0.903646 0.429167 0.029167 0.023148
0 0.959635 0.465741 0.033854 0.024074
0 0.905469 0.498148 0.025521 0.020370
0 0.944010 0.431019 0.026562 0.019444
0 0.959115 0.498148 0.036979 0.024074
0 0.806250 0.528241 0.022917 0.019444
0 0.253906 0.634259 0.026562 0.022222
0 0.850521 0.529630 0.026042 0.024074
0 0.892448 0.533333 0.027604 0.022222
0 0.260677 0.524074 0.025521 0.020370
0 0.217708 0.525463 0.028125 0.023148
0 0.728125 0.565278 0.026042 0.023148
0 0.258594 0.598148 0.026562 0.022222
0 0.256771 0.564815 0.028125 0.024074
0 0.937500 0.533333 0.029167 0.020370
0 0.762500 0.564815 0.025000 0.022222
0 0.996094 0.501389 0.007812 0.019444
0 0.980990 0.533796 0.027604 0.019444
0 0.801562 0.566667 0.026042 0.022222
0 0.181510 0.527778 0.026562 0.024074
0 0.832812 0.564815 0.021875 0.020370
0 0.215625 0.632407 0.026042 0.020370
0 0.143750 0.529167 0.027083 0.023148
0 0.866406 0.572222 0.026562 0.020370
0 0.996615 0.464352 0.006771 0.019444
0 0.902344 0.568981 0.026562 0.021296
0 0.485156 0.734259 0.011979 0.050000
0 0.171615 0.634259 0.027604 0.022222
0 0.938021 0.568981 0.027083 0.019444
0 0.130469 0.633796 0.026562 0.023148
0 0.219792 0.599074 0.028125 0.022222
0 0.171875 0.597685 0.030208 0.025000
0 0.101823 0.525000 0.029687 0.022222
0 0.086458 0.630556 0.029167 0.022222
0 0.976042 0.567593 0.028125 0.018519
0 0.044271 0.629167 0.027083 0.023148
0 0.059896 0.523611 0.026042 0.021296
0 0.124740 0.596296 0.028646 0.024074
0 0.447135 0.047222 0.011979 0.050000
0 0.437500 0.758796 0.013542 0.058333
0 0.445833 0.131481 0.013542 0.046296
0 0.077083 0.593519 0.031250 0.024074
0 0.437240 0.649074 0.013021 0.059259
0 0.215104 0.671759 0.021875 0.025000
0 0.443750 0.572222 0.013542 0.057407
0 0.176563 0.668056 0.025000 0.021296
0 0.516667 0.043519 0.013542 0.055556
0 0.486458 0.886574 0.010417 0.039815
0 0.164583 0.561111 0.029167 0.022222
0 0.211198 0.564352 0.026562 0.023148
0 0.397396 0.833796 0.019792 0.052778
0 0.007031 0.629167 0.013021 0.025000
0 0.367188 0.740741 0.033333 0.042593
0 0.464844 0.044907 0.010937 0.050926
0 0.410938 0.994907 0.007292 0.010185
0 0.439323 0.917593 0.011979 0.057407
0 0.027865 0.593056 0.025521 0.023148
0 0.416406 0.905093 0.010937 0.049074
0 0.495312 0.116667 0.013542 0.061111
0 0.418490 0.737963 0.011979 0.048148
0 0.136979 0.668981 0.026042 0.021296
0 0.311198 0.707870 0.024479 0.021296
0 0.417969 0.629630 0.011979 0.051852
0 0.489583 0.232407 0.015625 0.059259
0 0.711198 0.730093 0.023438 0.023148
0 0.403646 0.761111 0.012500 0.048148
0 0.439583 0.474537 0.014583 0.062037
0 0.985156 0.425000 0.028646 0.029630
0 0.417969 0.504167 0.011979 0.050926
0 0.501042 0.430093 0.012500 0.056481
0 0.242188 0.708333 0.025000 0.024074
0 0.847135 0.733796 0.024479 0.021296
0 0.550521 0.821759 0.020833 0.041667
0 0.427604 0.120833 0.010417 0.050926
0 0.410417 0.176852 0.010417 0.050000
