0 0.461198 0.133333 0.009896 0.037037
0 0.461719 0.058796 0.010937 0.056481
0 0.726562 0.482870 0.025000 0.019444
0 0.729427 0.448148 0.024479 0.020370
0 0.767448 0.483796 0.026562 0.019444
0 0.805729 0.482407 0.026042 0.020370
0 0.766927 0.449537 0.025521 0.017593
0 0.727604 0.515741 0.025000 0.020370
0 0.814583 0.450926 0.028125 0.022222
0 0.920312 0.414815 0.028125 0.020370
0 0.869531 0.448148 0.029687 0.022222
0 0.858333 0.481944 0.026042 0.021296
0 0.968229 0.413426 0.026042 0.019444
0 0.939844 0.481481 0.023438 0.020370
0 0.911198 0.450926 0.026562 0.020370
0 0.901823 0.481944 0.029687 0.021296
0 0.766927 0.521759 0.027604 0.021296
0 0.944271 0.450000 0.023958 0.018519
0 0.983594 0.449074 0.025521 0.018519
0 0.239323 0.638426 0.024479 0.021296
0 0.249219 0.528704 0.025521 0.020370
0 0.808854 0.516667 0.027083 0.018519
0 0.860677 0.517593 0.026562 0.020370
0 0.728125 0.556944 0.026042 0.019444
0 0.772396 0.556944 0.027083 0.019444
0 0.904687 0.518056 0.029167 0.021296
0 0.812760 0.556019 0.026562 0.021296
0 0.129167 0.192130 0.013542 0.049074
0 0.850260 0.555556 0.026562 0.020370
0 0.193490 0.639815 0.026562 0.022222
0 0.997135 0.411111 0.005729 0.020370
0 0.951042 0.517593 0.027083 0.020370
0 0.209375 0.528704 0.029167 0.022222
0 0.260677 0.604167 0.026562 0.023148
0 0.150781 0.640741 0.025521 0.022222
0 0.256771 0.672222 0.028125 0.018519
0 0.224740 0.606019 0.024479 0.023148
0 0.421354 0.737963 0.009375 0.050000
0 0.221094 0.673611 0.026562 0.021296
0 0.100781 0.640278 0.028646 0.021296
0 0.184375 0.603704 0.031250 0.022222
0 0.170052 0.534722 0.028646 0.021296
0 0.126302 0.603704 0.029687 0.024074
0 0.896094 0.554630 0.027604 0.022222
0 0.398177 0.820370 0.017188 0.050000
0 0.174479 0.675926 0.027083 0.020370
0 0.488281 0.850000 0.013021 0.037037
0 0.130729 0.675000 0.027083 0.020370
0 0.054167 0.639352 0.030208 0.019444
0 0.077604 0.605093 0.034375 0.025000
0 0.444271 0.966204 0.013542 0.045370
0 0.981250 0.741204 0.023958 0.021296
0 0.439063 0.526852 0.012500 0.062963
0 0.936719 0.552315 0.027604 0.021296
0 0.013281 0.638426 0.023438 0.019444
0 0.041927 0.604630 0.026562 0.022222
0 0.090104 0.670833 0.028125 0.021296
0 0.419531 0.339815 0.011979 0.046296
0 0.972135 0.554630 0.028646 0.022222
0 0.442448 0.202778 0.011979 0.050000
0 0.331250 0.708796 0.023958 0.021296
0 0.048177 0.674074 0.029687 0.022222
0 0.562760 0.333796 0.031771 0.043519
0 0.981771 0.482870 0.031250 0.021296
0 0.992708 0.516667 0.014583 0.022222
0 0.481771 0.018519 0.010417 0.037037
0 0.040885 0.260185 0.014063 0.038889
0 0.606771 0.376852 0.026042 0.022222
0 0.486198 0.977315 0.010937 0.039815
0 0.014583 0.675463 0.023958 0.019444
0 0.010156 0.606944 0.020313 0.021296
0 0.130729 0.532870 0.028125 0.021296
0 0.151823 0.570370 0.027604 0.022222
0 0.503125 0.319907 0.011458 0.056481
0 0.265885 0.703704 0.024479 0.022222
0 0.423177 0.925000 0.011979 0.061111
0 0.146615 0.348611 0.029687 0.036111
0 0.484115 0.203704 0.010937 0.048148
0 0.431771 0.854167 0.011458 0.045370
0 0.502865 0.121759 0.014063 0.054630
0 0.184115 0.709259 0.030729 0.022222
0 0.486719 0.320833 0.011979 0.052778
0 0.438021 0.662963 0.010417 0.051852
0 0.682552 0.381944 0.026562 0.021296
0 0.108594 0.483333 0.018229 0.040741
0 0.638802 0.683333 0.023438 0.035185
0 0.415365 0.488426 0.010937 0.056481
0 0.102083 0.569907 0.026042 0.021296
0 0.486458 0.539352 0.010417 0.049074
0 0.109635 0.711574 0.025521 0.021296
0 0.508594 0.568056 0.011979 0.050926
0 0.441667 0.326852 0.013542 0.055556
0 0.070573 0.537037 0.025521 0.022222
0 0.489323 0.656019 0.010937 0.049074
0 0.213542 0.569907 0.018750 0.021296
0 0.862760 0.371759 0.028646 0.023148
0 0.205469 0.569907 0.034896 0.023148
0 0.507552 0.774074 0.011979 0.051852
0 0.036198 0.709722 0.029687 0.021296
0 0.597396 0.336574 0.015625 0.021296
