0 0.262240 0.601852 0.028646 0.022222
0 0.823438 0.469907 0.028125 0.021296
0 0.475521 0.279167 0.021875 0.054630
0 0.822656 0.535648 0.027604 0.025000
0 0.785417 0.500000 0.026042 0.022222
0 0.734375 0.534722 0.026042 0.019444
0 0.408333 0.918056 0.015625 0.063889
0 0.007812 0.418981 0.015625 0.021296
0 0.596354 0.608333 0.031250 0.035185
0 0.227344 0.638426 0.028646 0.025000
0 0.440365 0.987500 0.007812 0.023148
0 0.541927 0.225463 0.022396 0.052778
0 0.173698 0.602778 0.025521 0.024074
0 0.867188 0.468519 0.029167 0.025926
0 0.604427 0.377778 0.033854 0.029630
0 0.371094 0.523148 0.030729 0.033333
0 0.651302 0.576852 0.026562 0.024074
0 0.485156 0.728704 0.027604 0.051852
0 0.854167 0.436111 0.027083 0.022222
0 0.268750 0.637037 0.028125 0.022222
0 0.866406 0.503241 0.027604 0.021296
0 0.061198 0.523611 0.027604 0.023148
0 0.133333 0.595833 0.025000 0.021296
0 0.739844 0.425000 0.026562 0.024074
0 0.907552 0.506481 0.025521 0.020370
0 0.740365 0.462037 0.028646 0.022222
0 0.494792 0.043981 0.015625 0.067593
0 0.212500 0.599537 0.028125 0.023148
0 0.778906 0.429630 0.023438 0.022222
0 0.775260 0.536111 0.026562 0.020370
0 0.722396 0.568981 0.026042 0.023148
0 0.824219 0.502778 0.029687 0.024074
0 0.777344 0.466667 0.025521 0.022222
0 0.451823 0.844444 0.021354 0.059259
0 0.287500 0.531019 0.026042 0.019444
0 0.130469 0.529167 0.028646 0.023148
0 0.557552 0.314352 0.025521 0.039815
0 0.858333 0.707870 0.025000 0.021296
0 0.442448 0.403241 0.028646 0.049074
0 0.738542 0.500000 0.027083 0.020370
0 0.227344 0.377778 0.025521 0.020370
0 0.467448 0.144907 0.014063 0.060185
0 0.946354 0.469907 0.026042 0.021296
0 0.059115 0.380556 0.027604 0.022222
0 0.954948 0.504630 0.028646 0.024074
0 0.910417 0.469907 0.027083 0.023148
0 0.391146 0.779167 0.026042 0.049074
0 0.491406 0.203241 0.013021 0.056481
0 0.358333 0.365741 0.027083 0.042593
0 0.272396 0.392130 0.026042 0.026852
0 0.449479 0.138426 0.010417 0.052778
0 0.864583 0.538426 0.031250 0.023148
0 0.433073 0.050926 0.016146 0.066667
0 0.548958 0.648611 0.029167 0.041667
0 0.452083 0.068519 0.016667 0.059259
0 0.470313 0.066204 0.016667 0.058333
0 0.432812 0.139815 0.012500 0.051852
0 0.518229 0.077315 0.014583 0.060185
0 0.820052 0.431019 0.026562 0.021296
0 0.106510 0.439815 0.022396 0.048148
0 0.988281 0.677778 0.021354 0.027778
0 0.812760 0.572222 0.026562 0.020370
0 0.265885 0.672222 0.024479 0.020370
0 0.986458 0.470833 0.025000 0.019444
0 0.915625 0.576389 0.025000 0.021296
0 0.082552 0.595833 0.028646 0.023148
0 0.704688 0.386574 0.021875 0.019444
0 0.910677 0.541204 0.025521 0.021296
0 0.380469 0.287037 0.022396 0.042593
0 0.084375 0.562500 0.025000 0.021296
0 0.172917 0.633796 0.029167 0.023148
0 0.813802 0.393056 0.028646 0.021296
0 0.037500 0.594907 0.027083 0.021296
0 0.960677 0.537500 0.023438 0.021296
0 0.009115 0.524537 0.014063 0.025000
0 0.415625 0.068056 0.012500 0.052778
0 0.023438 0.556944 0.023958 0.021296
0 0.982292 0.566667 0.022917 0.022222
