0 0.443229 0.108796 0.012500 0.045370
0 0.444010 0.265278 0.013021 0.050926
0 0.426042 0.174074 0.012500 0.061111
0 0.425260 0.323611 0.013021 0.062037
0 0.386979 0.300000 0.023958 0.053704
0 0.462760 0.133333 0.013021 0.046296
0 0.463021 0.062500 0.013542 0.056481
0 0.727083 0.487037 0.026042 0.020370
0 0.729688 0.451852 0.026042 0.022222
0 0.767969 0.487500 0.027604 0.021296
0 0.980729 0.487963 0.037500 0.025926
0 0.807292 0.485185 0.027083 0.020370
0 0.767708 0.453704 0.026042 0.018519
0 0.728646 0.518056 0.025000 0.021296
0 0.815104 0.454630 0.029167 0.020370
0 0.922135 0.418981 0.026562 0.017593
0 0.870573 0.451852 0.028646 0.020370
0 0.354427 0.355093 0.031771 0.041667
0 0.859375 0.485648 0.027083 0.021296
0 0.969792 0.418519 0.027083 0.018519
0 0.940885 0.486574 0.024479 0.021296
0 0.912500 0.454630 0.027083 0.020370
0 0.903125 0.485648 0.029167 0.019444
0 0.769010 0.524537 0.027604 0.023148
0 0.946094 0.455093 0.025521 0.017593
0 0.984896 0.454167 0.023958 0.017593
0 0.239844 0.640278 0.024479 0.021296
0 0.232813 0.532870 0.026042 0.023148
0 0.809896 0.520833 0.027083 0.019444
0 0.497135 0.212963 0.018229 0.062963
0 0.498437 0.071296 0.010417 0.044444
0 0.862500 0.522222 0.028125 0.020370
0 0.728125 0.559722 0.022917 0.019444
0 0.284115 0.424074 0.025521 0.029630
0 0.773438 0.562037 0.027083 0.020370
0 0.610417 0.963426 0.031250 0.063889
0 0.200000 0.571296 0.034375 0.025926
0 0.117448 0.463889 0.021354 0.059259
0 0.907031 0.523611 0.033854 0.023148
0 0.878646 0.560648 0.026042 0.019444
0 0.505990 0.825000 0.013021 0.053704
0 0.081771 0.537037 0.030208 0.025926
0 0.891667 0.380093 0.027083 0.021296
0 0.406510 0.048611 0.009896 0.050926
0 0.130208 0.193981 0.015625 0.058333
0 0.042969 0.261111 0.013021 0.038889
0 0.984635 0.561111 0.017188 0.018519
0 0.005990 0.535185 0.007812 0.024074
0 0.004167 0.418056 0.008333 0.021296
0 0.507031 0.994444 0.025521 0.009259
