0 0.109896 0.254167 0.012500 0.054630
0 0.222135 0.374537 0.031771 0.028704
0 0.161719 0.401852 0.027604 0.022222
0 0.898177 0.668981 0.026562 0.023148
0 0.451042 0.450926 0.027083 0.024074
0 0.119792 0.425463 0.029167 0.021296
0 0.203125 0.441667 0.028125 0.022222
0 0.369531 0.413426 0.025521 0.021296
0 0.215104 0.489352 0.029167 0.021296
0 0.420052 0.413889 0.026562 0.024074
0 0.040625 0.476389 0.029167 0.023148
0 0.384375 0.449537 0.030208 0.023148
0 0.130469 0.470833 0.026562 0.021296
0 0.973177 0.659259 0.031771 0.024074
0 0.378385 0.500000 0.025521 0.022222
0 0.333854 0.481019 0.025000 0.023148
0 0.756771 0.640741 0.029167 0.024074
0 0.850781 0.700463 0.028646 0.023148
0 0.508073 0.516204 0.025521 0.021296
0 0.672656 0.664352 0.026562 0.021296
0 0.500521 0.468981 0.026042 0.021296
0 0.620052 0.630093 0.026562 0.021296
0 0.559896 0.648611 0.026042 0.023148
0 0.515625 0.618056 0.026042 0.019444
0 0.442188 0.491204 0.028125 0.023148
0 0.613542 0.687037 0.030208 0.024074
0 0.586719 0.463426 0.027604 0.023148
0 0.476302 0.648148 0.029687 0.024074
0 0.577344 0.517130 0.027604 0.025000
0 0.618490 0.496296 0.021354 0.022222
0 0.740625 0.536111 0.026042 0.020370
0 0.305208 0.640278 0.025000 0.021296
0 0.255729 0.534259 0.027083 0.024074
0 0.703646 0.500926 0.023958 0.020370
0 0.853906 0.507407 0.026562 0.020370
0 0.773177 0.574074 0.024479 0.020370
0 0.738021 0.572685 0.027083 0.021296
0 0.256250 0.568519 0.025000 0.024074
0 0.809896 0.575000 0.027083 0.022222
0 0.220312 0.570833 0.028125 0.025000
0 0.848177 0.580093 0.026562 0.021296
0 0.884375 0.577315 0.026042 0.021296
0 0.869792 0.543056 0.027083 0.021296
0 0.923177 0.579167 0.025521 0.021296
0 0.217969 0.533796 0.023438 0.017593
0 0.959115 0.579167 0.035937 0.026852
0 0.168229 0.568056 0.028125 0.025000
0 0.607292 0.970370 0.035417 0.051852
0 0.446094 0.144907 0.015104 0.054630
0 0.428646 0.141204 0.010417 0.056481
0 0.447656 0.071296 0.010937 0.057407
0 0.430729 0.063426 0.011458 0.054630
0 0.388281 0.608796 0.027604 0.023148
0 0.991406 0.579630 0.016146 0.024074
0 0.777083 0.381481 0.030208 0.025926
0 0.675521 0.441667 0.026042 0.020370
0 0.179688 0.528241 0.026042 0.019444
0 0.465885 0.126852 0.010937 0.050000
0 0.468490 0.055093 0.011979 0.052778
0 0.340104 0.725463 0.022917 0.023148
0 0.757812 0.467593 0.028125 0.024074
0 0.308854 0.411574 0.027083 0.025000
0 0.296354 0.720833 0.026042 0.023148
0 0.467448 0.006944 0.015104 0.013889
0 0.377344 0.643519 0.022396 0.020370
0 0.828385 0.433796 0.025521 0.019444
1 0.488281 0.390278 0.078646 0.039815
0 0.309375 0.332407 0.027083 0.027778
0 0.404948 0.197685 0.013021 0.052778
0 0.401562 0.284722 0.016667 0.050926
0 0.232031 0.603704 0.024479 0.022222
0 0.194792 0.637500 0.027083 0.023148
0 0.903125 0.509259 0.023958 0.018519
0 0.843490 0.468056 0.025521 0.021296
0 0.216146 0.744444 0.027083 0.016667
0 0.101302 0.668981 0.024479 0.023148
0 0.975781 0.506944 0.035937 0.025000
0 0.909115 0.441204 0.025521 0.019444
0 0.101302 0.595833 0.029687 0.023148
0 0.441667 0.684259 0.083333 0.040741
0 0.036198 0.669444 0.028646 0.024074
0 0.092708 0.633333 0.025000 0.022222
0 0.959115 0.545370 0.029687 0.024074
0 0.002604 0.630556 0.005208 0.022222
0 0.966927 0.439815 0.026562 0.022222
0 0.955729 0.471296 0.027083 0.020370
0 0.025260 0.597222 0.027604 0.024074
0 0.920052 0.399074 0.026562 0.020370
