0 0.262240 0.598611 0.027604 0.023148
0 0.823438 0.471296 0.028125 0.022222
0 0.822917 0.537500 0.027083 0.023148
0 0.785677 0.501389 0.026562 0.023148
0 0.734375 0.535648 0.025000 0.017593
0 0.227865 0.634259 0.028646 0.024074
0 0.173698 0.598611 0.025521 0.023148
0 0.866927 0.471296 0.029687 0.024074
0 0.855469 0.439815 0.026562 0.020370
0 0.267969 0.634259 0.027604 0.022222
0 0.866146 0.506944 0.027083 0.021296
0 0.133073 0.590741 0.024479 0.022222
0 0.739844 0.426852 0.026562 0.022222
0 0.907031 0.509722 0.024479 0.019444
0 0.740625 0.462500 0.028125 0.021296
0 0.211979 0.594444 0.027083 0.024074
0 0.779167 0.430556 0.025000 0.022222
0 0.775000 0.537037 0.026042 0.018519
0 0.824479 0.505093 0.028125 0.025000
0 0.777344 0.468056 0.026562 0.023148
0 0.738802 0.501389 0.027604 0.019444
0 0.468750 0.143056 0.015625 0.063889
0 0.946094 0.473611 0.027604 0.021296
0 0.951562 0.507870 0.027083 0.021296
0 0.910156 0.472222 0.027604 0.022222
0 0.864323 0.541204 0.028646 0.025000
0 0.471354 0.062500 0.016667 0.062037
0 0.820573 0.434259 0.029687 0.024074
0 0.266146 0.668981 0.023958 0.021296
0 0.987240 0.474074 0.023438 0.020370
0 0.082812 0.590278 0.027083 0.025000
0 0.909115 0.543981 0.025521 0.019444
0 0.265365 0.564352 0.025521 0.021296
0 0.175521 0.630556 0.028125 0.024074
0 0.040365 0.588426 0.027604 0.023148
0 0.952344 0.541667 0.025521 0.022222
0 0.232292 0.561574 0.025000 0.019444
0 0.990625 0.512500 0.018750 0.021296
0 0.742969 0.570370 0.026562 0.022222
0 0.120052 0.628704 0.024479 0.022222
0 0.777604 0.575463 0.023958 0.023148
0 0.988802 0.544907 0.021354 0.021296
0 0.195052 0.561111 0.024479 0.022222
0 0.048438 0.244444 0.012500 0.037037
0 0.003125 0.586111 0.006250 0.024074
0 0.058594 0.625463 0.029687 0.023148
0 0.820312 0.575463 0.028125 0.025000
0 0.224219 0.665741 0.026562 0.022222
0 0.014063 0.625463 0.023958 0.021296
0 0.859375 0.574537 0.029167 0.025000
0 0.183073 0.663426 0.026562 0.026852
0 0.267448 0.529167 0.025521 0.019444
0 0.910156 0.580093 0.032813 0.023148
0 0.143490 0.663426 0.026562 0.025000
0 0.224740 0.525000 0.026562 0.020370
0 0.948438 0.581019 0.026042 0.023148
0 0.101042 0.662963 0.027083 0.024074
0 0.154167 0.555093 0.026042 0.023148
0 0.530729 0.228704 0.018750 0.053704
0 0.981250 0.581481 0.025000 0.020370
0 0.500260 0.352315 0.009896 0.054630
0 0.056771 0.657870 0.027083 0.021296
0 0.553385 0.320370 0.029687 0.042593
0 0.485677 0.860648 0.011979 0.045370
0 0.509375 0.165741 0.012500 0.050000
0 0.393750 0.815741 0.022917 0.051852
0 0.182812 0.523611 0.028125 0.023148
0 0.491927 0.099537 0.011979 0.052778
0 0.409635 0.969907 0.019271 0.058333
0 0.594271 0.367130 0.029167 0.034259
0 0.496094 0.230093 0.013021 0.054630
0 0.116927 0.554630 0.026562 0.020370
0 0.444271 0.869444 0.012500 0.051852
0 0.419271 0.772222 0.012500 0.046296
0 0.514062 0.407870 0.010417 0.052778
0 0.515365 0.496759 0.010937 0.052778
0 0.490104 0.467130 0.012500 0.056481
0 0.434635 0.141667 0.015104 0.061111
0 0.504948 0.563426 0.010937 0.056481
0 0.139583 0.521759 0.025000 0.021296
0 0.485417 0.592593 0.011458 0.055556
0 0.012240 0.659259 0.024479 0.022222
0 0.813542 0.394907 0.028125 0.023148
0 0.487500 0.698611 0.011458 0.050926
0 0.404167 0.188889 0.013542 0.050000
0 0.453125 0.057870 0.013542 0.054630
0 0.727083 0.356944 0.022917 0.015741
0 0.608333 0.969444 0.032292 0.053704
0 0.983594 0.443056 0.027604 0.015741
0 0.510938 0.747222 0.014583 0.025926
0 0.416406 0.081944 0.013021 0.054630
0 0.655208 0.736111 0.029167 0.027778
0 0.040885 0.695370 0.028646 0.024074
0 0.023438 0.520833 0.021875 0.015741
0 0.969010 0.404167 0.023438 0.019444
0 0.102604 0.503241 0.029167 0.037963
0 0.435677 0.023611 0.013021 0.047222
