0 0.460938 0.127778 0.012500 0.051852
0 0.460677 0.061111 0.009896 0.055556
0 0.724479 0.484722 0.025000 0.019444
0 0.727865 0.450000 0.025521 0.022222
0 0.766667 0.484259 0.027083 0.022222
0 0.804948 0.482870 0.025521 0.021296
0 0.766927 0.450463 0.025521 0.019444
0 0.726823 0.515741 0.024479 0.022222
0 0.813802 0.451852 0.027604 0.022222
0 0.919271 0.415278 0.028125 0.019444
0 0.867448 0.448611 0.034896 0.025000
0 0.856510 0.483796 0.025521 0.021296
0 0.966927 0.415278 0.028646 0.021296
0 0.939063 0.483796 0.025000 0.021296
0 0.910156 0.451852 0.027604 0.020370
0 0.900260 0.482407 0.028646 0.020370
0 0.766406 0.522685 0.026562 0.021296
0 0.942448 0.451389 0.024479 0.019444
0 0.982031 0.449537 0.024479 0.017593
0 0.238281 0.637500 0.022396 0.021296
0 0.248698 0.529167 0.024479 0.021296
0 0.807552 0.517593 0.027604 0.020370
0 0.405729 0.959259 0.011458 0.051852
0 0.859375 0.518981 0.027083 0.019444
0 0.726823 0.557870 0.024479 0.019444
0 0.771094 0.557870 0.026562 0.021296
0 0.903646 0.519444 0.028125 0.020370
0 0.418229 0.369444 0.013542 0.055556
0 0.812240 0.557407 0.026562 0.020370
0 0.536719 0.290278 0.026562 0.047222
0 0.849479 0.556944 0.026042 0.019444
0 0.193490 0.637963 0.026562 0.024074
0 0.996875 0.412037 0.005208 0.020370
0 0.951042 0.518519 0.028125 0.020370
0 0.424479 0.107870 0.011458 0.052778
0 0.208854 0.528241 0.026042 0.021296
0 0.169792 0.370833 0.027083 0.021296
0 0.260156 0.604167 0.026562 0.023148
0 0.149479 0.638889 0.023958 0.024074
0 0.104427 0.431481 0.019271 0.038889
0 0.283594 0.709259 0.025521 0.020370
0 0.255729 0.670833 0.027083 0.019444
0 0.224219 0.606019 0.024479 0.023148
0 0.602604 0.363426 0.023958 0.025000
0 0.441406 0.787500 0.011979 0.052778
0 0.235937 0.708333 0.022917 0.018519
0 0.220052 0.671759 0.025521 0.021296
0 0.100260 0.638889 0.028646 0.022222
0 0.481771 0.218519 0.011458 0.051852
0 0.501042 0.241204 0.014583 0.056481
0 0.408854 0.735185 0.013542 0.057407
0 0.180990 0.603241 0.026562 0.023148
0 0.141406 0.533796 0.027604 0.023148
0 0.263802 0.362963 0.022396 0.025926
0 0.438281 0.597685 0.013021 0.054630
0 0.648438 0.375000 0.026042 0.024074
0 0.500000 0.377315 0.011458 0.054630
0 0.481510 0.369444 0.011979 0.055556
0 0.125521 0.602778 0.028125 0.022222
0 0.415885 0.535185 0.011979 0.053704
0 0.183854 0.706944 0.027083 0.021296
0 0.438021 0.454167 0.012500 0.052778
0 0.909375 0.555093 0.026042 0.021296
0 0.830729 0.378704 0.025000 0.018519
0 0.438542 0.318519 0.012500 0.057407
0 0.131250 0.707407 0.026042 0.018519
0 0.107813 0.676389 0.033333 0.023148
0 0.501563 0.573611 0.012500 0.060185
0 0.011458 0.676389 0.014583 0.017593
0 0.039583 0.637963 0.029167 0.020370
0 0.047396 0.605093 0.034375 0.025000
0 0.914583 0.378241 0.026042 0.015741
0 0.982812 0.608333 0.027083 0.042593
0 0.484896 0.626389 0.012500 0.052778
0 0.519531 0.937037 0.016146 0.050000
0 0.033594 0.536574 0.027604 0.017593
0 0.406250 0.024537 0.014583 0.049074
0 0.487500 0.777315 0.010417 0.045370
