0 0.260677 0.601852 0.027604 0.020370
0 0.395573 0.792593 0.024479 0.046296
0 0.822656 0.469444 0.028646 0.022222
0 0.332031 0.536111 0.028646 0.033333
0 0.821354 0.535648 0.027083 0.023148
0 0.785156 0.499537 0.026562 0.023148
0 0.007812 0.370833 0.014583 0.019444
0 0.733594 0.534259 0.025521 0.020370
0 0.506771 0.022685 0.012500 0.045370
0 0.344010 0.711574 0.029687 0.026852
0 0.483333 0.266204 0.014583 0.054630
0 0.266927 0.409259 0.029687 0.029630
0 0.731510 0.571296 0.024479 0.018519
0 0.418750 0.852315 0.011458 0.041667
0 0.225521 0.638889 0.027083 0.022222
0 0.526823 0.636574 0.029687 0.045370
0 0.618490 0.366667 0.024479 0.029630
0 0.172656 0.602778 0.024479 0.022222
0 0.866406 0.468519 0.028646 0.024074
0 0.764323 0.391667 0.028646 0.024074
0 0.153646 0.562963 0.025000 0.022222
0 0.807552 0.569907 0.027604 0.023148
0 0.626563 0.573611 0.027083 0.025000
0 0.887500 0.694907 0.028125 0.023148
0 0.853906 0.436111 0.027604 0.022222
0 0.267188 0.637500 0.026042 0.019444
0 0.009375 0.370833 0.018750 0.019444
0 0.864844 0.504167 0.026562 0.021296
0 0.800260 0.710185 0.025521 0.020370
0 0.051302 0.438889 0.025521 0.022222
0 0.021615 0.525926 0.028646 0.020370
0 0.130990 0.595833 0.026562 0.021296
0 0.739583 0.425463 0.027083 0.023148
0 0.906250 0.506944 0.025000 0.019444
0 0.739583 0.462963 0.028125 0.022222
0 0.466927 0.379630 0.027604 0.059259
0 0.211198 0.599074 0.028646 0.022222
0 0.777865 0.429167 0.023438 0.023148
0 0.773958 0.536111 0.026042 0.020370
0 0.886458 0.573611 0.026042 0.021296
0 0.823438 0.503241 0.028125 0.025000
0 0.477083 0.736574 0.022917 0.056481
0 0.776563 0.465741 0.025000 0.022222
0 0.580469 0.584722 0.027604 0.026852
0 0.086458 0.536111 0.026042 0.020370
0 0.037240 0.550463 0.030729 0.025000
0 0.932031 0.629630 0.026562 0.022222
0 0.677604 0.396296 0.026042 0.025926
0 0.780990 0.623611 0.025521 0.049074
0 0.241667 0.565278 0.026042 0.021296
0 0.498437 0.147685 0.013542 0.054630
0 0.737760 0.500463 0.028646 0.021296
0 0.369271 0.340741 0.021875 0.038889
0 0.467187 0.144907 0.013542 0.058333
0 0.946094 0.469907 0.026562 0.021296
0 0.227865 0.375000 0.025521 0.024074
0 0.955469 0.505556 0.028646 0.024074
0 0.909635 0.469907 0.027604 0.023148
0 0.241927 0.703704 0.026562 0.018519
0 0.398177 0.506944 0.024479 0.032407
0 0.413281 0.182407 0.011979 0.055556
0 0.400000 0.277778 0.017708 0.055556
0 0.448698 0.138426 0.010937 0.054630
0 0.876563 0.539352 0.030208 0.023148
0 0.432292 0.050463 0.014583 0.060185
0 0.683594 0.565741 0.023438 0.018519
0 0.451042 0.067130 0.015625 0.060185
0 0.498437 0.345833 0.020833 0.054630
0 0.469792 0.062963 0.015625 0.059259
0 0.431510 0.140741 0.011979 0.050000
0 0.465885 0.448611 0.028646 0.045370
0 0.818750 0.431481 0.028125 0.024074
0 0.114323 0.492593 0.027604 0.051852
0 0.966406 0.592593 0.026562 0.025926
0 0.513281 0.233796 0.010937 0.047222
0 0.935417 0.577315 0.026042 0.019444
0 0.216406 0.670370 0.025521 0.022222
0 0.985677 0.471296 0.025521 0.020370
1 0.131250 0.398148 0.076042 0.033333
0 0.997135 0.581019 0.005729 0.017593
0 0.068490 0.594907 0.027604 0.021296
0 0.876563 0.386574 0.023958 0.019444
0 0.996875 0.628241 0.006250 0.021296
0 0.949740 0.541667 0.027604 0.020370
0 0.413021 0.076389 0.012500 0.056481
0 0.003906 0.557870 0.006771 0.023148
0 0.032552 0.628241 0.024479 0.023148
0 0.046354 0.250000 0.013542 0.040741
