0 0.183073 0.239352 0.011979 0.050926
0 0.105208 0.272685 0.012500 0.050926
0 0.006250 0.146759 0.011458 0.039815
0 0.732812 0.571296 0.027083 0.024074
0 0.660417 0.646759 0.027083 0.025000
0 0.736198 0.461574 0.025521 0.023148
0 0.733594 0.430556 0.027604 0.022222
0 0.783594 0.424537 0.029687 0.025000
0 0.772656 0.462963 0.026562 0.024074
0 0.822135 0.428704 0.030729 0.025926
0 0.811458 0.462500 0.029167 0.025000
0 0.850260 0.462500 0.030729 0.026852
0 0.735677 0.497685 0.026562 0.023148
0 0.866146 0.425463 0.030208 0.025000
0 0.040365 0.276389 0.013021 0.041667
0 0.778646 0.498148 0.026042 0.024074
0 0.915885 0.429167 0.030729 0.025000
0 0.895573 0.464352 0.027604 0.025000
0 0.731250 0.531944 0.029167 0.023148
0 0.261458 0.654167 0.026042 0.017593
0 0.934635 0.462037 0.026562 0.024074
0 0.953646 0.431481 0.027083 0.022222
0 0.258333 0.618981 0.028125 0.021296
0 0.220573 0.653241 0.027604 0.021296
0 0.274479 0.687500 0.026042 0.019444
0 0.207292 0.618981 0.029167 0.023148
0 0.240104 0.687037 0.026042 0.020370
0 0.978906 0.461574 0.031771 0.025000
0 0.820833 0.497685 0.028125 0.025000
0 0.778906 0.532407 0.027604 0.024074
0 0.119010 0.654167 0.026562 0.021296
0 0.166146 0.655556 0.028125 0.022222
0 0.117188 0.619444 0.028125 0.022222
0 0.156771 0.619907 0.028125 0.021296
0 0.196094 0.693056 0.027604 0.023148
0 0.080208 0.618519 0.027083 0.020370
0 0.988281 0.430556 0.022396 0.020370
0 0.862760 0.499074 0.032813 0.024074
0 0.082292 0.653241 0.028125 0.023148
0 0.150260 0.688426 0.027604 0.021296
0 0.905990 0.498611 0.032813 0.026852
0 0.044792 0.618981 0.025000 0.023148
0 0.108073 0.689815 0.028646 0.022222
0 0.036458 0.655556 0.029167 0.024074
0 0.822656 0.532870 0.030729 0.023148
0 0.952344 0.497685 0.029687 0.023148
0 0.769792 0.571296 0.027083 0.024074
0 0.068750 0.688426 0.027083 0.021296
0 0.002083 0.654167 0.004167 0.021296
0 0.985938 0.498148 0.023958 0.022222
0 0.027865 0.689352 0.024479 0.021296
0 0.258073 0.585185 0.027604 0.020370
0 0.808854 0.569444 0.031250 0.027778
0 0.210677 0.582870 0.024479 0.019444
0 0.849479 0.567593 0.027083 0.022222
0 0.238802 0.548611 0.025521 0.021296
0 0.871875 0.533333 0.033333 0.024074
0 0.892188 0.572685 0.029167 0.025000
0 0.930990 0.568981 0.028646 0.025000
0 0.517708 0.512963 0.023958 0.044444
0 0.013542 0.618056 0.023958 0.019444
0 0.163802 0.584259 0.025521 0.020370
0 0.572396 0.592593 0.026042 0.033333
0 0.918490 0.535185 0.029687 0.024074
0 0.200000 0.550000 0.025000 0.020370
0 0.971615 0.531019 0.029687 0.025000
0 0.485677 0.407407 0.021354 0.057407
0 0.996875 0.530556 0.006250 0.022222
0 0.461198 0.025000 0.015104 0.050000
0 0.463281 0.256944 0.014063 0.063889
0 0.009375 0.261574 0.013542 0.043519
0 0.461719 0.143056 0.014063 0.056481
0 0.442969 0.067130 0.014063 0.056481
0 0.195052 0.313426 0.028646 0.037963
0 0.969271 0.571759 0.025000 0.021296
0 0.426302 0.152778 0.010937 0.051852
0 0.442188 0.142593 0.015625 0.059259
0 0.424219 0.079630 0.013021 0.051852
0 0.126562 0.205093 0.014583 0.045370
0 0.511198 0.189815 0.019271 0.057407
0 0.268750 0.481944 0.022917 0.028704
0 0.888021 0.709722 0.027083 0.023148
0 0.567708 0.361574 0.033333 0.037963
0 0.357031 0.735185 0.029687 0.025926
0 0.161979 0.550000 0.027083 0.022222
0 0.306510 0.720833 0.023438 0.017593
0 0.378385 0.550926 0.024479 0.050000
0 0.444271 0.752778 0.017708 0.061111
0 0.408594 0.651852 0.021354 0.051852
0 0.114583 0.461111 0.015625 0.050000
0 0.465625 0.968519 0.021875 0.057407
