0 0.045573 0.246296 0.013021 0.040741
0 0.547917 0.559259 0.026042 0.020370
0 0.345052 0.410185 0.026562 0.022222
0 0.170573 0.403241 0.025521 0.023148
0 0.358333 0.445370 0.027083 0.022222
0 0.046875 0.433796 0.028125 0.023148
0 0.013542 0.468056 0.027083 0.021296
0 0.458854 0.412963 0.026042 0.022222
0 0.233073 0.441204 0.027604 0.021296
0 0.267448 0.637037 0.025521 0.020370
0 0.551042 0.419444 0.032292 0.025926
0 0.297656 0.453241 0.025521 0.019444
0 0.458594 0.462500 0.026562 0.021296
0 0.785937 0.654167 0.022917 0.019444
0 0.708854 0.625463 0.027083 0.019444
0 0.401562 0.462037 0.026042 0.022222
0 0.609896 0.641667 0.027083 0.022222
0 0.970052 0.629630 0.029687 0.022222
0 0.821875 0.686111 0.028125 0.022222
0 0.891406 0.643519 0.029687 0.022222
0 0.114062 0.473148 0.028125 0.020370
0 0.304688 0.485648 0.023958 0.019444
0 0.512240 0.637037 0.025521 0.020370
0 0.747656 0.682407 0.025521 0.020370
0 0.633594 0.562500 0.023438 0.019444
0 0.216667 0.477315 0.028125 0.021296
0 0.699740 0.567593 0.026562 0.022222
0 0.259635 0.565741 0.026562 0.018519
0 0.264844 0.525463 0.025521 0.021296
0 0.224740 0.562963 0.024479 0.022222
0 0.764062 0.571759 0.025000 0.021296
0 0.145573 0.556944 0.025521 0.021296
0 0.887240 0.577778 0.028646 0.022222
0 0.184896 0.561574 0.026042 0.025000
0 0.595313 0.606019 0.026042 0.021296
0 0.929948 0.579630 0.028646 0.024074
0 0.969531 0.581019 0.025521 0.021296
0 0.132292 0.443056 0.029167 0.023148
0 0.227604 0.524537 0.026042 0.021296
0 0.995573 0.581481 0.007812 0.022222
0 0.420312 0.501852 0.026042 0.024074
0 0.522917 0.513889 0.029167 0.025926
0 0.617448 0.521759 0.025521 0.021296
0 0.430729 0.138889 0.012500 0.050000
0 0.448177 0.138426 0.010937 0.050926
0 0.431771 0.049537 0.013542 0.050926
0 0.450781 0.065741 0.017188 0.059259
0 0.183073 0.525000 0.032813 0.024074
0 0.105990 0.555556 0.026562 0.022222
0 0.488542 0.486574 0.025000 0.021296
0 0.744531 0.462500 0.053646 0.032407
0 0.466406 0.143056 0.014063 0.060185
0 0.709896 0.701852 0.018750 0.020370
0 0.469271 0.062963 0.016667 0.061111
0 0.103125 0.378241 0.026042 0.021296
0 0.507031 0.050000 0.015104 0.053704
0 0.382812 0.296296 0.025000 0.046296
0 0.577344 0.347222 0.031771 0.040741
0 0.625521 0.426389 0.027083 0.025000
0 0.405208 0.229630 0.014583 0.048148
0 0.564323 0.482870 0.028646 0.023148
0 0.313802 0.679630 0.027604 0.022222
0 0.397396 0.635648 0.025000 0.021296
0 0.426823 0.608796 0.025521 0.019444
0 0.729688 0.533333 0.025000 0.022222
0 0.576562 0.681019 0.082292 0.037963
0 0.755990 0.428241 0.029687 0.021296
0 0.680990 0.494907 0.026562 0.019444
0 0.277604 0.600463 0.026042 0.021296
0 0.788281 0.539815 0.026562 0.020370
0 0.172917 0.630093 0.027083 0.025000
0 0.819271 0.432870 0.033333 0.023148
0 0.824740 0.469907 0.025521 0.023148
0 0.810417 0.503241 0.028125 0.023148
0 0.414062 0.112963 0.011458 0.050000
0 0.870052 0.433796 0.027604 0.023148
0 0.103385 0.662500 0.025521 0.023148
0 0.137760 0.592593 0.024479 0.024074
0 0.878646 0.541667 0.026042 0.020370
0 0.946615 0.435185 0.031771 0.024074
0 0.125521 0.697685 0.027083 0.019444
0 0.899740 0.507870 0.024479 0.021296
0 0.062760 0.590278 0.028646 0.023148
1 0.431771 0.684722 0.078125 0.037963
0 0.912240 0.470833 0.027604 0.023148
0 0.988021 0.475463 0.019792 0.023148
0 0.981250 0.510648 0.018750 0.021296
0 0.509375 0.744907 0.013542 0.026852
0 0.012500 0.623611 0.014583 0.023148
0 0.022135 0.660185 0.021354 0.022222
0 0.744010 0.463426 0.083854 0.032407
0 0.006771 0.587500 0.009375 0.023148
