0 0.261458 0.595833 0.028125 0.023148
0 0.819792 0.470370 0.027083 0.022222
0 0.820312 0.536111 0.027083 0.020370
0 0.783854 0.500000 0.027083 0.022222
0 0.732292 0.533333 0.026042 0.018519
0 0.226823 0.633796 0.028646 0.025000
0 0.173698 0.596759 0.025521 0.021296
0 0.865625 0.469444 0.028125 0.022222
0 0.852865 0.437037 0.026562 0.018519
0 0.267708 0.631481 0.027083 0.020370
0 0.864844 0.505093 0.027604 0.021296
0 0.132812 0.589352 0.023958 0.019444
0 0.738542 0.424537 0.026042 0.021296
0 0.906250 0.507407 0.023958 0.018519
0 0.739062 0.462500 0.029167 0.021296
0 0.211198 0.593519 0.026562 0.022222
0 0.777083 0.428704 0.022917 0.020370
0 0.773177 0.535185 0.026562 0.016667
0 0.823177 0.503704 0.028646 0.024074
0 0.775521 0.465741 0.027083 0.022222
0 0.737500 0.499537 0.028125 0.019444
0 0.578906 0.585185 0.029687 0.038889
0 0.944531 0.471296 0.026562 0.018519
0 0.948177 0.506019 0.026562 0.021296
0 0.908594 0.470370 0.027604 0.022222
0 0.862500 0.539815 0.030208 0.024074
0 0.487240 0.440278 0.021354 0.060185
0 0.816927 0.431944 0.025521 0.019444
0 0.265365 0.666667 0.023438 0.018519
0 0.985156 0.473148 0.027604 0.018519
0 0.083073 0.588889 0.027604 0.024074
0 0.906250 0.542593 0.026042 0.020370
0 0.265885 0.562963 0.023438 0.020370
0 0.175000 0.627778 0.027083 0.022222
0 0.040625 0.587037 0.027083 0.020370
0 0.949740 0.540278 0.024479 0.021296
0 0.232552 0.559722 0.024479 0.017593
0 0.989323 0.511111 0.020313 0.020370
0 0.740885 0.567593 0.026562 0.020370
0 0.119792 0.628241 0.023958 0.019444
0 0.775260 0.573611 0.024479 0.019444
0 0.986198 0.543519 0.024479 0.022222
0 0.194792 0.559722 0.026042 0.021296
0 0.048958 0.243981 0.012500 0.036111
0 0.002604 0.581944 0.005208 0.023148
0 0.058333 0.623611 0.028125 0.019444
0 0.817969 0.573148 0.025521 0.022222
0 0.223438 0.664352 0.027083 0.021296
0 0.013542 0.623611 0.023958 0.019444
0 0.857031 0.573148 0.028646 0.022222
0 0.182552 0.661111 0.026562 0.024074
0 0.267448 0.527315 0.025521 0.019444
0 0.906771 0.577778 0.032292 0.022222
0 0.143490 0.661111 0.026562 0.022222
0 0.224219 0.522685 0.026562 0.019444
0 0.945312 0.579630 0.026042 0.024074
0 0.490885 0.153704 0.011979 0.050000
0 0.101042 0.661574 0.027083 0.021296
0 0.153906 0.554630 0.026562 0.020370
0 0.978385 0.579630 0.023438 0.020370
0 0.058073 0.656019 0.027604 0.021296
0 0.494271 0.020370 0.010417 0.040741
0 0.182812 0.521296 0.028125 0.022222
0 0.116927 0.553704 0.026562 0.020370
0 0.433333 0.141667 0.011458 0.055556
0 0.139323 0.521296 0.024479 0.018519
0 0.012240 0.657407 0.024479 0.020370
0 0.523438 0.143519 0.010417 0.048148
0 0.451562 0.057870 0.011458 0.052778
0 0.607812 0.965741 0.035417 0.057407
0 0.980729 0.441667 0.033333 0.016667
0 0.509896 0.742130 0.013542 0.028704
0 0.086458 0.521296 0.025000 0.018519
0 0.567187 0.360185 0.025000 0.027778
0 0.434115 0.062500 0.010937 0.050926
0 0.950000 0.732870 0.028125 0.023148
0 0.163021 0.425463 0.028125 0.021296
0 0.401823 0.868519 0.014063 0.044444
0 0.470833 0.300000 0.011458 0.046296
0 0.074740 0.552315 0.026562 0.019444
0 0.615625 0.367130 0.029167 0.025000
0 0.124479 0.368981 0.027083 0.021296
0 0.193229 0.377315 0.028125 0.021296
0 0.330990 0.504167 0.026562 0.045370
0 0.037240 0.518981 0.029687 0.021296
0 0.589844 0.757407 0.018229 0.033333
0 0.419271 0.701852 0.021875 0.059259
0 0.506771 0.993519 0.022917 0.012963
0 0.452344 0.847685 0.011979 0.049074
0 0.568750 0.268056 0.009375 0.037963
0 0.469792 0.035648 0.013542 0.049074
0 0.901823 0.435185 0.047396 0.027778
0 0.003125 0.511574 0.006250 0.023148
0 0.448958 0.125926 0.011458 0.057407
