0 0.751823 0.533796 0.027604 0.021296
0 0.916146 0.460648 0.028125 0.021296
0 0.875000 0.462963 0.031250 0.022222
0 0.190104 0.586111 0.026042 0.020370
0 0.353646 0.375000 0.025000 0.040741
0 0.051302 0.656481 0.027604 0.022222
0 0.832812 0.464352 0.028125 0.023148
0 0.095573 0.622222 0.028646 0.024074
0 0.139063 0.657407 0.029167 0.022222
0 0.232552 0.690741 0.025521 0.020370
0 0.147917 0.582407 0.025000 0.018519
0 0.711458 0.628704 0.023958 0.024074
0 0.748958 0.496296 0.027083 0.020370
0 0.793229 0.499074 0.025000 0.022222
0 0.061979 0.587500 0.030208 0.023148
0 0.107552 0.585185 0.026562 0.020370
0 0.262500 0.622685 0.023958 0.023148
0 0.747396 0.461111 0.027083 0.022222
0 0.231510 0.587037 0.029687 0.020370
0 0.790104 0.463889 0.023958 0.020370
0 0.912240 0.567593 0.027604 0.022222
0 0.222656 0.657407 0.028646 0.022222
0 0.095833 0.658796 0.027083 0.021296
0 0.190365 0.692130 0.025521 0.023148
0 0.871354 0.568519 0.026042 0.022222
0 0.276042 0.587963 0.028125 0.022222
0 0.988281 0.661111 0.023438 0.024074
0 0.842448 0.530093 0.025521 0.019444
0 0.927604 0.426852 0.028125 0.024074
0 0.801042 0.532407 0.028125 0.022222
0 0.511198 0.368981 0.022396 0.056481
0 0.134375 0.622685 0.027083 0.023148
0 0.608854 0.671759 0.030208 0.030556
0 0.746615 0.567130 0.026562 0.021296
0 0.269531 0.690278 0.028646 0.019444
0 0.988021 0.569907 0.021875 0.017593
0 0.782813 0.568981 0.026042 0.021296
0 0.976302 0.494907 0.026562 0.023148
0 0.227865 0.549074 0.027604 0.020370
0 0.263542 0.657870 0.032292 0.023148
0 0.177865 0.621759 0.028646 0.023148
0 0.055469 0.693981 0.028646 0.023148
0 0.883073 0.530093 0.027604 0.021296
0 0.271354 0.554167 0.028125 0.023148
0 0.959115 0.460185 0.032813 0.024074
0 0.183333 0.656481 0.027083 0.020370
0 0.879427 0.497222 0.028646 0.022222
0 0.041406 0.623148 0.027604 0.022222
0 0.920312 0.495833 0.027083 0.021296
0 0.640365 0.589815 0.031771 0.033333
0 0.216927 0.621296 0.028646 0.022222
0 0.194010 0.238889 0.010937 0.051852
0 0.455990 0.161574 0.011979 0.041667
0 0.825781 0.570833 0.024479 0.019444
0 0.954948 0.568056 0.028646 0.021296
0 0.046354 0.128704 0.011458 0.051852
0 0.555469 0.479630 0.023438 0.046296
0 0.437240 0.155093 0.014063 0.054630
0 0.050781 0.278241 0.014063 0.039815
0 0.116146 0.273611 0.012500 0.049074
0 0.182292 0.551389 0.025000 0.021296
0 0.827083 0.495833 0.023958 0.019444
0 0.014063 0.694907 0.025000 0.021296
1 0.115104 0.699537 0.091667 0.039815
2 0.974219 0.422685 0.051562 0.034259
0 0.454948 0.102778 0.010937 0.050000
0 0.005729 0.277315 0.011458 0.050926
2 0.772656 0.424537 0.091146 0.036111
0 0.473958 0.150000 0.013542 0.057407
0 0.437760 0.087963 0.010937 0.048148
2 0.864323 0.421759 0.090104 0.034259
0 0.006510 0.657870 0.013021 0.023148
0 0.317448 0.518981 0.024479 0.037963
0 0.886458 0.710648 0.029167 0.023148
0 0.003646 0.622685 0.007292 0.023148
2 0.948958 0.533796 0.083333 0.034259
0 0.758333 0.709259 0.025000 0.020370
0 0.010156 0.406481 0.020313 0.020370
0 0.160938 0.470370 0.027083 0.024074
0 0.349740 0.740741 0.029687 0.027778
0 0.744271 0.790741 0.016667 0.031481
0 0.014323 0.148148 0.010937 0.044444
0 0.463281 0.750926 0.018229 0.057407
0 0.210156 0.727315 0.028646 0.023148
0 0.474219 0.922222 0.013021 0.051852
0 0.504167 0.930556 0.017708 0.066667
