0 0.111458 0.263889 0.012500 0.051852
0 0.010417 0.137037 0.013542 0.037037
0 0.057292 0.116204 0.016667 0.056481
0 0.450000 0.944444 0.014583 0.055556
0 0.464583 0.813889 0.020833 0.057407
0 0.447917 0.064352 0.011458 0.054630
0 0.430208 0.159259 0.010417 0.046296
0 0.447656 0.161111 0.011979 0.055556
0 0.428906 0.074537 0.013021 0.063889
0 0.466146 0.124074 0.011458 0.051852
0 0.464583 0.053704 0.012500 0.040741
0 0.044010 0.120370 0.013021 0.048148
0 0.476823 0.311574 0.018229 0.049074
0 0.046354 0.265278 0.012500 0.039815
0 0.455208 0.753704 0.019792 0.040741
0 0.488542 0.139815 0.012500 0.051852
0 0.722917 0.429167 0.028125 0.021296
0 0.764323 0.433796 0.026562 0.023148
0 0.262240 0.646296 0.026562 0.020370
0 0.873177 0.468981 0.026562 0.021296
0 0.735677 0.464815 0.026562 0.022222
0 0.731771 0.531019 0.025000 0.021296
0 0.779948 0.465741 0.025521 0.020370
0 0.801823 0.432407 0.023438 0.020370
0 0.810677 0.536111 0.026562 0.020370
0 0.838802 0.431944 0.025521 0.019444
0 0.770312 0.533333 0.027083 0.020370
0 0.741406 0.498611 0.026562 0.019444
0 0.830208 0.467130 0.026042 0.019444
0 0.779167 0.500463 0.026042 0.019444
0 0.253906 0.610185 0.025521 0.020370
0 0.851302 0.536574 0.026562 0.021296
0 0.819010 0.500926 0.026562 0.020370
0 0.213021 0.611111 0.027083 0.020370
0 0.259375 0.681944 0.027083 0.019444
0 0.892708 0.536111 0.027083 0.018519
0 0.217969 0.644907 0.027604 0.019444
0 0.913802 0.471296 0.024479 0.018519
0 0.167187 0.612963 0.027083 0.020370
0 0.176823 0.643056 0.025521 0.019444
0 0.115625 0.608333 0.027083 0.018519
0 0.864583 0.501852 0.029167 0.022222
0 0.207813 0.679630 0.029167 0.022222
0 0.951823 0.468519 0.026562 0.018519
0 0.959635 0.438426 0.028646 0.019444
0 0.448437 0.007407 0.012500 0.014815
0 0.129427 0.647685 0.029687 0.023148
0 0.326823 0.406944 0.026562 0.026852
0 0.996615 0.469907 0.006771 0.019444
0 0.492708 0.742593 0.022917 0.038889
0 0.932031 0.535185 0.027604 0.020370
0 0.902344 0.502315 0.023438 0.019444
0 0.070312 0.611574 0.027083 0.019444
0 0.083073 0.642130 0.026562 0.017593
0 0.970833 0.537963 0.028125 0.020370
0 0.126823 0.685648 0.071354 0.026852
0 0.036719 0.643056 0.029687 0.019444
0 0.257292 0.541204 0.025000 0.023148
0 0.939583 0.502778 0.026042 0.020370
0 0.520833 0.759722 0.016667 0.023148
0 0.409115 0.868519 0.015104 0.048148
0 0.188802 0.231944 0.011979 0.054630
0 0.027604 0.607407 0.025000 0.018519
0 0.577865 0.369907 0.029687 0.030556
0 0.981510 0.504167 0.026562 0.019444
0 0.006510 0.640278 0.013021 0.021296
0 0.635677 0.390741 0.024479 0.022222
0 0.100521 0.437500 0.026042 0.039815
0 0.785677 0.573148 0.024479 0.018519
0 0.741146 0.571759 0.027083 0.019444
0 0.124479 0.505093 0.029167 0.047222
0 0.257812 0.576389 0.023958 0.019444
0 0.748698 0.394444 0.029687 0.022222
0 0.070312 0.682407 0.022917 0.022222
0 0.069271 0.539815 0.032292 0.022222
0 0.824219 0.394444 0.029687 0.020370
0 0.889583 0.431944 0.050000 0.025000
0 0.020313 0.535648 0.022917 0.017593
0 0.991927 0.601389 0.015104 0.041667
0 0.131771 0.195370 0.013542 0.040741
0 0.411719 0.024074 0.014063 0.046296
