0 0.195052 0.333796 0.028646 0.025000
0 0.260156 0.528704 0.026562 0.018519
0 0.217969 0.531019 0.028646 0.023148
0 0.478906 0.562963 0.026562 0.022222
0 0.259635 0.569444 0.027604 0.022222
0 0.511719 0.556019 0.024479 0.026852
0 0.556510 0.554167 0.025521 0.023148
0 0.181250 0.534259 0.027083 0.018519
0 0.589063 0.557407 0.022917 0.020370
0 0.144792 0.536111 0.026042 0.020370
0 0.625000 0.560648 0.027083 0.019444
0 0.662240 0.560648 0.025521 0.021296
0 0.701562 0.559722 0.023958 0.019444
0 0.101562 0.533796 0.027083 0.017593
0 0.737760 0.558796 0.023438 0.021296
0 0.059115 0.532870 0.026562 0.019444
0 0.444271 0.050000 0.011458 0.044444
0 0.443750 0.134259 0.012500 0.044444
0 0.169010 0.567593 0.030729 0.022222
0 0.211458 0.570370 0.026042 0.020370
0 0.427604 0.049537 0.010417 0.054630
0 0.010677 0.531481 0.018229 0.020370
0 0.426042 0.130093 0.012500 0.054630
0 0.122917 0.568981 0.028125 0.021296
0 0.462500 0.129630 0.013542 0.051852
0 0.463802 0.063889 0.013021 0.055556
0 0.079687 0.566667 0.027083 0.020370
0 0.610156 0.963889 0.031771 0.062963
0 0.034375 0.566204 0.031250 0.023148
0 0.016406 0.453704 0.028646 0.022222
0 0.409115 0.125926 0.010937 0.050000
0 0.185677 0.410648 0.025521 0.021296
0 0.775000 0.561111 0.025000 0.020370
0 0.113281 0.478704 0.026562 0.018519
0 0.209896 0.448148 0.026042 0.020370
0 0.003906 0.567593 0.007812 0.024074
0 0.268490 0.407870 0.029687 0.021296
0 0.046875 0.398148 0.030208 0.022222
0 0.292448 0.446296 0.026562 0.022222
0 0.811198 0.562037 0.023438 0.022222
0 0.346615 0.411111 0.026562 0.022222
0 0.672396 0.377778 0.029167 0.024074
0 0.373958 0.450463 0.028125 0.023148
0 0.408333 0.412037 0.025000 0.020370
0 0.175000 0.486574 0.028125 0.021296
0 0.509375 0.397222 0.086458 0.038889
0 0.253906 0.482407 0.027604 0.022222
0 0.451823 0.451852 0.025521 0.024074
0 0.612760 0.343981 0.027604 0.032407
0 0.328385 0.491667 0.028646 0.022222
0 0.510677 0.450000 0.024479 0.022222
0 0.582812 0.452778 0.026042 0.024074
0 0.861458 0.381944 0.031250 0.023148
0 0.535937 0.495833 0.023958 0.021296
0 0.984635 0.581944 0.030729 0.037963
0 0.763021 0.489815 0.026042 0.024074
0 0.785417 0.381944 0.028125 0.023148
0 0.660937 0.620370 0.027083 0.022222
0 0.441667 0.644907 0.027083 0.021296
0 0.253125 0.707870 0.025000 0.021296
0 0.323437 0.642593 0.027083 0.022222
0 0.108854 0.446296 0.027083 0.020370
0 0.145052 0.712037 0.024479 0.020370
0 0.837240 0.456481 0.026562 0.020370
0 0.895573 0.489815 0.028646 0.024074
0 0.937760 0.419444 0.071354 0.037037
0 0.976823 0.491204 0.020313 0.019444
0 0.986458 0.456944 0.013542 0.021296
0 0.822656 0.418519 0.079687 0.029630
