0 0.460677 0.127315 0.011979 0.049074
0 0.460156 0.060185 0.009896 0.055556
0 0.724740 0.484259 0.024479 0.020370
0 0.727604 0.448148 0.025000 0.022222
0 0.766146 0.484722 0.027083 0.021296
0 0.804688 0.481481 0.026042 0.020370
0 0.766146 0.450463 0.026042 0.019444
0 0.726302 0.515278 0.024479 0.019444
0 0.813802 0.450926 0.029687 0.022222
0 0.919010 0.415741 0.029687 0.020370
0 0.867448 0.447685 0.032813 0.023148
0 0.856510 0.482407 0.026562 0.022222
0 0.966667 0.414352 0.029167 0.023148
0 0.938802 0.482407 0.024479 0.022222
0 0.909375 0.451389 0.029167 0.021296
0 0.900260 0.481944 0.029687 0.021296
0 0.766406 0.521759 0.026562 0.023148
0 0.942187 0.450926 0.026042 0.020370
0 0.982031 0.450000 0.024479 0.020370
0 0.238021 0.638426 0.023958 0.023148
0 0.248698 0.529167 0.024479 0.021296
0 0.807292 0.517130 0.027083 0.021296
0 0.859375 0.517593 0.027083 0.020370
0 0.727865 0.556481 0.025521 0.018519
0 0.770573 0.557870 0.027604 0.021296
0 0.903125 0.518056 0.028125 0.021296
0 0.415104 0.944444 0.012500 0.053704
0 0.811979 0.556019 0.027083 0.021296
0 0.422396 0.033796 0.012500 0.047222
0 0.848958 0.556481 0.027083 0.020370
0 0.192969 0.637500 0.025521 0.021296
0 0.996875 0.412037 0.006250 0.020370
0 0.950260 0.517593 0.027604 0.022222
0 0.419010 0.782870 0.015104 0.056481
0 0.509375 0.737037 0.015625 0.027778
0 0.209375 0.526852 0.028125 0.022222
0 0.259635 0.603241 0.026562 0.025000
0 0.149479 0.639815 0.025000 0.024074
0 0.330208 0.711574 0.027083 0.023148
0 0.256250 0.669907 0.027083 0.019444
0 0.223958 0.605556 0.025000 0.024074
0 0.444271 0.593056 0.011458 0.041667
0 0.520052 0.224074 0.020313 0.051852
0 0.280208 0.706019 0.025000 0.021296
0 0.219271 0.671759 0.026042 0.021296
0 0.099479 0.637963 0.029167 0.020370
0 0.414844 0.475463 0.013021 0.056481
0 0.440365 0.230556 0.011979 0.051852
0 0.180729 0.602778 0.027083 0.022222
0 0.169010 0.533796 0.028646 0.021296
0 0.545573 0.307870 0.028646 0.045370
0 0.125000 0.602778 0.028125 0.024074
0 0.215625 0.706944 0.027083 0.021296
0 0.894271 0.555093 0.028125 0.023148
0 0.610156 0.359722 0.024479 0.023148
0 0.171615 0.705093 0.027604 0.021296
0 0.173437 0.673148 0.028125 0.020370
0 0.441927 0.074537 0.010937 0.056481
0 0.129948 0.674074 0.026562 0.022222
0 0.053906 0.636574 0.027604 0.019444
0 0.077865 0.603704 0.029687 0.024074
0 0.670573 0.376852 0.026562 0.024074
0 0.483594 0.035648 0.013021 0.045370
0 0.792448 0.714352 0.026562 0.019444
0 0.089844 0.418519 0.022396 0.033333
0 0.263802 0.436111 0.024479 0.024074
0 0.496875 0.125463 0.011458 0.049074
0 0.416927 0.675926 0.013021 0.051852
0 0.677604 0.743056 0.021875 0.025000
0 0.490104 0.480093 0.011458 0.056481
0 0.932552 0.553704 0.027604 0.022222
0 0.012500 0.637037 0.023958 0.018519
0 0.041146 0.603241 0.023958 0.021296
0 0.090104 0.668981 0.028125 0.021296
0 0.440365 0.473611 0.008854 0.039815
0 0.108333 0.501852 0.030208 0.040741
0 0.507031 0.555556 0.013021 0.057407
0 0.487760 0.646296 0.011979 0.057407
0 0.969010 0.556019 0.027604 0.019444
0 0.485938 0.838426 0.013542 0.054630
0 0.101302 0.710648 0.025521 0.021296
0 0.564323 0.836111 0.023438 0.046296
0 0.419792 0.250463 0.011458 0.049074
0 0.043490 0.670833 0.026562 0.021296
0 0.205990 0.568056 0.031771 0.023148
0 0.526563 0.904167 0.018750 0.054630
0 0.054167 0.531944 0.027083 0.017593
0 0.936458 0.372685 0.029167 0.021296
0 0.981510 0.484722 0.033854 0.019444
