0 0.180729 0.239352 0.013542 0.052778
0 0.102604 0.274074 0.015625 0.059259
0 0.883333 0.492593 0.028125 0.025926
0 0.090885 0.698148 0.028646 0.024074
0 0.734635 0.529167 0.025521 0.025000
0 0.072656 0.625000 0.028646 0.020370
0 0.743229 0.458333 0.029167 0.029630
0 0.726823 0.426389 0.028646 0.025000
0 0.788802 0.457407 0.034896 0.029630
0 0.768490 0.423611 0.028646 0.028704
0 0.734375 0.495370 0.029167 0.027778
0 0.789844 0.497222 0.031771 0.027778
0 0.832292 0.456944 0.030208 0.028704
0 0.836979 0.495370 0.039583 0.031481
0 0.814583 0.423611 0.029167 0.026852
0 0.003385 0.148611 0.006771 0.039815
0 0.873958 0.457870 0.028125 0.028704
0 0.259896 0.692593 0.025000 0.020370
0 0.919010 0.457870 0.035937 0.028704
0 0.870573 0.423611 0.027604 0.023148
0 0.209635 0.625463 0.027604 0.023148
0 0.219792 0.694444 0.028125 0.022222
0 0.252604 0.621296 0.026042 0.020370
0 0.254948 0.657407 0.027604 0.022222
0 0.168229 0.625926 0.028125 0.022222
0 0.211979 0.657870 0.026042 0.021296
0 0.977083 0.454167 0.033333 0.026852
0 0.773958 0.529630 0.033333 0.029630
0 0.906771 0.423148 0.023958 0.025926
0 0.926562 0.495833 0.031250 0.026852
0 0.169531 0.658796 0.035937 0.023148
0 0.183594 0.692593 0.024479 0.020370
0 0.950521 0.423148 0.030208 0.027778
0 0.124740 0.623611 0.026562 0.023148
0 0.126042 0.661111 0.027083 0.022222
0 0.138021 0.695370 0.028125 0.022222
0 0.026823 0.663426 0.025521 0.019444
0 0.070312 0.660185 0.028125 0.022222
0 0.814583 0.529630 0.030208 0.029630
0 0.976302 0.493981 0.027604 0.023148
0 0.847656 0.527778 0.028646 0.022222
0 0.734635 0.565741 0.030729 0.024074
0 0.261198 0.547685 0.024479 0.021296
0 0.029427 0.622685 0.025521 0.021296
0 0.251563 0.586111 0.025000 0.024074
0 0.781250 0.567593 0.031250 0.027778
0 0.036719 0.697685 0.031771 0.023148
0 0.893750 0.525000 0.029167 0.022222
0 0.001563 0.626389 0.003125 0.017593
0 0.220052 0.550926 0.027604 0.020370
0 0.932292 0.528704 0.030208 0.025926
0 0.210938 0.585648 0.025000 0.021296
0 0.003906 0.693519 0.007812 0.018519
0 0.170313 0.586111 0.027083 0.022222
0 0.976562 0.527315 0.031250 0.025000
0 0.827344 0.568981 0.029687 0.028704
0 0.127344 0.589815 0.027604 0.022222
0 0.869271 0.565741 0.032292 0.027778
0 0.087240 0.589815 0.026562 0.020370
0 0.905208 0.565741 0.032292 0.025926
0 0.175000 0.553241 0.025000 0.019444
0 0.040885 0.592593 0.027604 0.024074
0 0.942969 0.566204 0.030729 0.025000
0 0.130469 0.551852 0.028646 0.020370
0 0.976562 0.566204 0.027083 0.023148
0 0.007031 0.592130 0.014063 0.021296
0 0.426823 0.138889 0.018229 0.061111
0 0.079167 0.552778 0.029167 0.022222
0 0.037760 0.556481 0.026562 0.022222
0 0.442448 0.138426 0.013021 0.056481
0 0.426042 0.053241 0.013542 0.054630
0 0.442448 0.067593 0.010937 0.048148
0 0.005990 0.556019 0.011979 0.023148
0 0.956510 0.750926 0.027604 0.022222
0 0.699479 0.623148 0.034375 0.027778
0 0.011719 0.426389 0.023438 0.021296
0 0.133073 0.437037 0.026562 0.022222
0 0.413021 0.918981 0.014583 0.054630
0 0.809375 0.660648 0.031250 0.026852
0 0.095573 0.495370 0.026562 0.022222
0 0.198698 0.468519 0.026562 0.024074
0 0.379427 0.328704 0.023438 0.050000
0 0.332813 0.544907 0.026042 0.045370
0 0.609896 0.550926 0.027083 0.042593
0 0.294271 0.725000 0.023958 0.018519
0 0.987760 0.422222 0.024479 0.024074
0 0.399740 0.667130 0.022396 0.045370
0 0.509635 0.376389 0.024479 0.058333
0 0.721094 0.351852 0.021354 0.018519
0 0.448698 0.777315 0.013021 0.050926
0 0.105729 0.737037 0.027083 0.024074
0 0.462500 0.162037 0.017708 0.059259
0 0.406250 0.216204 0.009375 0.049074
2 0.867188 0.386574 0.087500 0.032407
