0 0.183073 0.241667 0.011979 0.051852
0 0.105729 0.274074 0.015625 0.055556
0 0.006250 0.147685 0.011458 0.039815
0 0.733333 0.571296 0.027083 0.022222
0 0.566406 0.617593 0.029687 0.029630
0 0.035156 0.129630 0.010937 0.046296
0 0.735938 0.462037 0.025000 0.024074
0 0.733333 0.431019 0.027083 0.023148
0 0.783073 0.425463 0.027604 0.023148
0 0.772396 0.463426 0.026042 0.025000
0 0.821615 0.428241 0.028646 0.023148
0 0.810677 0.462963 0.026562 0.024074
0 0.850260 0.462963 0.029687 0.025926
0 0.735156 0.497222 0.025521 0.022222
0 0.865885 0.426389 0.028646 0.023148
0 0.040625 0.277315 0.013542 0.041667
0 0.778125 0.498611 0.025000 0.023148
0 0.915885 0.430093 0.029687 0.023148
0 0.895312 0.465278 0.027083 0.023148
0 0.730990 0.532407 0.027604 0.022222
0 0.261458 0.655556 0.026042 0.018519
0 0.933594 0.462963 0.027604 0.024074
0 0.952865 0.432407 0.026562 0.022222
0 0.258073 0.618981 0.028646 0.021296
0 0.220573 0.653704 0.027604 0.020370
0 0.273177 0.687037 0.026562 0.020370
0 0.207031 0.618981 0.028646 0.023148
0 0.240365 0.687500 0.024479 0.019444
0 0.978385 0.462500 0.030729 0.025000
0 0.820312 0.498611 0.029167 0.025000
0 0.778906 0.532870 0.026562 0.023148
0 0.118750 0.653704 0.026042 0.022222
0 0.166406 0.656019 0.027604 0.021296
0 0.117188 0.618981 0.029167 0.023148
0 0.156771 0.619444 0.028125 0.022222
0 0.195573 0.693981 0.027604 0.023148
0 0.079948 0.618519 0.027604 0.020370
0 0.988021 0.431019 0.022917 0.021296
0 0.861979 0.498611 0.033333 0.023148
0 0.082552 0.653241 0.028646 0.023148
0 0.150260 0.689352 0.027604 0.023148
0 0.905208 0.498611 0.030208 0.026852
0 0.044531 0.619444 0.024479 0.022222
0 0.108333 0.690278 0.028125 0.023148
0 0.036198 0.655556 0.030729 0.024074
0 0.822135 0.533333 0.028646 0.022222
0 0.951823 0.498611 0.029687 0.025000
0 0.769271 0.570370 0.026042 0.022222
0 0.069010 0.689352 0.025521 0.019444
0 0.002083 0.653241 0.004167 0.021296
0 0.985938 0.500000 0.028125 0.024074
0 0.027865 0.689352 0.024479 0.021296
0 0.258333 0.585648 0.029167 0.021296
0 0.808854 0.568981 0.030208 0.026852
0 0.210156 0.582870 0.025521 0.021296
0 0.848958 0.568056 0.027083 0.021296
0 0.238281 0.548611 0.026562 0.021296
0 0.871615 0.534259 0.031771 0.024074
0 0.891667 0.573148 0.030208 0.024074
0 0.930208 0.570370 0.029167 0.025926
0 0.481771 0.441667 0.021875 0.055556
0 0.013281 0.619444 0.024479 0.020370
0 0.163802 0.583796 0.026562 0.023148
0 0.511198 0.545370 0.024479 0.042593
0 0.917708 0.536111 0.030208 0.024074
0 0.199479 0.549537 0.025000 0.019444
0 0.971094 0.531481 0.028646 0.024074
0 0.468750 0.329167 0.016667 0.058333
0 0.996875 0.531944 0.006250 0.021296
0 0.461719 0.016204 0.014063 0.032407
0 0.461719 0.188426 0.014063 0.058333
0 0.009375 0.264815 0.015625 0.050000
0 0.461198 0.098148 0.010937 0.051852
0 0.442969 0.067593 0.014063 0.055556
0 0.195052 0.313426 0.030729 0.037963
0 0.969531 0.572222 0.025521 0.022222
0 0.426302 0.153241 0.009896 0.049074
0 0.441927 0.145833 0.014063 0.054630
0 0.423958 0.080093 0.012500 0.054630
0 0.126562 0.205093 0.014583 0.043519
0 0.510938 0.123148 0.011458 0.050000
0 0.050521 0.125926 0.017708 0.053704
0 0.001563 0.690278 0.003125 0.021296
0 0.938802 0.720370 0.027604 0.024074
0 0.500260 0.013426 0.006771 0.026852
0 0.538021 0.309722 0.029167 0.049074
0 0.345573 0.532407 0.025521 0.040741
0 0.747396 0.723611 0.026042 0.023148
0 0.614323 0.389352 0.029687 0.025000
0 0.305208 0.719444 0.027083 0.018519
0 0.426302 0.014352 0.014063 0.028704
0 0.160677 0.551389 0.026562 0.023148
0 0.241406 0.723148 0.026562 0.018519
0 0.421615 0.651389 0.021354 0.058333
0 0.461719 0.889352 0.014063 0.054630
0 0.440104 0.764815 0.018750 0.061111
0 0.102604 0.536111 0.027083 0.025926
